3.311976916296818230e-01 5.362476425798575752e-01 3.942118107610650402e-01 4.597565510364647334e-01 2.425084473220920356e-01 2.498678490611289937e-01 3.300654538267320248e-01 1.203300237296568375e+05 1.060380822379737947e+05 7.689111408527495223e+04 5.909414690497884294e+04 2.862191698021306352e-01
3.110694742197991913e-01 9.557717635485916963e-02 2.632612184316796000e-01 5.562356446511275143e-01 3.547287700735592825e-02 1.806583038176163281e-01 2.962907812730902202e-01 1.557692945050192939e+05 1.206117618836017937e+05 8.469360101520677563e+04 5.301663406475759257e+04 1.716649635285029396e-01
3.965820439253190943e-01 5.641207872176928761e-01 3.897583450713084097e-01 4.064740509476124086e-01 2.267179331812463894e-01 2.782543251167643450e-01 2.652714859419552096e-01 1.433276847760074306e+05 9.841564000040364044e+04 7.995836234160749882e+04 5.459170746704430348e+04 2.558399701963512962e-01
-6.458134472964274786e-02 1.780911371884296920e-02 1.356153155654006015e-01 2.691880474155616820e-01 4.328258345331001955e-01 2.575551609724626712e-01 1.635438899884378849e-01 2.619479364167830208e+05 2.557866344839442754e+05 6.657632559521181975e+04 1.131309310415605578e+05 1.682284607844294622e-01
2.973488926044274283e-01 4.649374548168353494e-01 2.194956001823287206e-01 4.397699832461996472e-01 2.149781848515812388e-01 2.643382138794517777e-01 3.008787397735151470e-01 1.198724683149867924e+05 1.040143662187024747e+05 7.576167929089724203e+04 6.617323533469138783e+04 3.587218763272915778e-01
2.732735054813925646e-01 5.969556165727412100e-01 5.864510520163098706e-01 2.175546063566964894e-01 2.230196387057600538e-01 2.000326739072009752e-01 2.536472073530511850e-01 9.985810248921300808e+04 8.907872023128367437e+04 7.334537850078244810e+04 3.588523008344637492e+04 1.979919693289275417e-01
3.744920129008842968e-01 5.218460604181447415e-01 4.675168736638227740e-01 3.867427706177544722e-01 2.162977944372535544e-01 2.915771403537934514e-01 3.832250391789712163e-01 1.229541775228914194e+05 8.847837807961298677e+04 7.713945262200158322e+04 8.446875916387274629e+04 2.383873860051896054e-01
4.633551181687985965e-01 5.262059747718805802e-01 -1.412380840297688955e-01 7.026909192507652113e-01 8.917170664716611919e-03 3.649526609148738276e-01 3.266072557059840897e-01 1.230193905992019572e+05 7.548818045862524014e+04 1.013862102594809403e+05 5.844251502822095790e+04 4.230557077609382599e-01
-6.884930329693285389e-02 -1.767881295780907580e-01 5.172483805856351591e-01 4.143003392091115789e-01 6.423641215612471145e-01 6.753243024338140277e-01 3.820394039482674642e-01 2.601750806156273175e+05 2.502591789951872197e+05 6.850798464443755802e+04 2.616808647197323153e+05 -1.060866825591695178e-01
6.073032364724231247e-01 5.851918421885057287e-01 5.925741247626215014e-01 5.478515784161210878e-01 3.751144557820018099e-01 4.372159560519313648e-01 6.535018687638808332e-01 1.631858098146511184e+05 9.307581073450781696e+04 1.163441323345854471e+05 1.919841801263068628e+05 5.282436555703141634e-01
-2.054946498922201326e-01 5.649927745086764652e-01 -2.695372886004968049e-02 6.494720474100149632e-01 1.875305159391273679e-01 -1.995103350398502451e-01 -2.253182213025303193e-01 1.284712370097194216e+05 1.230820418318633165e+05 6.832617812793752819e+04 3.902953182483854471e+04 -2.308777762984399184e-01
8.579208605934257603e-01 5.300968574510285247e-01 5.899553118421502207e-01 6.299056399874688461e-01 2.000495540253181548e-01 4.008922311708914554e-01 6.207414677580438411e-01 1.241827184057316190e+05 9.756126176682442019e+04 8.457641258662546170e+04 1.300802661007498245e+05 3.589106074752123066e-01
3.858040064557370918e-01 6.259537884271629826e-01 2.312151563411873334e-01 6.717152040061948881e-01 3.098120317840181159e-01 3.030514461138739679e-01 3.627398600513528359e-01 2.530054785982037429e+05 2.016216278012941475e+05 8.457908366257690068e+04 8.771795601848977094e+04 2.881354778396837957e-01
3.237728243877818768e-01 4.872250207484200568e-01 4.106320542926045758e-01 4.637592174423936231e-01 2.218148463479540089e-01 3.965230664053682186e-01 3.313673893212898958e-01 1.577768557233550528e+05 1.362337125229175435e+05 7.163916204817558173e+04 3.351336909827464115e+04 3.203159014057979648e-01
2.577202284070601590e-01 6.205898561076763631e-01 4.113767883397609904e-01 4.354927781315433566e-01 2.367029383266619214e-01 2.836713151920012832e-01 4.202688220876825143e-01 4.191793492555804551e+04 1.054579112676771038e+05 7.905742084600699309e+04 6.131210949348306895e+04 3.139635346655192949e-01
-2.104281105232417293e-01 4.156291121276132761e-01 8.004217798098811620e-01 4.388495514034269074e-01 2.128314618124994007e-01 -1.998943060935506888e-01 -2.338161102464368091e-01 2.570423373914632830e+05 6.355092826166864688e+04 2.381443245442154584e+05 1.870214261470419615e+03 3.329912245050933861e-01
4.366500838912134586e-01 5.272154713059151732e-01 3.762345170182541110e-01 5.007598047988266465e-01 3.754276993470349044e-01 6.587005940157705242e-01 4.302709312554087173e-01 1.022740978280609852e+05 8.374340779189928435e+04 8.060147133627094445e+04 1.254595307892124401e+05 4.391906104237584541e-01
3.642865747303797308e-01 6.774036265934910706e-01 4.052087519982077168e-01 7.012128949850258142e-01 3.245975658617230586e-01 3.113121992692074458e-01 3.582710220441709947e-01 2.022608651487091556e+05 1.323868353099866072e+05 1.029410298038798210e+05 8.176165417456701107e+04 3.843669845661106810e-01
2.827681315110505689e-01 6.101867754705332381e-01 1.796821411336558816e-01 4.314139543640607144e-01 2.215686315016887342e-01 2.194521171224535772e-01 2.876093807546302172e-01 1.534424205331958947e+05 1.359688217354083317e+05 7.415780425717288745e+04 4.040233885341043788e+04 2.127452832085522383e-01
2.512796974579344922e-01 5.891930299387103664e-01 2.665079617820670377e-01 4.633862782874341169e-01 2.260759274618771297e-01 3.345598135997329137e-01 2.974481552211516444e-01 1.433225830968147493e+05 1.226319915024105430e+05 8.025795212964106759e+04 2.516904071457283135e+04 2.745591052093828699e-01
3.790300445564540044e-01 6.663851674611109832e-01 6.608964502389111928e-01 4.599804042679584426e-01 2.954159835900336817e-01 2.863865943605158892e-01 3.557378962626013830e-01 1.889091795504311449e+05 1.223467037731136224e+05 1.032626378444869624e+05 8.247412957748015469e+04 4.069183815874821142e-01
4.245118115178434515e-01 5.529737230121831715e-01 3.020024799391025083e-01 3.738467390576306060e-01 2.113681354189766992e-01 3.374737467542157088e-01 3.602245982148190029e-01 7.283484992025222164e+04 9.198506891258213727e+04 7.453692136700765695e+04 6.400059598547041242e+04 3.979671547785758046e-01
5.122083642039982898e-01 5.241653955844555179e-01 5.231750147266823747e-01 4.559414589746086932e-01 3.146848547588970146e-01 3.917076455190695583e-01 6.750378134122524409e-01 7.137985357713469421e+04 5.504717362008492637e+04 8.529179277602820366e+04 1.233123106927671033e+05 5.434555024759474273e-01
3.463047036998923023e-01 5.600880180400689135e-01 -1.478171616518126896e-01 6.032004026642713290e-01 2.437482541754038279e-01 4.255648466992735801e-01 4.227398582649783410e-01 2.512213594921606127e+05 2.299324506076179387e+05 7.162312959006466554e+04 4.854934741150034824e+04 4.467514593375693788e-01
4.367739371637327506e-01 4.868648226732175122e-01 4.037456371916672837e-01 5.230894483055817945e-01 2.295692641184263472e-01 2.074311290374415140e-01 2.759277132223197371e-01 1.275703300598944770e+05 1.399786487706285843e+05 8.256765404721857340e+04 6.859430236450029770e+04 3.676779318698354393e-01
3.391621850159506346e-01 5.419949890702413509e-01 3.305227857411828785e-01 4.527035988688369872e-01 1.982732096022009616e-01 2.137772649961411642e-01 3.880418473879263530e-01 8.123413055348959460e+04 1.252287753769811243e+05 7.057421124727134884e+04 6.018652857109408069e+04 2.629585199672176410e-01
2.932564662689218782e-01 8.527414736106248005e-02 2.911522828949913433e-01 7.080872711242005568e-01 -3.845264726990581944e-02 2.995665599320201378e-01 3.084436073952497859e-01 1.179249673555433546e+05 9.084297079006332206e+04 9.040868538781149255e+04 6.464119976454314019e+04 5.371029133166732583e-01
5.133986947855074812e-01 5.133529694590575065e-01 4.459176069548451693e-01 4.076502508177859418e-01 2.820029187531504777e-01 3.224366183641864669e-01 5.152707842040047392e-01 1.110191121056749253e+05 9.280711323311786691e+04 7.841320903220448236e+04 8.815075916750691249e+04 3.155153822541330033e-01
5.127274144622180341e-01 4.918480271781085489e-01 5.158347208330414935e-01 1.145395725856810931e-01 3.144823085047127043e-01 3.787912782754891960e-01 7.307114541144740238e-01 8.434869672587346577e+04 6.413413847447172157e+04 8.836701285064651165e+04 1.159919222199944052e+05 4.053320167804191354e-01
3.161171747881637573e-01 6.113019687581527223e-02 6.751848833443898634e-01 3.546256055141821517e-01 9.728155137133644159e-02 9.394754277440957313e-03 3.152402991187232550e-01 1.744662299372609705e+05 1.109530133433878800e+05 1.033256477558056067e+05 6.886907018538648845e+04 9.905943643999137738e-02
-1.911526360240401456e-01 5.374959426268357543e-01 6.273773740508639118e-01 -2.485317975028660253e-01 1.749995499357359929e-01 -1.846275216432352317e-01 -2.113602701563958852e-01 8.170437622049421770e+04 7.735390191140379466e+04 6.833205101205254323e+04 4.776271499817278527e+04 4.452825027370643785e-01
-1.134937494498076821e-01 1.788637162365287747e-02 4.547351127426094153e-01 3.077737912342147775e-01 4.729907822392763750e-01 5.985928500112666084e-01 2.288688069175092432e-01 9.416981588327520876e+04 1.130750929037077294e+05 5.404893138725669996e+04 2.599786337795354484e+05 -1.235174525624344044e-01
5.272111801691334865e-01 6.342170328707507077e-01 6.059748948092326115e-01 5.891000739660583463e-01 3.792877760608549531e-01 4.268773607972796702e-01 6.321740313549194523e-01 2.373588623264421476e+05 1.420309475335493917e+05 1.120477074357279344e+05 1.904134873036983190e+05 3.858553619250607580e-01
3.681942072229055785e-01 4.811393962279938430e-01 2.239508559919824171e-01 3.736372304620955154e-01 1.529551046527479197e-01 2.268820256752345776e-01 5.875892018157644614e-01 1.242603455368011782e+05 1.069310510973261553e+05 7.082579129286797252e+04 1.183419598960941948e+04 3.223059878646564735e-01
5.063490369334072705e-01 5.192816903958966668e-01 5.491683883218454465e-01 4.775327475901505747e-01 3.201380871116867310e-01 4.088464694514364339e-01 6.345867477832709547e-01 8.691158041821081133e+04 6.262537198925820121e+04 9.134182076779568160e+04 1.456578012103737565e+05 3.554880557838479560e-01
3.588316710354348960e-01 5.415317350976124322e-01 3.447274051853403964e-01 4.967871170888578103e-01 2.551730860650922028e-01 2.967479861981818234e-01 3.358189818605445964e-01 1.034424984467760078e+05 1.085516362401027436e+05 7.620994916632224340e+04 3.930906420749209065e+04 2.419665065988208241e-01
4.677890589250446318e-01 5.668093518092190974e-01 6.635212819842054577e-01 3.864921923416991256e-01 3.444213736076269794e-01 -4.311851478897225920e-02 4.992173709395689163e-01 2.372326395467672555e+05 1.293870740693486878e+05 1.210823125090775866e+05 1.860353170061288110e+05 -9.482892704060447153e-02
2.668358380766599480e-01 4.388604563574787787e-01 3.818505258137838698e-01 5.015332595901107471e-01 2.895077296936886535e-01 2.117182539066782831e-01 4.212940318506784299e-01 1.292925488603848789e+05 1.005423724123919528e+05 7.435607217531157949e+04 3.060652035259433615e+04 2.364436308672045461e-01
3.546877399643068585e-01 3.127134471586183739e-01 3.602484489940088186e-01 2.178664414286626549e-01 2.517717850621071785e-01 1.708352262427746682e-01 3.841110609506929174e-01 1.752644427449878713e+05 1.382263193249980977e+05 8.281702216179379320e+04 1.060500963167845330e+05 1.931203934847915971e-01
-2.371104877545970966e-03 5.897230879953790916e-01 6.299658959982606943e-01 2.037546506960876413e-01 2.093942973188437640e-01 -5.738942323564401315e-03 -5.313298882232508208e-02 1.349525885835803638e+05 1.022885444853340887e+05 8.266480772087229707e+04 5.078833820223702787e+04 4.807390342262971017e-01
3.297079539862208253e-01 4.351715285006130252e-01 6.889016003314029080e-01 5.787885256791839295e-01 2.216641388269791069e-01 2.937508329591657641e-01 3.649693905654733395e-01 1.757846820541589695e+05 9.547972149315803836e+04 7.482499752759706462e+04 8.885817239405281725e+04 4.796296411626315148e-01
3.831031149448278494e-01 5.840140125212740507e-01 4.451700013143700119e-01 5.499998009934682353e-01 2.634506459063802875e-01 2.845065002495074657e-01 3.026758749849095542e-01 1.447430542243214149e+05 1.124094336812188412e+05 6.657425538073315693e+04 8.636564401888778957e+04 2.360491584494121831e-01
4.519175157534253140e-01 6.194421535296853465e-01 2.515940412713612573e-01 6.875566911315392771e-01 2.834404827698614460e-01 2.528376231592021628e-01 3.634545280361406450e-01 1.529979393301097443e+05 1.294719001574370050e+05 7.766853754850297992e+04 5.247119402994525444e+04 3.198549507713883133e-01
3.575107416930399240e-01 5.625395116967282089e-02 8.662151497117838439e-02 3.796754633951678892e-01 -5.914542374881841258e-02 -8.354692921187431565e-02 3.725398474090201861e-01 1.377975955439652898e+05 9.399433924710824795e+04 9.568258277556770190e+04 -1.563858552326432437e+04 3.858632016218973559e-01
2.389611258645508995e-01 6.653259991414950392e-01 4.210396177262608619e-01 5.092169122796569303e-01 2.223462616043399842e-01 1.953536020646528815e-01 3.342900384121954560e-01 9.194853510101916618e+04 9.178959049566322938e+04 7.936136633621281362e+04 4.707276670952960558e+04 2.868336607595883825e-01
4.680831210799572539e-01 5.398721311782317400e-01 4.196652686334422788e-01 4.545615009350467695e-01 2.633440355653576259e-01 2.511520112963274154e-01 3.505559738567791128e-01 1.179058424928932800e+05 9.754815682204645418e+04 7.450425945310122916e+04 5.493821982135051803e+04 2.642164237356118273e-01
4.172139752167586257e-01 4.195962066081942443e-01 2.166583764491925024e-01 4.042842035268117695e-01 2.309324212229705020e-01 2.878695047385205763e-01 3.152892666677901690e-01 9.653241547345902654e+04 8.107954967156279599e+04 7.841807170926455001e+04 6.913355084601513227e+04 2.485261695685872796e-01
3.351597206105638160e-01 5.230505752240880435e-01 3.072796642956592272e-01 4.433052019006526456e-01 1.935124560855306375e-01 2.678706738166390378e-01 2.904938131507675547e-01 1.068752202455783408e+05 9.566914001766443835e+04 8.015277621150204504e+04 6.652647497122082859e+04 2.134080438948238734e-01
5.794457246399425943e-01 4.066108579598435302e-01 4.137208199423014210e-01 3.973684775564240712e-01 2.417252421298854981e-01 2.865405512188862747e-01 4.163015784568822597e-01 6.111966395317830757e+04 5.016544193120815908e+04 7.996934669738310913e+04 7.726548063419442042e+04 5.302946835905126832e-01
3.180809896182593133e-01 5.079529495563666064e-01 4.957343922572792216e-01 4.178979782764052908e-01 2.346133105995698021e-01 2.587300116378374870e-01 3.691041042798930971e-01 1.652536217806978966e+05 1.076846658480875631e+05 7.855134902211905865e+04 7.616510221122954681e+04 2.877548584704707757e-01
4.809542917765348702e-01 5.593367388412858743e-01 3.431563040089712913e-01 6.322863216708227707e-01 2.418772534116441497e-01 4.967806220824491081e-01 4.983055655906079018e-01 2.008306397979219910e+05 1.204050920435943262e+05 1.115830204450373712e+05 7.373315585440934228e+04 5.470424596606998646e-01
4.285816261015314987e-01 5.279555763490151321e-01 4.940600441677019394e-01 4.984975716619435837e-01 3.095429140861869488e-01 3.677586803046879460e-01 4.095807607984607857e-01 1.385617906478614022e+05 1.127331585116693022e+05 8.097199157906406617e+04 1.332633298246573540e+05 3.441824081864762741e-01
2.726967544348856132e-01 6.196106838023676122e-01 2.227488672705918993e-01 6.627248792641696751e-01 2.607526013871648840e-01 2.483731560471441890e-01 2.709717300991314470e-01 6.907080714952277776e+04 6.114161429325838253e+04 7.430334378143846698e+04 3.336618332620005094e+04 4.987464306345621434e-01
3.509705930293216536e-01 5.763086723840191716e-01 4.419662474234898886e-01 5.071715627712667374e-01 2.613734191817266850e-01 2.914050226826175871e-01 3.243431425386485434e-01 1.725015999265714781e+05 1.057685955358443025e+05 7.443047175038153364e+04 7.596857537493146083e+04 3.236547344338869259e-01
-1.353035875554925438e-01 4.888296849432813285e-01 -1.432377044429832547e-01 6.246572737296339772e-01 8.766934055241765167e-02 -1.144491768590611275e-01 -1.580157044370034680e-01 1.915381043431952712e+05 1.633386915536832239e+05 8.050913840258639539e+04 7.252811652646871516e+04 4.627888501532763099e-01
4.100532127603475629e-01 5.798773760033042457e-01 3.979227764778863752e-01 4.044325959022231909e-01 2.584674877300110474e-01 2.218499549207765820e-01 3.701790832293373468e-01 1.459836745673282712e+05 1.199569512746342079e+05 7.655281650741705380e+04 6.269944726013812033e+04 2.140017747293916917e-01
3.384610775005121863e-01 5.224290030037688215e-01 4.615348622375373133e-01 3.439278218048434366e-01 2.659684089619847036e-01 1.882672938149769493e-01 2.570691942371623462e-01 1.294382040209614061e+05 9.339232930857114843e+04 7.078876683081366355e+04 7.466013371546927374e+04 2.621433175636162516e-01
7.610063799327174139e-02 5.121982721665454541e-01 5.758710343757538208e-01 7.119568846313779897e-02 1.320809655325335952e-01 1.384829920379690993e-01 9.708001373111371790e-02 9.370382395529579662e+04 9.353367130557794007e+04 6.465131676533399877e+04 2.908460012019754504e+04 9.475273558776668714e-02
3.982949740177302300e-01 3.014286048405191987e-01 1.610241747716022465e-01 2.990727715190482083e-01 1.873501782981475960e-01 2.132027634391858717e-01 2.727518980544084704e-01 1.503074149193833291e+05 1.337749348123358213e+05 7.378761407031462295e+04 3.994780226329460857e+04 2.147702013255992637e-01
5.291987541041237586e-01 2.790917885097296547e-01 2.870298206898413973e-01 6.059006989643077601e-01 1.729545924265455947e-01 5.521893543834965890e-01 5.523930422657792327e-01 1.817408013283519831e+05 1.091433516527273896e+05 1.116036201950038958e+05 2.689487225155382839e+04 5.717293444352128384e-01
3.031147545870249704e-01 -4.599146989766104976e-02 -3.503928630658170729e-01 7.995194752012273198e-02 6.818874670496767321e-01 3.079851697581708625e-01 -9.115435441819363395e-05 2.409502822376005352e+05 4.715883421363006346e+04 2.421571130540565646e+05 2.338334800983756431e+05 4.856848386653339622e-01
5.693559740409358527e-01 5.906744612018635099e-01 3.803417707918602120e-01 2.935089417337138351e-01 1.692478124054352107e-01 1.526127073030448256e-01 4.858750169286444875e-01 1.274610705577324698e+05 1.172222763228132535e+05 7.225294695852235600e+04 1.976899871063477258e+04 1.676482346365910647e-01
3.119780519692972320e-01 5.177338472955448356e-01 3.772828610245408942e-01 5.479481758056935492e-01 2.326661366117345753e-01 2.678252646505737689e-01 2.660043181701212123e-01 1.185998695966719242e+05 1.075749870249053347e+05 8.070296371312906558e+04 5.638949577957855217e+04 2.695494465542812024e-01
2.052554333648936580e-01 5.049330904991289337e-01 2.202030519146415677e-01 4.209642434521608800e-01 2.845602755787699500e-01 3.068080031760342941e-01 3.915195317140859887e-01 9.437784270398881927e+04 8.584401576358226885e+04 8.102751514231515466e+04 8.123391796042742499e+04 3.502983371706281934e-01
1.957856707596100643e-01 5.037646134042175206e-01 5.438255287380008296e-01 4.479051050380072341e-01 1.571628364946287826e-01 1.909395970901760498e-01 2.931227939263700843e-01 1.672109933765419119e+05 1.200022103029390419e+05 6.674116826519901224e+04 8.969730318762935349e+04 2.691905729409416193e-01
4.654359445016925667e-01 2.421302803298344963e-01 1.791866119789182477e-01 5.204730524040355188e-01 1.493960058192418672e-01 4.536362649888596166e-01 4.547556184037171989e-01 7.953151183913840214e+04 7.267687736998638138e+04 7.164432051309297094e+04 4.236434702409320744e+04 5.142734611842175729e-01
2.584781104273854990e-01 1.568946074491253109e-03 4.174741964976719927e-02 -6.135550198151634715e-02 2.328568263871709856e-02 -5.445859437297885519e-02 2.786486877253657735e-01 7.552653865491376200e+04 7.886341981368786946e+04 5.974858163530771708e+04 7.490744419763916540e+02 2.630167662587697408e-01
4.628442694693581938e-01 5.502411687247341643e-01 5.837554045588787544e-01 5.293531001002278469e-01 1.813063003210035329e-01 4.821343056002332372e-01 4.854612508195391141e-01 1.237599802151071344e+05 1.113577829377864837e+05 7.270137884256879624e+04 3.110458253580388919e+04 4.981704060098213205e-01
2.945874845116281948e-01 6.402860949144063563e-01 6.450493122518171640e-01 3.954435399545997987e-01 2.455038511065269213e-01 2.392085240484358721e-01 2.988008729025174448e-01 7.769606358771680971e+04 6.467546526498603635e+04 7.898107786791831313e+04 5.067754570805397088e+04 2.195494146856120099e-01
3.952012363466391731e-01 5.400934055974364496e-03 3.762734703495316801e-01 6.589802055058143759e-01 -1.706766907924112467e-02 1.163530432548783300e-01 3.942718776145952564e-01 2.614546150165534636e+05 1.880376312358089199e+05 9.457834902548117680e+04 1.381214739348593866e+05 9.175373296689427749e-02
8.855714103772843737e-01 5.643451684699072324e-01 6.244692466495130878e-01 8.385656838741857300e-01 -1.456836755837177533e-01 3.935219434850316111e-01 6.672467735665514876e-01 2.510657249347590550e+05 2.173387999274015019e+05 7.554554088130294986e+04 2.070990748920137121e+05 1.530207154871228437e-01
3.037567732375727192e-01 5.481600477515077285e-01 4.822650074008064669e-01 5.932272071428587035e-01 2.631078758399535977e-01 2.253264201970008318e-01 2.977694493351812910e-01 1.030653284877687111e+05 1.214361869145478995e+05 7.451818857293411565e+04 6.539939596608607098e+04 2.699222592808362409e-01
5.144091046872556472e-01 1.910480576521217388e-01 1.772558074498619129e-01 5.857328145598378333e-01 1.482367430500606265e-01 5.398603088030098363e-01 5.391196320202363834e-01 1.082764234096870787e+05 9.470743527481544879e+04 7.494571473852708004e+04 9.727485171928288764e+03 5.562727796406858882e-01
3.171727449429003198e-01 4.734915908945129259e-01 5.160777816370302196e-01 2.746250047931150795e-01 2.003508682483680081e-01 1.786046105029034103e-01 4.996497990017098600e-01 6.437943342726573610e+04 5.749945236239422229e+04 7.416957694993453333e+04 2.401043174971892950e+04 3.466735601968958247e-01
3.500426291027122216e-01 2.970780663258194010e-01 2.476224031939152914e-01 4.263508351214346237e-01 2.961658897306522209e-01 5.205610602977105428e-01 3.562366652463092032e-01 9.669385511448206671e+04 7.276738225848834554e+04 8.658459067018755013e+04 1.977891648379527905e+05 4.156994639600832819e-01
9.493517402907982738e-01 5.936735664554333436e-01 9.295912692460531757e-01 9.555233120729239582e-01 6.458559539019321782e-01 -1.896072141900738417e-01 8.720737072898415709e-01 1.801363832763628743e+05 1.500715039827392029e+05 7.819099128061570809e+04 9.381516640696482500e+04 5.446199193897049984e-01
2.851146630933896753e-01 5.221148133878074082e-01 2.423228694465029420e-01 4.608847351022113403e-01 3.248461823182410280e-01 3.092303062525621482e-01 3.061166385771597609e-01 5.014005830990099639e+04 5.102719482163371868e+04 7.574041529982059728e+04 2.057171037512825569e+05 5.245068132656524051e-01
-2.217965657433031978e-01 -1.138066535199918766e-01 -6.857371944431499278e-02 -2.798590683402343848e-01 7.408798899976277996e-02 -2.215084491629783769e-01 -2.304321459245284864e-01 1.085813662836936855e+05 8.962234476948251540e+04 7.824638156520813936e+04 -5.766336594905687889e+03 -2.377179819271223182e-01
2.868653308179556216e-01 6.336548123128568077e-01 6.365446282620507157e-01 3.862736676710635253e-01 2.334451836480782305e-01 2.169133391395520472e-01 2.868789675034844611e-01 1.137683788190815394e+05 9.940824897811752453e+04 7.510040077817693236e+04 4.272347801017522579e+04 2.085884070850700378e-01
2.668085525366509225e-01 6.120718022211771858e-01 3.119716686489603097e-01 4.716170566233475192e-01 2.171073883697370865e-01 2.840521554501705404e-01 3.221512215352248520e-01 1.510156603854337300e+05 8.296584985497471644e+04 7.903697014821106859e+04 7.976546241535604349e+04 1.724125293793256075e-01
2.965647046092570460e-01 6.279545984625185540e-01 3.231595841498393629e-01 4.496762167641216723e-01 2.297028517522998470e-01 2.308424950707146928e-01 3.194693499884918575e-01 1.408046271440025885e+05 1.125726809017116320e+05 7.830731078395516670e+04 5.023827968046085880e+04 3.292443705117454322e-01
3.060351429301406689e-01 5.249179500157276079e-01 4.499055364163491166e-01 3.859290239845097337e-01 1.941405216826474489e-01 2.529254072729765768e-01 2.422878319350274534e-01 1.325812883709709859e+05 8.394717544063815149e+04 7.484046570072231407e+04 1.396312560093129377e+03 3.823587005037464848e-01
2.445443889419131323e-01 5.154602487599698746e-01 2.045770018052368022e-01 3.512262064718505994e-01 2.185861545891696067e-01 2.309317904617424200e-01 2.227144389423000581e-01 7.651000365053871064e+04 7.018770691367360996e+04 7.157573447641296661e+04 3.025982684275531210e+04 1.814820085732373189e-01
2.040389602691407289e-01 5.600874898551319037e-01 2.926124811249309898e-01 4.943891243309978534e-01 2.528305528878528330e-01 2.437770812158243927e-01 3.873883295989374309e-01 1.328762937924839207e+05 9.991471553650198621e+04 8.225961589250541874e+04 7.241452036081229744e+04 3.291132552611709117e-01
2.958374223029197059e-01 6.298403383808418576e-01 1.992995320571614992e-01 6.839955912468173027e-01 2.722111277890057468e-01 2.546497350355086953e-01 2.875425408731080990e-01 1.143610916245832632e+05 9.980223874499158410e+04 7.521749392981459096e+04 4.498390965937994770e+04 2.062983059412263065e-01
2.947269351305003560e-01 5.297066636482901103e-01 2.607937061769814435e-01 4.318130464112543421e-01 2.083061866924992012e-01 1.709198146245929084e-01 3.554326899744523205e-01 8.670870765497692628e+04 1.015046360174974543e+05 7.667123501064101583e+04 8.902256120691253454e+04 3.144063457651458671e-01
3.524756335599679713e-01 5.428803183042473224e-01 4.317737999000018090e-01 4.846811629705925495e-01 2.667691247834718671e-01 2.540600837182007132e-01 2.966382240764173783e-01 1.380132004750463238e+05 1.024889035497680161e+05 7.303269688671991753e+04 6.939244432631818927e+04 3.649184573987344637e-01
3.700939129301583641e-01 5.136990395260183639e-01 4.352026634921517534e-01 4.271632446587822485e-01 2.881862660459096892e-01 2.610054892193512943e-01 2.510321425494698167e-01 1.325741758605841605e+05 1.144021510354544735e+05 7.706995765118191775e+04 7.265680397107450699e+04 2.713329312413898520e-01
6.184863522588788243e-01 2.558234004900954497e-02 6.932217045335552497e-01 5.671470695937569362e-01 5.215230728727612841e-02 2.596858677915021146e-02 6.694546419735313281e-01 2.598292867282635998e+05 2.045396714984493738e+05 8.479382342689699726e+04 2.240481043647036713e+05 2.762505372081587585e-02
3.210494105398334352e-01 6.137401378224982551e-01 3.988360339112114183e-01 2.984767037638537124e-01 2.348147327960189434e-01 2.796487598398468277e-01 3.164864008899931358e-01 1.213855922620189376e+05 1.139101536684178136e+05 7.319242212082633341e+04 7.953289073014473252e+04 2.272295704068668931e-01
3.828653034052987292e-01 5.614677655455004857e-01 3.991842424987638305e-01 5.314676438336097819e-01 2.370816139811395551e-01 3.245920997461577695e-01 3.481915449426191689e-01 1.483111264858839859e+05 1.232049795926373627e+05 7.619632745610518032e+04 6.075961016072391794e+04 2.786619819698492040e-01
3.684495035339254154e-01 4.390022884259582314e-01 6.042114778764086092e-01 5.343754524482670076e-01 3.045010413023628848e-01 1.923933172168893757e-01 3.543816356423052372e-01 9.462850672498771746e+04 9.175041611225044471e+04 7.903263644589454634e+04 4.865644907688324020e+04 2.967359367160633532e-01
3.799147934278614414e-01 5.085439803549303139e-01 2.869740727135907110e-01 4.591862523311479594e-01 2.320715174582259621e-01 2.457836695723406573e-01 3.291213643896606644e-01 1.122963879827718483e+05 1.099972466921806918e+05 7.831736389602953568e+04 7.210760907755701919e+04 2.223447290092895323e-01
5.110427140692066494e-01 5.809422242095453326e-01 5.585126135852702678e-01 4.974581705518871799e-01 3.755687112536857386e-01 4.060552531595107428e-01 6.096164968242614446e-01 1.397868912437346880e+05 1.105865865040245990e+05 8.303218810853832110e+04 1.390519282920967671e+05 3.575639156988576484e-01
3.031886564181862087e-01 4.703456537809759808e-01 2.408381287759698286e-01 4.880675614144746044e-01 2.393861041157302472e-01 1.956525807784873783e-01 4.087039185303359412e-01 8.321892473955218156e+04 1.427073017161433818e+05 8.068558672643281170e+04 6.554926446466638299e+04 2.976818212992523027e-01
3.432979939725344098e-01 5.339510978024343268e-01 2.768397846189255551e-01 5.228024168897393853e-01 1.998521233618636150e-01 2.831605648833164790e-01 3.507852201502017486e-01 1.174385136565782886e+05 1.003284580387693713e+05 7.278403468459835858e+04 6.799792972294188803e+04 2.503137623783883714e-01
3.549049936395439198e-01 5.535999470478807361e-01 4.125324066014976476e-01 4.304466624872238523e-01 2.479183432667234621e-01 2.358933926820332427e-01 2.139693868893544904e-01 1.417135600355079514e+05 8.914879786674027855e+04 8.155530223664057849e+04 5.462072230736888014e+04 3.568455650351968766e-01
2.915724177131403527e-01 5.103486104651542288e-01 5.335452963822786554e-01 4.328063923384409262e-01 2.067241354551684895e-01 2.277130731324391866e-01 3.724990813224705044e-01 1.003794296984133107e+05 1.219679747786578519e+05 7.452803486038176925e+04 5.074757140482587420e+04 2.809954108996088884e-01
3.984264299664933007e-01 4.366268093826304875e-01 2.018144330578863221e-01 5.308880814778468293e-01 3.180382065856600105e-01 1.990258507470340499e-01 3.523334693632561021e-01 1.026997250182496100e+04 1.030009012317898305e+05 7.148120799949904904e+04 6.879611794071411714e+04 2.841908939845527171e-01
3.199286669872565825e-01 5.742213118163435048e-01 2.753120601165425785e-01 4.599260201722774055e-01 2.277208766090099423e-01 2.327674662696815056e-01 3.780832440513812176e-01 1.237336732089462312e+05 1.040054282799806388e+05 7.296851598126300087e+04 4.871972443551464676e+04 3.533079879411609725e-01
5.063996533357275620e-01 4.900473051850777750e-01 5.471305180356873521e-01 4.765902745232594162e-01 3.094886909454178103e-01 3.941748965594021326e-01 6.480067802231326279e-01 1.403666471069006948e+05 1.146777851102535642e+05 8.037724949338918668e+04 1.394278482942670526e+05 3.517472738223239581e-01
5.309315392738532813e-01 6.077886010318056531e-01 4.423719771990651806e-01 5.518283086945734439e-01 3.351036992149966087e-01 3.568947471755044010e-01 4.117074459114970497e-01 1.452434844480979373e+05 9.095251108591372031e+04 1.060728281573166751e+05 1.374816808209531591e+05 6.085403069498227513e-01
6.642000986071247004e-01 4.955262260838177446e-01 4.375091181869742996e-01 4.513478734782268020e-01 3.087592559045287399e-01 3.484618596691999581e-01 4.561473300037968692e-01 7.130818060090656218e+04 6.026121594146719872e+04 7.778280415894175530e+04 8.847797968994016992e+04 5.392509667092153514e-01
3.453395634196901876e-01 5.293828043457784460e-01 5.297769369315177279e-01 5.086397158455023826e-01 2.632052992673914460e-01 1.769294954254174712e-01 2.872400823364532063e-01 1.624662356558000611e+05 1.044382479030281102e+05 7.669587403607329179e+04 4.738121414974229992e+04 2.742632092263539434e-01
3.612369562090693154e-01 6.914764438785323541e-01 5.548291332778610974e-01 3.453720064145979762e-01 2.499150251993550453e-01 1.649936466140058677e-01 3.797065050193444424e-01 6.392444074995366100e+04 9.016862030533759389e+04 7.740983461607877689e+04 4.307113079508627561e+04 2.604588750731362534e-01
7.007695866944695373e-01 4.091810255674219743e-01 1.127092304024804176e-01 -1.325423292382847951e-01 2.999760086926183122e-01 -2.783474164604116674e-01 -2.485105369132584452e-01 2.535481055871700228e+05 1.549105718338810548e+05 1.053734019120073353e+05 1.782636266221931437e+05 5.425285559273023139e-01
2.809266742710627707e-01 5.227198544181493878e-01 3.716890839330890817e-01 5.394370752422514848e-01 3.103015155413229031e-01 2.478650674354500039e-01 2.976711792392606748e-01 8.901534830787207466e+04 9.588296565302838280e+04 7.616742548053138307e+04 4.956102232724351052e+04 2.385625371186957666e-01
4.814160219421993459e-01 6.151797712130611107e-01 3.715468005264492279e-01 4.099320672920234720e-01 2.231354774495320770e-01 2.169511043288747110e-01 2.960426523413463018e-01 8.748772309281486378e+04 1.082550022442105983e+05 7.321335116423218278e+04 5.602726461435671808e+04 2.853432552867134486e-01
-1.644439008781731493e-01 6.018923878391932991e-01 5.596550843424266120e-01 1.116157777049167216e-01 2.297811013403200375e-01 -1.163164399642951929e-01 -1.315104956217530707e-01 2.550911652727992914e+05 2.065287493728578556e+05 8.405268690535722999e+04 6.694745998014605721e+04 -1.836884393922198488e-01
1.993740366845546952e-01 3.671355699071425782e-01 1.411922897207490979e-01 2.246292182056668363e-01 1.695787407651514200e-01 1.029041449199180752e-01 9.917589717660374449e-02 1.454480410017832473e+05 1.332947399290576286e+05 7.141596658152855525e+04 3.702645764001619682e+04 8.898789864795468574e-02
3.292400370658576381e-01 4.025182817259114754e-01 4.588769504340863836e-01 3.976594049624210814e-01 2.748647972416768948e-01 2.606581060521496740e-01 3.645440146064626852e-01 1.544642365293111652e+05 1.320399258270858263e+05 7.251574965582805453e+04 5.028855887355064624e+04 1.202499157858070988e-01
3.891612981777777813e-01 4.592513933743639920e-01 4.342591512331649417e-01 5.242943674684013011e-01 3.556763593110601751e-01 -1.279344696199708475e-01 6.790365343075968063e-01 2.146871891505691456e+05 1.032812451500491734e+05 1.384583996665119193e+05 1.619494874053876847e+05 -1.374375079459820015e-01
3.226543343580010603e-01 5.257959538026063528e-01 4.049916519306315799e-01 4.830373594787215619e-01 2.515279635576554429e-01 2.911213504975517230e-01 2.772076782784863025e-01 1.477265398829751939e+05 9.831047469763190020e+04 8.387888642547554628e+04 7.753290292658809631e+04 2.888625454632152700e-01
3.013019204041589294e-01 3.811614960859648904e-01 1.775320194264584095e-01 3.779197213469298600e-01 2.054218951396656889e-01 2.443947291104886788e-01 2.884840815810922887e-01 1.295716543887930166e+05 1.137739042838241585e+05 7.474197029453272989e+04 4.674716050710269337e+04 2.223306673050031157e-01
3.573966099215604708e-01 4.750624528777497302e-01 4.749276574104996373e-01 5.354944647127669599e-01 2.300922038861809293e-01 3.282440737427532174e-01 2.557210576330744556e-01 1.271669007735589548e+05 9.790301677257718984e+04 7.134802882173792750e+04 7.590913224208398606e+04 2.323687369958708504e-01
3.094525245572675165e-01 5.669247011716825879e-01 3.605624179928546003e-01 4.519312700314991882e-01 2.308407107194983543e-01 2.399896560469177709e-01 3.860744049630024377e-01 8.988398269788819016e+04 1.203005889427055808e+05 7.863468768921041919e+04 8.039367783309560036e+04 2.374071496487715760e-01
4.207769403864402569e-01 4.671336851692556302e-01 4.422832742139445883e-01 5.431446196953934047e-01 3.210384084349356404e-01 2.707064982058949298e-01 3.793974351961895142e-01 6.341196594247231405e+04 9.703371115562361956e+04 8.798634265304030851e+04 9.262352945213235216e+04 1.864163081321929261e-01
3.805631073958294919e-01 5.531380197896748063e-01 3.476306784292410024e-01 3.563552809437441349e-01 2.068119960417026115e-01 2.425271191426680850e-01 1.818046121905680934e-01 1.038594812715883018e+05 1.123697731561036926e+05 8.316577026788279181e+04 7.200629615194337384e+04 3.696088793886265211e-01
3.744962712421661122e-01 5.667413399896145121e-01 1.526034836524222393e-01 3.249031974732652928e-01 3.219297830076099931e-01 1.683671628104292106e-01 2.095726806897058592e-01 1.237415541526599409e+05 1.339722125223754265e+05 6.252427024106300087e+04 8.458503842701416579e+04 3.061407998924641771e-01
2.816404153806531530e-01 5.257580763961495762e-01 3.406058009146713528e-01 4.445787088968453649e-01 2.505469723389335268e-01 3.743434241013746111e-01 4.287333661049039790e-01 9.782663479320226179e+04 1.166286677186478482e+05 7.870643047297072189e+04 4.405216755885128077e+04 2.781728858607360189e-01
3.942753087177727767e-01 6.451996842408306287e-01 3.154918118332930010e-01 4.639994417117449532e-01 2.649122614178144874e-01 2.360410832293318717e-01 2.943025419411244847e-01 1.276957292815094697e+05 1.124183038822961244e+05 7.514451945060532307e+04 7.694483647584328719e+04 3.575532732300519823e-01
-2.715796147078901601e-01 5.237155597797356066e-01 -9.864119645402308345e-02 5.921196176889770291e-01 -2.567544755215856248e-02 7.308977745644057444e-01 -2.790003484644790754e-01 2.450605723055087437e+05 1.092011726002039504e+05 1.442107643824221450e+05 5.277355536756877700e+04 -2.769166246218552341e-01
2.696160233550682350e-01 6.135241678299601098e-01 2.129065454194749296e-01 4.201453837850613882e-01 2.223957334479199355e-01 2.635110119464267320e-01 2.703160722048002507e-01 6.639003958887455519e+04 5.884944143493733282e+04 7.411076417878277425e+04 3.315042550065829710e+04 5.121182003701769681e-01
3.126888690568743190e-01 5.513831740676597981e-01 5.265107461953233425e-01 4.450012103536855057e-01 1.848087664311898470e-01 2.420540961861070428e-01 3.254832933452878052e-01 8.284440439657415845e+04 7.605929153957433300e+04 7.264437314512446756e+04 6.552419320283384150e+04 2.128353348977776727e-01
3.226021346966398973e-01 5.463659044863207193e-01 4.759570525419574150e-01 4.379235161018801281e-01 2.318094456195256836e-01 2.424721654141074323e-01 2.338265731779121392e-01 8.935243897448295320e+04 1.033764226235898386e+05 7.690967835473363812e+04 7.432084407154574001e+04 3.520646478946425351e-01
3.868547032877268088e-01 4.818229339502353992e-01 2.907510973419609734e-01 4.498114106582712934e-01 2.604013567031809862e-01 1.656860531615757526e-01 2.403668880189093471e-01 9.451611734343280841e+04 9.553882068518949382e+04 7.448678211191754963e+04 4.499377353998735634e+04 2.011343024065585516e-01
5.493886622060346614e-01 3.246397694013107849e-01 4.928439358036234008e-01 5.444667532189355619e-01 2.218370605492537839e-01 5.057071763020772881e-01 6.094605407217813520e-01 1.280338287400676491e+05 1.052458386025519867e+05 7.918813959106053517e+04 8.885669991379223939e+04 5.152056440251435721e-01
3.711665439752669382e-01 5.884364825787283815e-01 2.506127015466240726e-01 5.059176189480953933e-01 2.731952178709409207e-01 2.328884664492505974e-01 3.790244118634876203e-01 7.753592256304957846e+04 1.218103838811382593e+05 7.006564398088211601e+04 7.418091927813812799e+04 2.709785266338764487e-01
3.216603209974963073e-01 6.206992179656388720e-01 6.247445994977085526e-01 3.811475751046913829e-01 2.284070795828647971e-01 1.843250416359384358e-01 2.670372557538784886e-01 1.397879741000953072e+05 1.221943393272166140e+05 7.513918811129748065e+04 4.615445803478244488e+04 2.082862141821455737e-01
5.204539266724457214e-01 6.471799858875064426e-02 6.192212312391544016e-01 4.879864899681304324e-01 8.835537042113600359e-02 3.784821721298086139e-01 6.271057525111551900e-01 1.684305319746936148e+05 1.217002213856215967e+05 9.094676700511183299e+04 1.635601137954491132e+05 3.196091226716166744e-01
4.565163255063122150e-01 5.409506074416531307e-01 6.383550317714345446e-02 6.669998351444452744e-01 1.896176075471635858e-01 4.801150945324327290e-01 4.789730152958939779e-01 1.243041134578489291e+05 1.124038337183474941e+05 7.212203763031393464e+04 3.353319182248969446e+04 4.917055817932068362e-01
2.561603848450065279e-01 5.461958483561205613e-01 3.066636852502088173e-01 4.805373106826957286e-01 2.636876987038775932e-01 2.688736996529093037e-01 3.067876800261958303e-01 1.520016978372025769e+05 1.132125271917357168e+05 7.518030028777182451e+04 3.761343142046200956e+04 2.824168473434771620e-01
3.422881640696754380e-01 6.087647929988918571e-01 3.621481837409398219e-01 4.562813886677043462e-01 2.447824068471067815e-01 2.157197235449613837e-01 4.006910687841099272e-01 1.343213709757254692e+05 1.026400031225855491e+05 7.654932828931076801e+04 4.602654894544276613e+04 2.979349826397497680e-01
2.418675112449453213e-01 5.117417918614846073e-01 2.434879130918882195e-01 5.491135521968619759e-01 1.601812760729554586e-01 2.490388810025861988e-01 3.291881751954170432e-01 1.435554122175369121e+05 1.374902760688984126e+05 8.392391881790176558e+04 5.496856055772910622e+04 3.283276267071462695e-01
3.884039034909810284e-01 5.316872275561028705e-01 4.595380701719541383e-01 4.791184763498436694e-01 2.376586443936981041e-01 2.506499790779250780e-01 2.347090237848165062e-01 8.075479011047666427e+04 8.733214804529276444e+04 7.944412813104320958e+04 7.581288049395757844e+04 2.919437614489026611e-01
2.915135769707276614e-01 5.551752991452540975e-01 4.540075065527849896e-01 5.049530334519741759e-01 2.129670907430993854e-01 3.190062267216571823e-01 2.961900362063562553e-01 1.245742739036874118e+05 1.028441835807877651e+05 7.641563904472514696e+04 7.190244118410543888e+04 2.803857434127928761e-01
3.981922713123860480e-01 -1.317324539226600866e-01 -1.102574166545704087e-01 4.605879210766539722e-01 5.898706267542049714e-02 4.538412896805899543e-01 4.377675044767886381e-01 8.666841301671204565e+04 8.943923374288064952e+04 6.213966915620185318e+04 -6.433533486365812450e+02 4.675676419493277058e-01
5.853796809791457223e-01 3.783653157842145620e-01 4.200581868143996034e-01 4.645059999748937241e-01 2.662188701572662519e-01 3.324675588842844753e-01 4.182729332819758450e-01 9.962748006743511360e+04 8.516268864369086805e+04 7.688751304833403265e+04 1.040246228460041311e+05 5.757675170061213876e-01
2.551576625790547559e-01 5.390828149266320146e-01 4.185335071597978684e-01 5.061258112268106624e-01 2.591191285267701039e-01 2.314028778584044932e-01 3.479286011122615929e-01 1.259159449825137854e+05 1.182916825455873768e+05 8.360209252463970915e+04 8.013149797162471805e+04 1.897601048941904844e-01
2.789893225550942324e-01 5.439945978182314512e-01 4.092070066323896804e-01 4.959349506548997311e-01 3.150883045352161904e-01 2.343000240554012903e-01 3.564693890603677917e-01 7.160098451281603775e+04 1.050297468220764422e+05 6.994757329145446420e+04 5.257540579265772249e+04 3.100233620095484977e-01
2.939389117729215295e-01 6.222643018427818085e-01 2.167158539571621689e-01 6.195371460167379274e-01 2.604365219650864316e-01 2.564668419005285971e-01 2.869523523248423413e-01 7.442160474427505687e+04 6.233770001738858264e+04 7.842841255908172752e+04 4.390651202711004589e+04 2.447709166494828614e-01
3.875338036026305666e-01 5.606187908644261197e-01 4.659136381253957682e-01 5.131690309790812865e-01 2.292133654169377921e-01 2.631608231381624696e-01 2.946905898709066829e-01 8.384234437884960789e+04 9.567615447513521940e+04 7.829858943655047915e+04 6.284771813520696742e+04 3.094389886263675393e-01
3.600561891649005641e-01 3.543811251426934317e-01 3.659368971062038067e-01 5.013941095783338575e-01 2.686523843416456225e-01 2.572993828711448439e-01 2.527832092938788189e-01 1.070512653985439392e+05 1.098228874028504069e+05 8.126045736012216366e+04 6.699523703407519497e+04 1.661637263206341975e-01
9.890795063896113959e-01 5.030448627365197156e-01 -2.259159195088809025e-01 9.353869835789307974e-01 -2.487133805361165240e-01 3.992777958126232929e-01 6.761129249102941774e-01 1.074406920328751003e+05 7.875697412233683281e+04 8.740235453343605332e+04 1.251590161105824227e+05 3.120308929701124945e-01
-1.975255399317059346e-01 3.112602729402896284e-01 -1.476343243166183261e-01 5.923833404364310384e-01 9.761069922593701431e-02 -1.826137219119683408e-01 -2.111100530979110046e-01 1.273462168922120472e+05 1.121909237807154132e+05 7.144588131193479057e+04 3.315188785767489753e+04 -2.167794156102172132e-01
2.710532945608908895e-01 3.694419146227903572e-01 3.489794143185547259e-01 2.886427082177844827e-01 2.670697624890582267e-01 2.412639332817754223e-01 3.264426882953014308e-01 1.033933307768655941e+05 7.486150987929309485e+04 7.712518262390818563e+04 5.240945663929402508e+04 3.662363925370601958e-01
2.830648774035118276e-01 1.234131127381923460e-01 6.447059768268844637e-01 3.273604043512534090e-01 1.009830431372816112e-01 1.624667193574671209e-01 2.783666166852292734e-01 1.444348257966949022e+05 1.157820280378616299e+05 8.193221879378845915e+04 4.555642031276373018e+04 2.146291175925890693e-01
2.648588200681358251e-01 6.213536666187089441e-01 4.504492924805583720e-01 4.822263059813358677e-01 2.497455240266864829e-01 2.313588311124059604e-01 3.989108384993083067e-01 1.080374386392523156e+05 1.384195123193970358e+05 8.175899039437068859e+04 6.381601324546243268e+04 3.541709722047514108e-01
3.261124180091797276e-01 5.868575798788545628e-01 3.408433754379714964e-01 4.047555315069391035e-01 2.602247784908929829e-01 3.813551113217596433e-01 3.463876069613310293e-01 1.578908333535318670e+05 1.195043439884558466e+05 6.985150929910833656e+04 6.729400416237709578e+04 3.090825010699009279e-01
3.485848343933751203e-01 5.386256139220235717e-01 4.005006863587980970e-01 4.209610853896424976e-01 2.162316785293674493e-01 2.398226817042401482e-01 3.135614191766652459e-01 1.026542589393996459e+05 1.236646564836838515e+05 7.454803016133527854e+04 6.580898489961375890e+04 3.188359111149317582e-01
6.289316556538291358e-01 6.107272620769900184e-01 2.434948947905252459e-01 6.599355799202765160e-01 7.401785086169363481e-01 3.234077837733511096e-01 6.078792478863812576e-01 1.340794260501798126e+05 1.177245156380208355e+05 7.481032795080989308e+04 4.562532362090620154e+04 2.145453444596900627e-01
2.774146353564608813e-01 6.362355610923473570e-01 2.452688343002995541e-01 4.857521431355944497e-01 2.294093493826293018e-01 2.512137724141390582e-01 2.680817573587585545e-01 1.261729325118128618e+05 1.163771693770030688e+05 7.156421805888581730e+04 4.827986693218282744e+04 2.575509749622344469e-01
3.507332820309590482e-01 4.568575707468232605e-01 5.760662783795490460e-01 5.611615916708744267e-01 1.589839833834212901e-01 3.209156805761526066e-01 2.906791962662416684e-01 1.104987037116096035e+05 1.052054647858256794e+05 7.633709904448941234e+04 6.866011089835816529e+04 3.922039629752119283e-01
3.502869477902780249e-01 5.914238684184310868e-01 2.336337215562178105e-01 5.215070751993281517e-01 2.103979137030440039e-01 2.369672533997582708e-01 2.868244262727397409e-01 9.302376285335552529e+04 9.628750401830580086e+04 7.378167815625890216e+04 6.522947172841169231e+04 2.721839713225362445e-01
3.671450934793654697e-01 6.316071580705872046e-01 4.182666672660899088e-01 6.674094486679333915e-01 2.045861183046567000e-01 2.098967073711902609e-01 3.389792317657516207e-01 1.224455850549542956e+05 9.684274368378757208e+04 7.317727011513402977e+04 3.712568454169124016e+04 2.711087024100808929e-01
-2.019033425165469020e-01 5.658446855710345114e-01 6.052445280448655041e-01 -2.460627263815332588e-01 1.616994956598717670e-01 -2.029292170017668040e-01 -2.183582588454239803e-01 1.158544299235683866e+05 1.108636079459665343e+05 6.812796610582016001e+04 3.823273962984107493e+04 -2.272055878248682159e-01
2.969293085575684943e-01 5.749758032042141531e-01 4.398261773365311211e-01 4.139684345879887650e-01 2.571930655965508072e-01 2.289103121776500382e-01 2.547951603835234557e-01 2.098117196472784417e+04 1.074726100794923841e+05 6.912573630914204114e+04 6.940410233450209489e+04 3.034593246284778001e-01
2.118542652830139594e-02 4.844644006331232378e-01 -1.388680629399113020e-01 6.279187284719742745e-01 1.325850489550842448e-01 1.393078338397680527e-01 4.535630565330657504e-02 1.069987997273689107e+05 1.079274890358048724e+05 6.381959069372903468e+04 2.873177094570485497e+04 8.457724144818913603e-02
4.540309082508316996e-01 4.993523487466295929e-01 5.953378990063186160e-01 1.797144041224487676e-01 3.096968060581866689e-01 3.588830894091017687e-02 5.880719009687024323e-01 1.359524967657908855e+05 1.185351510689425777e+05 7.555306907166504243e+04 1.359099245817577466e+05 -1.328032953423806395e-01
3.224949170518474073e-01 4.173742694123042662e-01 3.771541616953131837e-01 4.908885219742558093e-01 2.342309581375968119e-01 3.204173179188258835e-01 2.941089288299181814e-01 8.181607434509923041e+04 1.105463125712910260e+05 7.564408330476960691e+04 5.016222040403717983e+04 3.136061723883640240e-01
3.200113942056734828e-01 3.831244091594287471e-01 1.888639863875064551e-01 3.496949949848763839e-01 2.195220955697177734e-01 2.487031614866718476e-01 2.834635118211388805e-01 8.197465280806225201e+04 7.252957235025479167e+04 7.415216656100976979e+04 6.647969029743793362e+04 5.496865397768850858e-01
4.059614735773388605e-01 5.391066646212111513e-01 2.790945084394678144e-01 4.403248427046831392e-01 2.465322466975756188e-01 2.954832057866794148e-01 2.674984239617967940e-01 8.999144959174761607e+04 1.106213178194973734e+05 7.765467833265483205e+04 5.785462031465828477e+04 2.655148897962181787e-01
2.432212841695439165e-01 5.304017431274408167e-01 5.602453653911375620e-01 4.486545058932975283e-01 2.086575690168525066e-01 1.852677853702399680e-01 3.583534644272252656e-01 1.554227717139363231e+05 1.073508239175597701e+05 8.030237907001812709e+04 4.143053465638448688e+04 3.671415753942028903e-01
9.744570587374065673e-02 1.160664208107410472e-01 1.107528194251576475e-01 1.129091607446651435e-01 1.084283121140099254e-01 1.061965700800153317e-01 1.118097485639094057e-01 9.939836637363636692e+04 8.375614892797380162e+04 7.820870693206680880e+04 3.080073826074055887e+02 1.068226761070610320e-01
3.440582979164305555e-01 5.610351502324827377e-01 3.269642548581956909e-01 4.548767818406640462e-01 1.922692160358741298e-01 2.385202765594003071e-01 2.545525405418926357e-01 1.354350205871445069e+05 1.193793457560646784e+05 7.571788090789000853e+04 5.034885790699028439e+04 2.438573396705492613e-01
3.474081652052214420e-01 6.459559027665775499e-01 2.522727479885789048e-01 5.137613056781353826e-01 1.489660343281366817e-01 2.090103525206977730e-01 4.242172473454442483e-01 1.056860660278935975e+05 8.341915188593645871e+04 7.653623908857592323e+04 1.079144347474948518e+04 2.218714770066085029e-01
4.633763155553991542e-01 4.811026730004595020e-01 2.664960038002520126e-01 4.722249733849537834e-01 2.622284861421262936e-01 1.665096601681430588e-01 3.522482294938292791e-01 9.705009997344489966e+04 1.123556282703439647e+05 7.865786773983649618e+04 6.051230761157278903e+04 2.397112153297840942e-01
4.613544505616447577e-01 7.209414260503814731e-01 2.592822501720920547e-01 4.929059203266386024e-01 1.949629036309945551e-01 3.421394919849935490e-01 3.670480040078947237e-01 1.275614247892184358e+05 5.087413008010210615e+04 7.259993931899355084e+04 1.662480590087490782e+04 2.161847322011660189e-01
5.704063699718237013e-01 5.659224244982390406e-01 5.723608155650258267e-01 5.270253147836381213e-01 3.649104529999010471e-01 4.367188370672508979e-01 6.209470995766591672e-01 1.923202109634798253e+05 1.488603368316215056e+05 8.515198211394957616e+04 1.684964697539909102e+05 4.767418448920378027e-01
1.417599297676171329e-03 6.170264595844100475e-01 7.367147442477827157e-01 -2.082253736577437675e-01 1.055492174342002598e-01 3.671719607402959551e-01 3.495150974278220524e-01 2.439367266758209444e+05 1.151861738112608873e+05 1.352113661386895983e+05 6.425244521524119045e+04 9.227317959319213114e-02
3.122659270953576094e-01 4.676503476429462736e-01 3.663146912960049684e-01 4.804380790422920211e-01 2.321727802999096479e-01 2.702989039637906377e-01 3.119743871483280362e-01 1.065933706130401988e+05 9.873823976035922533e+04 8.096977171177341370e+04 3.126709964197198860e+04 1.657790315543944959e-01
1.189673175457040127e-01 -1.416613364419227750e-01 -1.359428540782179062e-01 1.022862545052309752e-01 7.691389438051240979e-02 1.738345584296187296e-01 1.085010584190535671e-01 8.634084641367594304e+04 9.071000977145139768e+04 6.106154854808605887e+04 1.591285750677629767e+04 1.421885792549472671e-01
3.115834121101891951e-01 2.255816808656188888e-01 2.212941652444264384e-01 1.290937189750596403e-01 1.441510671031477342e-01 1.359237712803911813e-01 1.565829695097308571e-01 7.171256928851532575e+04 6.965731763074701303e+04 6.676656790183061094e+04 5.268055483779963106e+04 3.719649547794176003e-01
2.564935691178303889e-01 4.493780035777177329e-01 2.119188945292098947e-01 3.582222894218355935e-01 1.917585774594295911e-01 2.923504178092619088e-01 2.698540516461584993e-01 6.050238785630281200e+04 5.348815606882613793e+04 7.428000984577012423e+04 3.334840601038718887e+04 5.239655967851719609e-01
3.393933999395540857e-01 5.278225267459651926e-01 3.481065090113795168e-01 4.226424908682304138e-01 2.317520433837503280e-01 2.310966921535962670e-01 3.324549437700901056e-01 1.945357204657407710e+05 1.025448912177275488e+05 7.874023694892186904e+04 5.442200038349787792e+04 3.817179855077793005e-01
3.391784298124908004e-01 5.965266631177320589e-01 3.304043924996383774e-01 2.760224437996841029e-01 1.815887808409086257e-01 1.600603451722322768e-01 2.504474191697497187e-01 1.166352284428521234e+05 1.307726780011324008e+05 7.710543868672811368e+04 5.439572895063077158e+04 2.822526307456977301e-01
2.595300824134868511e-01 5.016307956158206904e-01 3.919636763874958518e-01 5.209743075677802926e-01 2.276893786413224652e-01 2.179053532159684614e-01 4.368105904361107017e-01 1.019898613380048628e+05 9.169240539403301955e+04 8.390581433923264558e+04 5.877059587424873462e+04 1.933696056864014079e-01
2.787012196911564654e-01 4.816215703697290240e-01 4.232031360479206472e-01 4.601328698342159185e-01 2.385995317938814919e-01 1.946841198806407713e-01 3.166753707637330884e-01 1.133464163930723589e+05 1.073486239027968550e+05 8.199733185616882110e+04 3.667337205062842258e+04 3.172571788158476402e-01
3.887671081378492599e-01 6.124189092379642707e-01 1.956882648969258398e-01 5.158200598890055888e-01 2.812459706840315654e-01 1.460731842488231513e-01 3.138163131054509392e-01 1.269940716865471040e+05 1.279024674951140914e+05 7.895086700150369143e+04 5.926622083957861469e+04 2.467693531949570751e-01
3.314638111445658564e-01 5.646608959870296207e-01 4.546967692083010992e-01 5.865325721317824481e-01 2.730564530727861428e-01 1.837133505614029494e-01 3.524911254043599507e-01 1.399677578299679735e+05 1.177348308137160202e+05 7.074962058296747273e+04 4.440927364894015773e+04 3.441597188093688531e-01
2.797517806452394229e-01 6.034252736881637880e-01 6.094301809068326525e-01 3.707139635943312861e-01 2.064473992113644574e-01 1.697682845626356518e-01 2.872655444432497540e-01 1.698754274534955621e+05 1.507769771334365651e+05 7.387650532778217166e+04 3.714147815347280994e+04 2.140391957547497226e-01
4.000368559966143711e-01 5.043301678604856370e-03 7.325952695377772050e-01 4.514284551991754046e-01 8.838431211592860659e-02 -4.735336339158403851e-02 3.870699318207773132e-01 2.592409004625914968e+05 1.574268191444188997e+05 1.145010255137153727e+05 1.419545085892857169e+05 9.614954179083923247e-02
2.351300771684924351e-01 5.847610941168109866e-01 4.777286545873824508e-01 5.049972642539690693e-01 2.548141827899055856e-01 2.181902053827379784e-01 2.918159755473028194e-01 1.371836619540936954e+05 1.142695752693847899e+05 8.029627073752968863e+04 4.735278668033820577e+04 1.568133196276788321e-01
3.244340292264805692e-01 5.592302348579996085e-01 3.961447369139510233e-01 4.431201601377511290e-01 2.367381885246188922e-01 2.831846365276117217e-01 4.087905494208757262e-01 1.098523137065364863e+05 1.185327181583698693e+05 7.679074515338688798e+04 5.621681256682198728e+04 3.594394408081557635e-01
5.654147216738507620e-01 5.803367543232270664e-01 4.322164742162563078e-01 6.758759766720549012e-01 2.423874122574331824e-01 5.778277096914948840e-01 5.889240188810953569e-01 2.612611398076892947e+05 2.076036248491464648e+05 8.486121225039236015e+04 6.783184597688764916e+04 5.984238084925344037e-01
3.438370538912516872e-01 5.401700737239949479e-01 2.586728126401068306e-01 3.679404347809566156e-01 2.633089910039225212e-01 2.030431257550869562e-01 2.873685881967068534e-01 1.242487054746931244e+05 1.211985828360418091e+05 8.598540825206905720e+04 6.988841800004894321e+04 2.857866970703291654e-01
2.568955978119553674e-01 3.937357008666477753e-01 2.228364214107789176e-01 2.999253275998774448e-01 2.331859394387618412e-01 1.918789090163434408e-01 3.332487515159530678e-01 1.554494962330654671e+05 1.057987878789281240e+05 7.944710329018831544e+04 8.581464474292873638e+04 3.332676030307325510e-01
3.109632298311567622e-01 4.731724901924673210e-01 3.492982074546863158e-01 4.612597703601826749e-01 2.943314045177272686e-01 2.205723273005751883e-01 3.396845398633630553e-01 1.229277624355994049e+05 9.988395902087572904e+04 6.865919462448479317e+04 5.631980985546970624e+04 3.205819809213620308e-01
2.253617291187305638e-01 6.143388126435921359e-01 3.577293490250532670e-01 5.517460785631308484e-01 1.814905862270119463e-01 2.760760950709365558e-01 3.224561397566078624e-01 1.080326512927625881e+05 9.333112571260573168e+04 7.669238044391879521e+04 7.688557809679290222e+04 3.453761725401192084e-01
-6.292139796465211210e-02 8.012752730323948747e-01 6.811659454478713460e-01 7.474052496072179919e-01 9.385863910169175428e-01 7.050242181654934326e-01 -5.794413056932954526e-02 9.391746693721387419e+04 8.665693960337081808e+04 6.685777791622963559e+04 6.071784912104593241e+04 -2.082243955381093414e-01
3.193267608567176841e-01 4.867870187991357733e-01 4.618309999236089314e-01 3.285748405108676606e-01 2.480055135623421836e-01 2.661294905211126771e-01 3.410417646643725265e-01 1.581431273595589737e+05 1.246295415388507245e+05 7.103470236528349051e+04 4.938412855087027128e+04 2.270652459270500190e-01
2.715889920501854404e-01 6.297499482745747557e-01 6.574503945562527596e-01 3.698465277127286899e-01 2.334371845595927253e-01 1.758221706655337391e-01 2.686018357041117799e-01 7.046877244199720735e+04 6.223721158748428570e+04 7.451949409845886112e+04 3.251265260737741846e+04 5.051739663690655302e-01
3.541580836487362438e-01 6.761038063676864107e-01 6.379618747143761537e-01 5.934635404627875976e-01 3.039856156052062608e-01 2.795051062222124738e-01 3.635294367230876844e-01 2.598852729496344982e+05 1.931397334708611306e+05 9.237333368925677496e+04 8.276789562735053187e+04 2.789928111367995234e-01
2.703564090892204286e-01 3.920454752496085327e-01 5.133772846080754126e-01 3.380278577522758954e-01 2.093866033863022447e-01 2.758692615314188301e-01 5.251854303063843155e-01 1.215053334171517927e+05 8.268807784125376202e+04 7.506171073889703257e+04 2.016266560812682292e+04 3.340270965654362767e-01
2.845360631070094071e-01 5.918673225839700125e-01 3.721266004894057677e-01 5.370519007931696676e-01 2.777147566256500388e-01 2.538232700866936420e-01 3.632203782705122341e-01 9.623341057681856910e+04 1.030568903198116022e+05 7.704800954670044302e+04 4.268718249750440737e+04 2.542762526786004895e-01
2.522933893553602758e-01 5.166949460121421644e-01 3.067741081184127694e-01 4.397352352139982656e-01 2.511782272854513609e-01 1.581314266957174197e-01 3.470718310600318102e-01 1.562817681585229293e+05 1.001489240766571456e+05 7.525705550613254309e+04 2.197603504472675195e+04 2.318841338561949406e-01
3.266761061706228153e-01 5.475886948874930660e-01 4.432217132959500039e-01 5.084262125707905700e-01 2.439478666815386165e-01 2.275777877658638204e-01 4.056348282062093302e-01 1.226536077849388676e+05 1.185798797935056355e+05 8.192655489762588695e+04 5.928534315449501446e+04 3.051611422105137694e-01
3.371521967398578012e-01 5.447565055452928684e-01 3.376656592869561324e-01 4.570125499263028024e-01 2.235772067919392092e-01 2.259392034541447547e-01 2.352543772476542450e-01 1.589880092006247432e+05 9.691503235541023605e+04 7.385417741955080419e+04 5.091880836486523185e+04 2.467591375721417957e-01
-2.996149781802977530e-01 -3.007144568523261174e-01 6.513338129959030942e-01 5.063181823962760175e-01 7.304358406814638327e-01 7.680280286027371117e-01 4.566609820654505270e-01 -3.236721718019139022e+06 2.565094722400120227e+05 6.645047843520002289e+02 2.606246786162100034e+05 -2.850290333743367710e-01
7.304163940348810113e-01 3.935174767063066570e-01 3.972064198079365283e-01 7.817715525340503124e-02 2.401115466351167460e-01 2.910122212181703860e-01 4.051325100563780701e-01 7.717408376375304942e+04 6.625840862912354351e+04 7.665171243712339492e+04 8.056625485945862602e+04 5.324921162290771059e-01
2.792112328339408367e-01 3.644162107530534711e-01 3.399198258460627842e-01 4.658246542726917072e-01 1.923424628751223275e-01 2.423954166944705946e-01 3.343499666549463178e-01 1.656265222447932756e+05 1.109161814177328342e+05 8.096757492661471770e+04 6.090253757934978057e+04 2.286980690014237538e-01
3.726448872693396419e-01 4.427796581781840435e-01 2.595528906134044189e-01 5.592835408109565476e-01 1.902572172069349754e-01 2.254187259732828019e-01 2.776117145685160215e-01 1.301472378024976497e+05 1.635721692808044609e+05 7.783600976210697263e+04 7.366883388631499838e+04 3.003875693129683944e-01
3.434729841575529519e-01 5.579289922629755427e-01 1.932605861940654979e-01 5.001341260927443244e-01 2.380009897114871709e-01 2.341744108782472245e-01 2.814101735780971114e-01 8.109711722947951057e+04 7.171796555267901567e+04 7.427840029902150854e+04 6.268116343314959522e+04 5.445883729973239884e-01
3.961443760476093812e-01 6.223711140427040656e-01 4.702758956098435084e-01 4.569992787096219811e-01 2.122598861528132985e-01 1.515130883047808852e-01 2.710562176460114547e-01 1.262884887466938235e+05 1.053852188927943789e+05 8.653015641456667800e+04 6.219884160565899947e+04 2.279776421444493495e-01
3.740565916136103786e-01 6.318016149916139135e-02 3.114325348207762079e-01 5.726764334513032573e-01 2.514589777655942826e-02 1.047935396593656227e-01 3.353644928714876738e-01 1.795912569580526615e+05 9.999480109922666452e+04 1.186993032092713693e+05 8.277695484043550096e+04 8.676825195443554906e-02
3.427287391978286468e-01 6.279105247463436790e-01 4.481520671412403956e-01 3.772247852116222266e-01 2.402984857516311523e-01 2.675967712891244576e-01 3.003637699158366314e-01 9.900284266978147207e+04 1.003623672863262473e+05 7.831624676822462061e+04 5.017379786123263330e+04 2.245722247884993916e-01
3.530264577853399754e-01 6.311150941663776770e-01 4.221276445896112728e-01 3.866553755635566691e-01 2.025220657486692943e-01 1.630283474386341747e-01 2.190247268325452579e-01 8.857972186511728796e+04 9.862735304992194870e+04 7.064701848916652671e+04 5.186070311326158117e+04 1.746508772033705248e-01
2.822127356019327737e-01 5.689789830559983663e-01 5.553205576883695205e-01 5.176214056789265605e-01 2.642516407031437753e-01 2.847113145044404825e-01 2.683848037414659493e-01 1.606249200678264024e+05 1.165238520544131461e+05 7.539546648501265736e+04 4.547886507339504897e+04 3.157387103209291501e-01
-6.220492394584715978e-02 5.407161592392164540e-01 9.542138356152392309e-02 5.833208798979555576e-01 2.125977210435220366e-01 -4.852232004824018341e-02 -9.786441598697019628e-02 6.683608649501531909e+04 6.444874133507085935e+04 6.801337805734937137e+04 4.106363667354994686e+04 4.675131119252192713e-01
3.679474768779761873e-01 4.882700575628334816e-01 4.515042628104076750e-01 3.885323215783173523e-01 2.688327555245831890e-01 2.838323886831243814e-01 3.664594514149975280e-01 1.429244696224038198e+05 9.926577954208849405e+04 8.188445602240751032e+04 1.920803197883110624e+04 2.883905234523849725e-01
2.646457820637861946e-01 6.351242327766566387e-01 6.582147582111655959e-01 3.720696543895716246e-01 2.361019668721609233e-01 2.044522316052590216e-01 2.752268307935629710e-01 7.375234016378696833e+04 6.503228676289565192e+04 7.450749250456246955e+04 3.794132538343541819e+04 3.861983262270506922e-01
3.191944846118611179e-01 5.621678434766874677e-01 3.292234100925826579e-01 4.250036914285597600e-01 2.513301576957373551e-01 2.289694640704409700e-01 2.764211934940388748e-01 1.957752190564258490e+05 1.235685316718569520e+05 8.214520074958514306e+04 5.171329049275337456e+04 3.430725533097197522e-01
3.199319977852747021e-01 5.558586135434224751e-01 4.567077898855170237e-01 5.710459374403815680e-01 2.750130813405458063e-01 2.089619255964761946e-01 3.173753130162623171e-01 1.421367488163209346e+05 9.440693974912095291e+04 8.264368603968412208e+04 3.823707619287187117e+04 3.923835658484633448e-01
5.484574770403426447e-01 5.913559301130785206e-01 5.914931960655487320e-01 5.581673145163076333e-01 3.756678938937761947e-01 4.315660817669925708e-01 6.250671701391025126e-01 2.611971282225532050e+05 2.382865224148173002e+05 7.233642026663523575e+04 1.862622303104925668e+05 4.224951540143864759e-01
1.673203386265748882e-01 5.101864087099841072e-01 2.397571675393248558e-01 4.146089604293142217e-01 1.571106506177742945e-01 2.919685977028962931e-01 2.440433253391225965e-01 1.154630537069312413e+05 8.100045898172739544e+04 6.985176600416735164e+04 4.475728351055993699e+04 3.365233836022489822e-01
1.115413660698682113e-01 5.011875055691409342e-01 5.854247662634545213e-01 -2.395946949444211493e-01 2.207123844500716858e-01 -1.646024921972786270e-01 2.521408265527982917e-01 1.506000103319426998e+05 1.142246137866991630e+05 8.604991909481948824e+04 9.934890026715470594e+04 -2.151600198839950517e-01
2.679600222165360313e-01 4.771338886564309156e-01 3.700234869699396412e-01 5.116057245845668788e-01 2.753089776419763712e-01 2.637888565436041777e-01 3.131442684804315313e-01 1.130139041149975965e+05 1.143408396517916408e+05 7.871670531459485937e+04 4.632347575500738458e+04 3.405218871078334320e-01
3.274123771745610645e-01 6.126772008344795184e-01 5.328287395635860069e-01 4.827890497831772709e-01 1.950259757321377019e-01 2.708618632917522140e-01 2.848736048012335820e-01 1.513540808583653416e+05 1.424724606731687672e+05 7.085678259222049383e+04 8.059117617558831989e+04 2.156533572008950128e-01
3.646305797502082946e-01 5.663007506730379781e-01 7.885134781326033626e-02 4.348324663359429687e-01 2.565655026445534670e-01 2.210414278628905771e-01 2.718023174215191129e-01 1.525849312401495117e+05 1.214007772427495074e+05 8.469616913517232751e+04 4.804921192027971847e+04 2.402808210848017267e-01
3.377128729877878488e-01 4.522312194088524140e-01 3.508006407918036196e-01 4.685684726496214259e-01 2.213100719304091080e-01 1.948209625630276109e-01 2.597073489432486504e-01 1.167308208230971941e+05 7.933762805052021577e+04 8.102496882458060281e+04 4.898366252713691210e+04 2.582248449001466883e-01
3.072012088558409015e-01 5.240373422492081712e-01 3.731061697361722218e-01 3.866057261823923619e-01 2.315350344933629900e-01 2.213511565098761902e-01 3.872462584429184895e-01 1.166174651604498213e+05 9.904720290158528951e+04 7.988967802914629283e+04 4.600960786097025266e+04 2.074717374688613003e-01
2.959373791740774196e-01 6.102181030823491392e-01 2.593891290682937001e-01 5.904603589561872035e-01 2.309564196419468252e-01 2.894339566447147738e-01 3.499175436199522538e-01 1.129058975533024786e+05 1.185571985658041231e+05 7.126684620970443939e+04 5.322791366801318509e+04 2.778781975991361231e-01
1.037127103929752492e-01 1.057786537387587766e-01 1.060742106879152546e-01 1.008047676578485846e-01 1.132048054782712754e-01 1.114733520016129575e-01 1.075994552344073790e-01 7.463721655353247479e+04 7.458157276635296876e+04 6.568739820301247528e+04 1.520189951615079372e+04 1.123828997530297302e-01
5.992044208540391326e-01 6.641748922014312217e-01 5.992411723150006253e-01 4.716180304448411853e-01 3.878449434646155103e-01 3.934015953427181245e-01 5.565076567601416890e-01 1.208352392070346832e+05 9.825752453460333345e+04 8.169574130222447275e+04 9.071620976859491202e+04 3.021831281835101746e-01
-1.961525789477080728e-01 1.551099530090695455e-01 6.837203097419376763e-02 -2.614517247958575430e-01 1.205548399030663964e-01 -1.849637839180205412e-01 -2.129414722267259086e-01 9.979300824233701860e+04 9.958576984024309786e+04 6.421635873151561827e+04 3.354519073125403520e+04 -2.213969052875731924e-01
-1.903055483224982691e-01 2.249661993925294867e-01 -1.834685855085130268e-02 -2.336780719277511131e-01 1.623563039068521285e-01 -1.886586085273088964e-01 -2.259437839374708878e-01 6.687085502149222884e+04 6.884105345607989875e+04 6.350123364272719482e+04 7.156466759794534300e+04 4.613818361151154068e-01
3.622708796296807976e-01 3.517965352491818076e-01 1.962382938345990924e-01 3.259647061945203927e-01 1.843903133293510743e-01 2.244142739848436208e-01 2.608683906145339293e-01 5.411209724949086376e+04 5.070460208122770564e+04 6.990941844962198229e+04 2.575584730274293179e+04 4.305180109431910873e-01
6.190715412428491327e-01 5.951795814052790456e-02 6.937507287906703457e-01 6.573110819737548738e-01 5.296495320737562573e-02 2.837942916602927135e-02 6.039399283152543374e-01 2.617322021023874113e+05 1.047970662168942217e+05 1.823845401315074123e+05 2.618035919857528061e+05 1.074697393792518330e-01
2.726130174652214855e-01 5.992549713730536132e-01 1.738603195459390571e-01 6.737829988961067107e-01 2.459328486003850567e-01 2.017879084143553436e-01 2.862720654431737954e-01 1.755298401074327994e+05 1.566021816809737065e+05 7.351620005408866564e+04 3.873162922380129748e+04 2.093564032818625020e-01
4.401066142234181799e-01 9.921197587544474672e-01 7.630435214943283029e-01 6.823636532540219291e-01 8.385765322776166375e-01 9.281864003159256971e-01 5.721101776690354912e-01 2.546320090422110225e+05 2.302142505821627274e+05 7.246400781905482290e+04 6.518522315382603847e+04 4.150438855880980715e-01
4.944910714993225320e-01 6.206514097273392316e-01 5.731757538989229461e-01 4.616307407292209453e-01 8.400751064409860414e-01 4.958360752982020059e-01 7.164897423934829535e-01 1.335249269961487444e+05 1.166018251450390380e+05 7.533278922673844500e+04 4.528463881613224657e+04 2.352134309376222310e-01
3.656627033816786665e-01 6.483148563872319636e-01 4.052863980821908019e-01 4.270624047284991565e-01 2.531527093463217803e-01 1.983011406230221763e-01 3.767750228930640821e-01 4.307115715885018290e+04 8.532077106538221415e+04 8.148427034630552225e+04 4.769910396043737273e+04 3.043771359024495804e-01
6.041971120399618478e-01 6.567122818195219036e-01 4.874910690107238098e-01 6.608488545004774783e-01 4.181716869265067471e-01 4.421265475469181028e-01 4.951331596334975216e-01 2.588232415975792101e+05 2.249649771977369383e+05 7.624177740383236960e+04 1.908581868068026379e+05 6.659208666967348922e-01
3.353870465384276578e-01 6.733433026788686604e-01 5.185665559961125659e-01 3.830537286752834225e-01 2.212549956943888063e-01 1.706683476721649051e-01 2.960592592162797909e-01 1.631451210612611321e+05 1.094799992575515207e+05 7.922457733760795963e+04 6.131514477158631780e+04 3.280339349950604499e-01
4.342541231845806760e-01 4.897156665537699682e-01 3.982585086503880323e-01 5.727314244762077289e-01 2.571935564874648916e-01 2.387187614920031065e-01 3.351126838332524338e-01 1.066148787352731015e+05 9.856711330801925214e+04 7.898462807017851446e+04 3.763497352001092077e+04 2.309047358488717228e-01
3.848580781916403626e-01 4.207334497487725256e-01 4.671121016812091464e-01 5.031749560197864568e-01 2.614249521586856639e-01 2.102798017040933276e-01 2.628684052614629341e-01 9.347918780586370849e+04 1.227135621139837021e+05 7.937550110824080184e+04 5.675580297863203305e+04 3.453797584233492257e-01
3.221067863596578373e-01 5.038882744863353302e-01 3.441097849432980249e-01 4.657679781831076116e-01 2.617164884821211457e-01 2.829179281687512204e-01 3.751993155778449718e-01 1.326861708817494800e+05 1.294905516406493844e+05 7.377222731375883450e+04 5.526119124737389211e+04 2.647474562552998290e-01
1.039227955798467384e-01 4.409468688266807712e-01 4.757505575476054793e-01 2.047579584284328347e-01 1.335601694508346260e-01 1.237259481109602710e-01 1.444197609595333220e-01 8.118507818647769454e+04 7.139061188193497946e+04 7.436329858157542185e+04 1.026043905348579392e+04 1.333634091544942946e-01
2.949143680861620598e-01 6.200633733837376260e-01 3.309469577954546882e-01 5.275387200321531855e-01 3.119717848052266373e-01 3.180360176185386689e-01 3.223637761355390707e-01 1.138658835897283570e+05 1.001584822515168198e+05 7.461011106713881600e+04 3.533738477695160691e+04 2.437653086610180875e-01
3.279857737806073925e-01 5.711527624952436044e-01 3.617587396698544455e-01 5.354496024305569479e-01 2.306480886623608617e-01 2.415948783926360199e-01 3.200671940899685319e-01 1.159108119827618211e+05 1.130169034684008511e+05 7.616702481580527092e+04 6.619715234275486728e+04 2.288656332524461323e-01
2.771956213847391326e-01 2.461568935484095277e-01 3.173282881407906153e-01 3.176311440031154842e-01 1.562777952617651345e-01 1.862369437454904630e-01 2.679485648505660067e-01 1.857503758932450437e+05 8.735492852401001437e+04 1.418876528106509359e+05 8.540526173226123501e+04 2.040975018943887720e-01
2.827009369739883621e-02 3.743529867498038982e-02 8.892064645163463843e-02 5.600520333282706792e-02 1.032517492172692619e-01 2.902248427305813630e-02 3.140968255030502504e-02 1.430732525572689483e+05 9.540728670203658112e+04 9.875941323493640812e+04 -2.499350162863119294e+03 1.939714950392723569e-02
4.043499462903221708e-01 5.818122074451816950e-01 5.112400914117654072e-01 4.524576156650081948e-01 2.142899787946673518e-01 1.798777822624479938e-01 3.537249502205998541e-01 1.059043880053309549e+05 9.885434522907307837e+04 8.595881163263894268e+04 6.931536415491627122e+04 2.698353061352274374e-01
3.091633936609745059e-01 5.815035440259956889e-01 6.161504363780579974e-01 3.518575104126632214e-01 2.300539646031578012e-01 1.870467778504719680e-01 2.802403681229309607e-01 8.418271679491657414e+04 7.512596977231297933e+04 7.356004793148905446e+04 5.852457076814149332e+04 5.451368941370651200e-01
5.485438008644158980e-01 6.511547917853123257e-01 5.825747638940758089e-01 5.953233015523915483e-01 9.081926386971990173e-01 6.420831391154889767e-01 6.727863692492431769e-01 9.184148623371197027e+04 7.930510801889760478e+04 7.647940618551542866e+04 4.579175387236016104e+04 4.115326051419638809e-01
3.298008210258832063e-01 5.625242490382269533e-01 3.722380926905970444e-01 3.918391815428353131e-01 1.976822803379265914e-01 2.430007832639693166e-01 2.014408030729124832e-01 1.638539256172487221e+05 1.070944970426927321e+05 8.196199399938869465e+04 5.523829226635875966e+04 3.178149778385128688e-01
3.550105489477356491e-01 4.898959863030269979e-01 -5.601372223986202797e-02 6.527678298015066050e-01 2.486135446709699104e-01 1.240738291022951134e-01 4.105685318981829313e-01 1.139931607980586268e+05 1.057735317774060386e+05 7.199367079018730146e+04 5.935390967444087437e+04 1.852661718527648660e-01
2.822809504906659273e-01 5.446034193574504911e-01 2.274180216287619016e-01 4.013557502315934222e-01 1.527482118448296455e-01 2.504162089816766024e-01 3.433397516964777907e-01 1.315467187649324769e+05 9.626490065158216748e+04 7.948079612531868042e+04 6.987003849273243395e+04 2.000982716782955528e-01
2.503428925242118797e-01 1.687616535435745302e-01 1.715525453311231296e-01 2.664467015782504000e-01 8.327994281575538948e-02 3.515165113089082083e-01 3.314783825539446838e-01 1.721096182610094256e+05 1.128749135266078811e+05 1.007848654720115155e+05 1.217158911911164432e+04 3.341744332212479018e-01
3.087470009459090670e-01 4.882340914932272180e-01 2.872163421555533613e-01 4.636235201375116799e-01 1.966597741438566027e-01 2.257306341414873907e-01 3.048306365254442873e-01 1.331704351796827978e+05 8.744995216771334526e+04 8.147901423345386866e+04 8.577001823806097673e+04 2.076628223803138606e-01
2.064871373615950467e-01 6.124440808485430709e-01 1.917451587593169970e-01 6.649875575379448067e-01 2.500216965368131650e-01 1.600089267388672409e-01 1.495086781730924630e-01 1.333826014122703637e+05 1.197461837426678103e+05 7.326322082818231138e+04 3.973285552359439316e+04 1.117920367666922626e-01
5.019516036405096138e-01 5.388375533568481313e-01 6.339243521766175782e-01 4.755518456717396925e-01 3.242448834746965991e-01 3.913415783275897564e-01 5.969128189740731116e-01 1.479461490366681246e+05 1.211329174180791015e+05 8.032011521335321595e+04 1.306698570321430598e+05 3.483502429909073328e-01
9.746145546762925438e-01 6.080350824218069272e-01 6.512238856705372392e-01 7.483496190430029005e-01 3.902248851718966294e-01 4.206220208685093054e-01 6.648861334175453219e-01 1.281924598690467537e+05 7.836971853676062892e+04 1.084337718798771675e+05 1.444054608266443247e+05 4.183150143782206065e-01
2.635016877954655112e-01 5.471867532383253296e-01 3.412848705026622076e-01 2.852006705709709267e-01 2.462420663541367571e-01 1.933553428627333426e-01 3.915786848673729059e-01 1.733396086797132739e+05 9.691599183883244405e+04 7.940842931791613228e+04 3.157675906074552040e+04 3.700633802586351107e-01
6.034982857200665851e-01 3.500641685506943740e-02 5.163423228195513914e-01 4.974241533075666188e-01 7.352123335608833077e-02 1.006420137072897153e-01 5.575360172447815232e-01 1.539851666076443216e+05 7.413869425324644544e+04 1.425390190647134441e+05 1.836956634704209573e+05 4.429256467763614119e-02
4.035434703743959739e-01 6.683323349914361833e-01 2.547139320377165284e-01 4.509926165959554090e-01 2.100689958548170033e-01 1.281380216960619767e-01 3.519300757725657425e-01 2.219915137236864248e+05 1.104216103897681460e+05 7.864563970800198149e+04 3.903604314611798327e+04 2.632944634515063664e-01
