2.000000000000000000e+00
5.000000000000000000e+00
1.800000000000000000e+01
2.500000000000000000e+01
3.500000000000000000e+01
3.700000000000000000e+01
4.400000000000000000e+01
4.500000000000000000e+01
4.700000000000000000e+01
5.500000000000000000e+01
5.700000000000000000e+01
5.800000000000000000e+01
6.100000000000000000e+01
7.800000000000000000e+01
8.400000000000000000e+01
9.700000000000000000e+01
1.030000000000000000e+02
1.040000000000000000e+02
1.060000000000000000e+02
1.090000000000000000e+02
1.100000000000000000e+02
1.130000000000000000e+02
1.190000000000000000e+02
1.250000000000000000e+02
1.280000000000000000e+02
1.310000000000000000e+02
1.500000000000000000e+02
1.510000000000000000e+02
1.540000000000000000e+02
1.570000000000000000e+02
1.610000000000000000e+02
1.640000000000000000e+02
1.660000000000000000e+02
1.710000000000000000e+02
1.750000000000000000e+02
1.780000000000000000e+02
1.800000000000000000e+02
1.820000000000000000e+02
1.900000000000000000e+02
1.940000000000000000e+02
1.950000000000000000e+02
1.970000000000000000e+02
2.050000000000000000e+02
2.060000000000000000e+02
2.200000000000000000e+02
2.210000000000000000e+02
2.280000000000000000e+02
2.300000000000000000e+02
2.340000000000000000e+02
2.360000000000000000e+02
2.380000000000000000e+02
2.390000000000000000e+02
2.460000000000000000e+02
2.470000000000000000e+02
2.500000000000000000e+02
2.550000000000000000e+02
