3.965820439253190943e-01 5.641207872176928761e-01 3.897583450713084097e-01 4.064740509476124086e-01 2.267179331812463894e-01 2.782543251167643450e-01 2.652714859419552096e-01 1.433276847760074306e+05 9.841564000040364044e+04 7.995836234160749882e+04 5.459170746704430348e+04 2.558399701963512962e-01
2.732735054813925646e-01 5.969556165727412100e-01 5.864510520163098706e-01 2.175546063566964894e-01 2.230196387057600538e-01 2.000326739072009752e-01 2.536472073530511850e-01 9.985810248921300808e+04 8.907872023128367437e+04 7.334537850078244810e+04 3.588523008344637492e+04 1.979919693289275417e-01
2.827681315110505689e-01 6.101867754705332381e-01 1.796821411336558816e-01 4.314139543640607144e-01 2.215686315016887342e-01 2.194521171224535772e-01 2.876093807546302172e-01 1.534424205331958947e+05 1.359688217354083317e+05 7.415780425717288745e+04 4.040233885341043788e+04 2.127452832085522383e-01
3.588316710354348960e-01 5.415317350976124322e-01 3.447274051853403964e-01 4.967871170888578103e-01 2.551730860650922028e-01 2.967479861981818234e-01 3.358189818605445964e-01 1.034424984467760078e+05 1.085516362401027436e+05 7.620994916632224340e+04 3.930906420749209065e+04 2.419665065988208241e-01
2.389611258645508995e-01 6.653259991414950392e-01 4.210396177262608619e-01 5.092169122796569303e-01 2.223462616043399842e-01 1.953536020646528815e-01 3.342900384121954560e-01 9.194853510101916618e+04 9.178959049566322938e+04 7.936136633621281362e+04 4.707276670952960558e+04 2.868336607595883825e-01
5.693559740409358527e-01 5.906744612018635099e-01 3.803417707918602120e-01 2.935089417337138351e-01 1.692478124054352107e-01 1.526127073030448256e-01 4.858750169286444875e-01 1.274610705577324698e+05 1.172222763228132535e+05 7.225294695852235600e+04 1.976899871063477258e+04 1.676482346365910647e-01
2.868653308179556216e-01 6.336548123128568077e-01 6.365446282620507157e-01 3.862736676710635253e-01 2.334451836480782305e-01 2.169133391395520472e-01 2.868789675034844611e-01 1.137683788190815394e+05 9.940824897811752453e+04 7.510040077817693236e+04 4.272347801017522579e+04 2.085884070850700378e-01
2.958374223029197059e-01 6.298403383808418576e-01 1.992995320571614992e-01 6.839955912468173027e-01 2.722111277890057468e-01 2.546497350355086953e-01 2.875425408731080990e-01 1.143610916245832632e+05 9.980223874499158410e+04 7.521749392981459096e+04 4.498390965937994770e+04 2.062983059412263065e-01
3.612369562090693154e-01 6.914764438785323541e-01 5.548291332778610974e-01 3.453720064145979762e-01 2.499150251993550453e-01 1.649936466140058677e-01 3.797065050193444424e-01 6.392444074995366100e+04 9.016862030533759389e+04 7.740983461607877689e+04 4.307113079508627561e+04 2.604588750731362534e-01
3.216603209974963073e-01 6.206992179656388720e-01 6.247445994977085526e-01 3.811475751046913829e-01 2.284070795828647971e-01 1.843250416359384358e-01 2.670372557538784886e-01 1.397879741000953072e+05 1.221943393272166140e+05 7.513918811129748065e+04 4.615445803478244488e+04 2.082862141821455737e-01
2.561603848450065279e-01 5.461958483561205613e-01 3.066636852502088173e-01 4.805373106826957286e-01 2.636876987038775932e-01 2.688736996529093037e-01 3.067876800261958303e-01 1.520016978372025769e+05 1.132125271917357168e+05 7.518030028777182451e+04 3.761343142046200956e+04 2.824168473434771620e-01
6.289316556538291358e-01 6.107272620769900184e-01 2.434948947905252459e-01 6.599355799202765160e-01 7.401785086169363481e-01 3.234077837733511096e-01 6.078792478863812576e-01 1.340794260501798126e+05 1.177245156380208355e+05 7.481032795080989308e+04 4.562532362090620154e+04 2.145453444596900627e-01
2.774146353564608813e-01 6.362355610923473570e-01 2.452688343002995541e-01 4.857521431355944497e-01 2.294093493826293018e-01 2.512137724141390582e-01 2.680817573587585545e-01 1.261729325118128618e+05 1.163771693770030688e+05 7.156421805888581730e+04 4.827986693218282744e+04 2.575509749622344469e-01
3.671450934793654697e-01 6.316071580705872046e-01 4.182666672660899088e-01 6.674094486679333915e-01 2.045861183046567000e-01 2.098967073711902609e-01 3.389792317657516207e-01 1.224455850549542956e+05 9.684274368378757208e+04 7.317727011513402977e+04 3.712568454169124016e+04 2.711087024100808929e-01
3.440582979164305555e-01 5.610351502324827377e-01 3.269642548581956909e-01 4.548767818406640462e-01 1.922692160358741298e-01 2.385202765594003071e-01 2.545525405418926357e-01 1.354350205871445069e+05 1.193793457560646784e+05 7.571788090789000853e+04 5.034885790699028439e+04 2.438573396705492613e-01
3.391784298124908004e-01 5.965266631177320589e-01 3.304043924996383774e-01 2.760224437996841029e-01 1.815887808409086257e-01 1.600603451722322768e-01 2.504474191697497187e-01 1.166352284428521234e+05 1.307726780011324008e+05 7.710543868672811368e+04 5.439572895063077158e+04 2.822526307456977301e-01
3.887671081378492599e-01 6.124189092379642707e-01 1.956882648969258398e-01 5.158200598890055888e-01 2.812459706840315654e-01 1.460731842488231513e-01 3.138163131054509392e-01 1.269940716865471040e+05 1.279024674951140914e+05 7.895086700150369143e+04 5.926622083957861469e+04 2.467693531949570751e-01
2.797517806452394229e-01 6.034252736881637880e-01 6.094301809068326525e-01 3.707139635943312861e-01 2.064473992113644574e-01 1.697682845626356518e-01 2.872655444432497540e-01 1.698754274534955621e+05 1.507769771334365651e+05 7.387650532778217166e+04 3.714147815347280994e+04 2.140391957547497226e-01
2.351300771684924351e-01 5.847610941168109866e-01 4.777286545873824508e-01 5.049972642539690693e-01 2.548141827899055856e-01 2.181902053827379784e-01 2.918159755473028194e-01 1.371836619540936954e+05 1.142695752693847899e+05 8.029627073752968863e+04 4.735278668033820577e+04 1.568133196276788321e-01
2.845360631070094071e-01 5.918673225839700125e-01 3.721266004894057677e-01 5.370519007931696676e-01 2.777147566256500388e-01 2.538232700866936420e-01 3.632203782705122341e-01 9.623341057681856910e+04 1.030568903198116022e+05 7.704800954670044302e+04 4.268718249750440737e+04 2.542762526786004895e-01
3.427287391978286468e-01 6.279105247463436790e-01 4.481520671412403956e-01 3.772247852116222266e-01 2.402984857516311523e-01 2.675967712891244576e-01 3.003637699158366314e-01 9.900284266978147207e+04 1.003623672863262473e+05 7.831624676822462061e+04 5.017379786123263330e+04 2.245722247884993916e-01
3.530264577853399754e-01 6.311150941663776770e-01 4.221276445896112728e-01 3.866553755635566691e-01 2.025220657486692943e-01 1.630283474386341747e-01 2.190247268325452579e-01 8.857972186511728796e+04 9.862735304992194870e+04 7.064701848916652671e+04 5.186070311326158117e+04 1.746508772033705248e-01
2.959373791740774196e-01 6.102181030823491392e-01 2.593891290682937001e-01 5.904603589561872035e-01 2.309564196419468252e-01 2.894339566447147738e-01 3.499175436199522538e-01 1.129058975533024786e+05 1.185571985658041231e+05 7.126684620970443939e+04 5.322791366801318509e+04 2.778781975991361231e-01
2.726130174652214855e-01 5.992549713730536132e-01 1.738603195459390571e-01 6.737829988961067107e-01 2.459328486003850567e-01 2.017879084143553436e-01 2.862720654431737954e-01 1.755298401074327994e+05 1.566021816809737065e+05 7.351620005408866564e+04 3.873162922380129748e+04 2.093564032818625020e-01
4.944910714993225320e-01 6.206514097273392316e-01 5.731757538989229461e-01 4.616307407292209453e-01 8.400751064409860414e-01 4.958360752982020059e-01 7.164897423934829535e-01 1.335249269961487444e+05 1.166018251450390380e+05 7.533278922673844500e+04 4.528463881613224657e+04 2.352134309376222310e-01
2.949143680861620598e-01 6.200633733837376260e-01 3.309469577954546882e-01 5.275387200321531855e-01 3.119717848052266373e-01 3.180360176185386689e-01 3.223637761355390707e-01 1.138658835897283570e+05 1.001584822515168198e+05 7.461011106713881600e+04 3.533738477695160691e+04 2.437653086610180875e-01
2.064871373615950467e-01 6.124440808485430709e-01 1.917451587593169970e-01 6.649875575379448067e-01 2.500216965368131650e-01 1.600089267388672409e-01 1.495086781730924630e-01 1.333826014122703637e+05 1.197461837426678103e+05 7.326322082818231138e+04 3.973285552359439316e+04 1.117920367666922626e-01
4.035434703743959739e-01 6.683323349914361833e-01 2.547139320377165284e-01 4.509926165959554090e-01 2.100689958548170033e-01 1.281380216960619767e-01 3.519300757725657425e-01 2.219915137236864248e+05 1.104216103897681460e+05 7.864563970800198149e+04 3.903604314611798327e+04 2.632944634515063664e-01
