3.032316988683469994e-01 5.148558784107832853e-01 3.526268995626372638e-01 3.641646636813784532e-01 2.033554166870351065e-01 2.488732278304722767e-01 1.979352250119305878e-01 8.305651996456591587e+04 6.699138725038604753e+04 8.172596372008240724e+04 2.730792058985737094e+04 2.094972851683883641e-01
3.530059342604727757e-01 5.899688080582524696e-01 2.474131144605873078e-01 5.378143879352067502e-01 1.849910530474550563e-01 2.149721114105422881e-01 2.193578678341571442e-01 1.283648868644772447e+05 9.672172553079474892e+04 8.720804227592660754e+04 3.613560867023848550e+04 2.138406818203298920e-01
3.531217137328894751e-01 5.346102257752570752e-01 4.157769202026503907e-01 4.120032139128508852e-01 2.743588540642335483e-01 3.131562048048185942e-01 2.720381105197813842e-01 1.256746052622248972e+05 9.609041865472424251e+04 8.652289379338074650e+04 3.201742677478758196e+04 2.517966572649610879e-01
3.670438394403934268e-01 6.168397240248180147e-01 7.333243615234090740e-01 4.082373257412191814e-01 1.975051984145855533e-01 3.266038248690118495e-01 2.616560851153623690e-01 1.301952421713581134e+05 1.005258006513765868e+05 8.486063276730386133e+04 4.024518048982106848e+04 2.585813887731281957e-01
3.566502975629510797e-01 5.886153531725750732e-01 2.546990201774648188e-01 4.876929514916107378e-01 2.067585295908896670e-01 3.093873014698507173e-01 2.747904089295067909e-01 1.673232175438037375e+05 1.340023878487845359e+05 8.188529036771472602e+04 4.530743223656947521e+04 2.710618587151884529e-01
3.806098353191776917e-01 5.925797593262879248e-01 6.638911759408692159e-01 4.233853501076362824e-01 1.912991306874999020e-01 3.453656802456817609e-01 2.951692932644596756e-01 1.385581386862720246e+05 9.425437798548710998e+04 8.005552303648460656e+04 4.078529578342309833e+04 2.537453207978784819e-01
4.433888663713376754e-01 5.909301237344443125e-01 3.200781608091643471e-01 5.881824265705221100e-01 2.419673801540051516e-01 3.555971564300083321e-01 3.237197433933578505e-01 9.258556199425343948e+04 9.586844784972224443e+04 8.449394303714636771e+04 5.406658421968281618e+04 2.136266953040421579e-01
3.805962902829236327e-01 6.231043460262454259e-01 -1.767634799203261498e-01 8.244653825428595040e-01 3.630034637938597264e-01 4.293773045303623248e-01 2.192161768745154449e-01 7.200104773526795907e+04 5.095206462082723738e+04 9.169598393619959825e+04 2.972287221223067536e+04 2.408889579982536888e-01
2.596290959875234838e-01 5.858511491732634191e-01 1.169566083719123795e-01 6.836449892719217436e-01 1.902103355424264175e-01 4.528550428824781870e-02 1.202061739038821908e-01 1.495728211612529703e+05 1.169690370938337728e+05 8.443515297572522832e+04 3.866895992457555985e+04 8.395050110914895058e-02
3.539667724242954172e-01 6.294119412008319925e-01 7.161113433749701773e-01 4.168707374530829513e-01 2.001805078311527930e-01 3.424753224755602288e-01 2.773678392190676578e-01 8.150081798821025586e+04 5.891836515165814490e+04 9.143543444841050950e+04 5.842054336165238783e+04 2.561085203254941378e-01
2.984788889022804703e-01 5.944874725206235055e-01 -7.497321014202738831e-02 6.969126504406077949e-01 1.947607686442804076e-01 2.339476238499124672e-01 2.005710512080333408e-01 9.586275502423640864e+04 7.307890000893542310e+04 8.759663748741909512e+04 3.774899289191779098e+04 1.835438540005608354e-01
4.415306061034514062e-01 5.615750529763249288e-01 4.979695042588307974e-01 4.397566495989717605e-01 1.975779409798344710e-01 2.686522915736681560e-01 2.168645221171593696e-01 1.215257140960937395e+05 1.124076341971896036e+05 9.164887199764145771e+04 4.804125937721272931e+04 2.579692607288844863e-01
4.768833191233199376e-01 6.394027187318529482e-01 7.425462579526258544e-01 4.282476003762875072e-01 2.003485151697604050e-01 5.175090236411563627e-01 5.700136644574950173e-01 1.171035411619957595e+05 8.611264163071829535e+04 8.709667327963294520e+04 4.690890375293220131e+04 2.975456418059678754e-01
3.623157886656590554e-01 6.243735826246448184e-01 4.082910605594310960e-01 6.783897056791939884e-01 2.774144676954390931e-01 3.218408919445410743e-01 2.704746008402147406e-01 1.193339231578071631e+05 9.216876166427067074e+04 8.548965566900165868e+04 3.200852007837122437e+04 2.565368603922957846e-01
4.117588030301749247e-01 5.791394006050750720e-01 6.028316739212510322e-01 3.986516122935781503e-01 2.266083611247406981e-01 3.226622558780875005e-01 3.087295218174797018e-01 1.136672273979686579e+05 1.330538342934807006e+05 8.655301384866051376e+04 4.164562277605017880e+04 3.159423796925745487e-01
4.631899026014351661e-01 5.234765135119123780e-01 7.083618649737060124e-01 5.684159992248805082e-01 1.961600307179350300e-01 3.757789736614316478e-01 3.865303453115902510e-01 1.049910753134062688e+05 1.057845460925360821e+05 8.396685916128875397e+04 1.287219288333868462e+04 3.159834480133418833e-01
3.490149573073582645e-01 5.819581522883385816e-01 7.098331061010619836e-01 2.951101494883127674e-01 1.711237325167627721e-01 2.220839726005677806e-01 1.964908149109465263e-01 1.393911288697561540e+05 1.070568907438092428e+05 8.551761607002309756e+04 3.230971538381728169e+04 1.868261358923207216e-01
5.497268241271258127e-01 5.593224515546542097e-01 2.862845459749758237e-01 4.063757175994874293e-01 2.015872543035680253e-01 4.178348865067141316e-01 3.132640517592355511e-01 1.014796881895886618e+05 9.141191024773776007e+04 9.114304923514381517e+04 3.349009205670413940e+04 2.996083845331014017e-01
3.729813548292320591e-01 6.067497058296048573e-01 7.367911106209860117e-01 3.887552508087225855e-01 1.955579137512998555e-01 3.229969449397673276e-01 2.489083611263284701e-01 9.951599327022176294e+04 7.225911723173709470e+04 9.039592629866403877e+04 3.993377105007761566e+04 2.421698869171060864e-01
3.277519239911544924e-01 5.451127963663915388e-01 4.096263191826428063e-01 4.322546333425884568e-01 2.407656440609762805e-01 3.288416742442805685e-01 8.761910536635568458e-02 1.469171189561984793e+05 1.279411778702583106e+05 7.817230205143197963e+04 2.926955132781200518e+04 2.580624876017580949e-01
3.622706115021804840e-01 5.785860470133123989e-01 7.195617379809811087e-01 2.020627958401131907e-01 1.763085435357828468e-01 2.368956509979022185e-01 2.095703327877806721e-01 8.834097125225844502e+04 6.260090089620905201e+04 9.307438435075868620e+04 3.277118150874465937e+04 1.903526363169779634e-01
2.994746265047747436e-01 5.248908351162124841e-01 1.798478341506790645e-01 3.559986072307735339e-01 2.289917976929083110e-01 5.032435433891384591e-01 3.826923380349646076e-01 1.050531908932993683e+05 6.032756954723937088e+04 9.078846706099886796e+04 2.205112120935889834e+04 1.998800743153523740e-01
4.652480968855710053e-01 5.876000387007792591e-01 2.307717462113947626e-01 5.481021795750468106e-01 4.450265794807129471e-01 2.926415785170987660e-01 2.777824250673374129e-01 1.827845495906497817e+05 1.427220218094766606e+05 8.375417941412091022e+04 4.410478686878261942e+04 2.618536436728097772e-01
3.730615683372833780e-01 6.495738962216660584e-01 4.335474453814736617e-01 4.851757983072869096e-01 2.781006118289461315e-01 3.210047264918462484e-01 2.813323185015768613e-01 1.290917328788560408e+05 9.775530418577718956e+04 8.761016189905583451e+04 2.916115825128821234e+04 2.735369872645463940e-01
3.917695006465489738e-01 5.453183723139108929e-01 4.154211005426142189e-01 3.778000991610865333e-01 2.162172315564864500e-01 3.311876151923124345e-01 3.448104380467090224e-01 1.190550026516668440e+05 1.010674774569593428e+05 9.377418977446273493e+04 4.802436294139068923e+04 2.950025403107591759e-01
2.256424811007504971e-01 5.325810345676071922e-01 2.749598767255131276e-02 4.417571971907852113e-01 1.825489539636832304e-01 3.049034974960719291e-01 2.392520006161980572e-01 1.246238995331517071e+05 9.693321335174248088e+04 8.495756086045710254e+04 3.619921408684244670e+04 2.199325930499958226e-01
6.673517790811147599e-01 5.903233280332566002e-01 3.242761216475905650e-01 5.906612604827592428e-01 7.246690228316505777e-01 3.566061466235402322e-01 5.784996595939292385e-01 1.316956235461790056e+05 9.858825425128346251e+04 8.850292665946742636e+04 3.938899911326828442e+04 2.718796243372259558e-01
2.512040556989914575e-01 6.022993484813387033e-01 7.345850623336991347e-01 3.842819168062214241e-01 1.929752631278756902e-01 3.221071819456040597e-01 2.123872566605997658e-01 1.242169068116859562e+05 1.008497269236983557e+05 8.113745969223312568e+04 4.312432660117300838e+04 2.473177551822205167e-01
4.387650030321730288e-01 5.962380077865716554e-01 4.366407429555427266e-01 4.761916151630098404e-01 2.271305141318080423e-01 3.047156205104331606e-01 3.098444366772411529e-01 1.432496192558421753e+05 1.244899659582090244e+05 8.985926268491154769e+04 5.206987715420166205e+04 2.674302192302063785e-01
3.110179907072114780e-01 5.204060739063810503e-01 2.862506405995821623e-01 4.483339710425593427e-01 2.782526162973867900e-01 2.369271413251972103e-01 2.891624451596238599e-01 1.457682474316150765e+05 1.036872866097736987e+05 7.453691237261187052e+04 2.586870741073587124e+04 3.238529349778667688e-01
3.256986669048420602e-01 6.066627450685276868e-01 3.521476933821170441e-01 3.977364723149466319e-01 2.096095279653864552e-01 3.195910491931628905e-01 3.029095843330539273e-01 1.409977819739809202e+05 9.489380781886355544e+04 9.357271298990264768e+04 4.761927461235910596e+04 3.539042665572025292e-01
5.255845641645752186e-01 5.808355875193883522e-01 7.093888536835032954e-02 5.184410834915007538e-01 1.369351301661586862e-01 3.255591745321767538e-01 3.464326018501583948e-01 6.998774154225636448e+04 6.984519073746608046e+04 8.900668706969017512e+04 2.965290785202714324e+04 1.874208460790005859e-01
4.832432790442550141e-01 5.637955346950178637e-01 3.925190764162722057e-01 4.212883660831441279e-01 2.120189763723037413e-01 3.440471270179286667e-01 2.938050419446683881e-01 1.327792784901016857e+05 1.150297254519934213e+05 8.920135168595709547e+04 4.591251727135540568e+04 3.342427131175295107e-01
4.282069645118019574e-01 5.497273244174325502e-01 3.866213872563519782e-01 5.204860546500637009e-01 1.907578502845038992e-01 2.991486706122874484e-01 2.564789965443010633e-01 1.049154208204138122e+05 7.806278348767037096e+04 8.392064617435721448e+04 4.668068822844685928e+04 2.857505066164346408e-01
3.499581993293701676e-01 6.419130813625085752e-01 2.090544939346340378e-02 6.031674688522314920e-01 2.040262369560844335e-01 3.922869494030772342e-01 4.811996429902647976e-01 1.450156201914808771e+05 6.219684639865435747e+04 9.548772651431491249e+04 4.009409589003186557e+04 3.287614419918402642e-01
4.258265498695451012e-01 6.278420904610666486e-01 1.106207704313715984e-01 3.504638874633199119e-01 1.521813649187760686e-01 2.773209695324954649e-01 1.888828429851081014e-01 1.206281903511722776e+05 7.450187158634129446e+04 8.650867742502203328e+04 5.436023798669272946e+04 2.917120345514105928e-01
3.868912815907621927e-01 6.243799300141325004e-01 4.533480593408191206e-01 5.798923855077244838e-01 2.448866546146389600e-01 3.317298285205878550e-01 1.867649280579856130e-01 1.150561271254440653e+05 8.696333639104047325e+04 8.527688736546419386e+04 3.905568202730927442e+04 3.501993058091516509e-01
4.434466070265469795e-01 5.971736677176607833e-01 4.261075148089716325e-01 4.710842882421462652e-01 2.444404523991668965e-01 3.095135513426889307e-01 3.847419309149598954e-01 1.254236381251185521e+05 7.641414115183689864e+04 9.692448011853381468e+04 5.722739656329565332e+04 2.718229089255043140e-01
3.566493075278491798e-01 5.855561463535615685e-01 7.077886764277436793e-01 3.934038291062334491e-01 1.774124557460196594e-01 2.865091146167632052e-01 2.545732102210160885e-01 2.025515389330959297e+05 1.609661784156994254e+05 8.262531135278096190e+04 3.339178162821206206e+04 2.517351342542237247e-01
3.250604086223088385e-01 5.567433127912139179e-01 3.110903611320406381e-01 4.383592482414453984e-01 2.035021162339495093e-01 2.626739876633826243e-01 3.076910955564057248e-01 9.875234710614681535e+04 8.591419917694592732e+04 9.192691725346611929e+04 1.712637085479475718e+04 3.298611736128588268e-01
4.615974655205750121e-01 5.806613162405904749e-01 4.488170859391027445e-01 4.630561367463208455e-01 2.514901500855160066e-01 2.864820055116696351e-01 2.627083076708364717e-01 1.428246345738912059e+05 8.737340548037822009e+04 9.495428404770699854e+04 3.573034773292626051e+04 2.846384316955199445e-01
4.224819336958378080e-01 5.882465941407771792e-01 4.495732938598493433e-01 4.777409183817669658e-01 2.479030383906014046e-01 3.343763555154282696e-01 3.431718129530739736e-01 1.193584713190481125e+05 1.007222682783994096e+05 9.015896612648399605e+04 4.338942639812173002e+04 3.385650968462064481e-01
3.684217144541959699e-01 5.963857615298138182e-01 2.379736831453204970e-01 5.426495144543468374e-01 2.029790094784580390e-01 2.989966557743987119e-01 2.563756159052756889e-01 8.579286489150764828e+04 5.753971152769454784e+04 9.826162462125453749e+04 4.235757310496098944e+04 2.469540384099047359e-01
3.551229988414982830e-01 5.553073559665493431e-01 6.100017760796854205e-01 4.716376790806956487e-01 1.685101555330706102e-01 2.599277675439132240e-01 3.260865190296401983e-01 1.418741008458130527e+05 8.882678819167026086e+04 8.500657782048618537e+04 5.069210829185400507e+04 2.515900717631650019e-01
3.592387986738143080e-01 5.883647870771911981e-01 1.164420932907984929e-01 5.670503538940501187e-01 1.788835615615043395e-01 2.331981731052018281e-01 2.399618491252181463e-01 2.071635591681421793e+05 1.674626479741594521e+05 8.116575820030813338e+04 3.114124120102431698e+04 2.333560718239978127e-01
3.758763628892280995e-01 6.450244772756166256e-01 3.008170949497005475e-01 4.288660989965186743e-01 1.987071754326656392e-01 2.830807232676183505e-01 2.630789090047861989e-01 1.565009947290609416e+05 1.200988621452488442e+05 8.624525152278713358e+04 3.918064241792602843e+04 2.629483835934488534e-01
4.285888561215087100e-01 6.059337930486271562e-01 4.878739809180720477e-01 3.709070430698618859e-01 2.263528424475194090e-01 3.429968578436189963e-01 1.371754089361119089e-01 1.206460192064684961e+05 6.872919802235365205e+04 8.498294722557099885e+04 3.462836795185419032e+04 2.381159787461766819e-01
3.818237959734543940e-01 5.622354230505798300e-01 5.475779312643765939e-01 5.722087684124701479e-01 1.854659347258542090e-01 3.071532218021937322e-01 2.671677608311689989e-01 1.437793646594269376e+05 8.525584398546014563e+04 8.599907513223860587e+04 4.596466502831553953e+04 3.525347995339822571e-01
4.277136502568773535e-01 5.402087147085837815e-01 4.695869979896784008e-01 5.239021583743480592e-01 2.036397480829817697e-01 3.304925634846171967e-01 2.958471229553796267e-01 1.342296324123772501e+05 9.150508131580513145e+04 8.690428956778066640e+04 4.500987095171186229e+04 3.254345297063469533e-01
3.556533026539829279e-01 5.313291397726992438e-01 5.120779469251920402e-01 4.374020652856118740e-01 2.345061526647737316e-01 3.162798766113175675e-01 3.075178833409655810e-01 1.192483890197703440e+05 9.080747390717931557e+04 9.283857305970444577e+04 3.943520051892108313e+04 2.852150417146142036e-01
4.693281521663529299e-01 5.777057721852588701e-01 3.778776016121681569e-01 4.359477927090809057e-01 2.148360656382597988e-01 2.850807587186364178e-01 3.463855665827706987e-01 1.223813052961791545e+05 6.636357596861613274e+04 8.632109218780383526e+04 4.872550059818203590e+04 2.550045672932132468e-01
4.368972282242089555e-01 6.185599692374580405e-01 5.054277397277165962e-01 4.807568285738888503e-01 2.564290884606236776e-01 3.096669182985009039e-01 4.235901028881689512e-01 1.300288318770190817e+05 1.179566674175819207e+05 8.614795066299730388e+04 4.377934804235086631e+04 2.516091258970154509e-01
3.587360192520302471e-01 5.982161768873862639e-01 1.277352068548739672e-01 6.952750241863092651e-01 2.062898300386171724e-01 2.815343928907410032e-01 2.607735222779435369e-01 1.513445233711198962e+05 1.176449214468700811e+05 8.433735785820170713e+04 3.963134371510827623e+04 2.513348619932213035e-01
3.641798620595570468e-01 5.281241478610340101e-01 5.607131350634234623e-01 5.182324920479419728e-01 2.244801566457924613e-01 2.640138269673185656e-01 2.416372068291006148e-01 1.400649704472409212e+05 8.299421856452216161e+04 8.579360119628813118e+04 3.633032360591032193e+04 2.161126389589569652e-01
3.405897571396940271e-01 5.763277112104424615e-01 1.059889623204874759e-01 6.802946535463276767e-01 1.881970667209407477e-01 2.407415177813014284e-01 2.528135727153446588e-01 2.117438543925402919e+05 1.718135867776939995e+05 8.080835711646433629e+04 3.694771436733274459e+04 2.405971371050270313e-01
4.325206118438861824e-01 5.753658841465034701e-01 5.425877673876102758e-01 5.609373774534973656e-01 2.285004607061303650e-01 3.287430975510460263e-01 3.281551471755884686e-01 1.186529239129216439e+05 8.320535124648248893e+04 9.177860890676360577e+04 3.687212696109528770e+04 3.147489304872218563e-01
4.542391633265275286e-01 5.403481742981870450e-01 3.154214548062761470e-01 5.619260203796522246e-01 2.793375560578533756e-01 2.554841251100293809e-01 3.260052740338456045e-01 1.335885691137689573e+05 1.079065800380461442e+05 8.857806451939625549e+04 4.323212979651009664e+04 2.767988049850811372e-01
4.247718404475848697e-01 5.641738591834348782e-01 4.381022652351888591e-01 3.546305980329100271e-01 1.484416201382275924e-01 2.877965676592242894e-01 2.106217129552273026e-01 1.267390019038116734e+05 8.954121434210904408e+04 8.928206785754855082e+04 4.682690396320135915e+04 1.886049956177863751e-01
3.115910808131965859e-01 5.483218353481266183e-01 6.379309054269645118e-01 3.973721728992002378e-01 1.975477654802609007e-01 3.127039226857475929e-01 2.549701307183635524e-01 8.755201898706323118e+04 9.077133130574299139e+04 8.448491444964142283e+04 5.016415206012042472e+04 2.883910569257317480e-01
3.712754550328076220e-01 6.297924332201207953e-01 7.645996843170723700e-01 4.157892455612889893e-01 2.747036157029847381e-01 3.644189781040859666e-01 2.739915924414358939e-01 1.234213929318674491e+05 9.525202529590831546e+04 8.546376325103227282e+04 3.092564982613391112e+04 2.602063548614289568e-01
3.671806297692017940e-01 6.022022174873480349e-01 1.736935240819695025e-01 6.945484334147196126e-01 2.101123273795894031e-01 2.934562701473343305e-01 2.567613988831810579e-01 1.083048863792640186e+05 7.880094180833370774e+04 9.022669050194401643e+04 4.104797565271131316e+04 2.424632102862766814e-01
3.553408835696620915e-01 5.840286821798124084e-01 3.486508412136828938e-01 6.696988725889267968e-01 1.992280078115997166e-01 2.342177752183470796e-01 2.266377271801585380e-01 8.434197488023345068e+04 5.800419389685601345e+04 9.566813928111734276e+04 3.550044433250806469e+04 2.091397823851595672e-01
4.460573817049922063e-01 5.651997422815123739e-01 3.654131599745576997e-01 5.108349683165692712e-01 1.800294467024502187e-01 2.253404081297271933e-01 2.778322870911069109e-01 1.500126781703712186e+05 1.152024127288988238e+05 9.080435054761558422e+04 4.408330289218006510e+04 2.952656144991083753e-01
5.473312583678479060e-01 5.590137189681985141e-01 5.990426480327549763e-01 5.142295962900604867e-01 2.579920393758338704e-01 3.274763479996877780e-01 3.191155517487774262e-01 1.237344852916774544e+05 1.029060353829708329e+05 9.148930076557843131e+04 4.666347676382895588e+04 3.063965792214894401e-01
