3.670438394403934268e-01 6.168397240248180147e-01 7.333243615234090740e-01 4.082373257412191814e-01 1.975051984145855533e-01 3.266038248690118495e-01 2.616560851153623690e-01 1.301952421713581134e+05 1.005258006513765868e+05 8.486063276730386133e+04 4.024518048982106848e+04 2.585813887731281957e-01
3.806098353191776917e-01 5.925797593262879248e-01 6.638911759408692159e-01 4.233853501076362824e-01 1.912991306874999020e-01 3.453656802456817609e-01 2.951692932644596756e-01 1.385581386862720246e+05 9.425437798548710998e+04 8.005552303648460656e+04 4.078529578342309833e+04 2.537453207978784819e-01
3.539667724242954172e-01 6.294119412008319925e-01 7.161113433749701773e-01 4.168707374530829513e-01 2.001805078311527930e-01 3.424753224755602288e-01 2.773678392190676578e-01 8.150081798821025586e+04 5.891836515165814490e+04 9.143543444841050950e+04 5.842054336165238783e+04 2.561085203254941378e-01
4.768833191233199376e-01 6.394027187318529482e-01 7.425462579526258544e-01 4.282476003762875072e-01 2.003485151697604050e-01 5.175090236411563627e-01 5.700136644574950173e-01 1.171035411619957595e+05 8.611264163071829535e+04 8.709667327963294520e+04 4.690890375293220131e+04 2.975456418059678754e-01
3.490149573073582645e-01 5.819581522883385816e-01 7.098331061010619836e-01 2.951101494883127674e-01 1.711237325167627721e-01 2.220839726005677806e-01 1.964908149109465263e-01 1.393911288697561540e+05 1.070568907438092428e+05 8.551761607002309756e+04 3.230971538381728169e+04 1.868261358923207216e-01
3.729813548292320591e-01 6.067497058296048573e-01 7.367911106209860117e-01 3.887552508087225855e-01 1.955579137512998555e-01 3.229969449397673276e-01 2.489083611263284701e-01 9.951599327022176294e+04 7.225911723173709470e+04 9.039592629866403877e+04 3.993377105007761566e+04 2.421698869171060864e-01
3.622706115021804840e-01 5.785860470133123989e-01 7.195617379809811087e-01 2.020627958401131907e-01 1.763085435357828468e-01 2.368956509979022185e-01 2.095703327877806721e-01 8.834097125225844502e+04 6.260090089620905201e+04 9.307438435075868620e+04 3.277118150874465937e+04 1.903526363169779634e-01
2.512040556989914575e-01 6.022993484813387033e-01 7.345850623336991347e-01 3.842819168062214241e-01 1.929752631278756902e-01 3.221071819456040597e-01 2.123872566605997658e-01 1.242169068116859562e+05 1.008497269236983557e+05 8.113745969223312568e+04 4.312432660117300838e+04 2.473177551822205167e-01
3.566493075278491798e-01 5.855561463535615685e-01 7.077886764277436793e-01 3.934038291062334491e-01 1.774124557460196594e-01 2.865091146167632052e-01 2.545732102210160885e-01 2.025515389330959297e+05 1.609661784156994254e+05 8.262531135278096190e+04 3.339178162821206206e+04 2.517351342542237247e-01
3.712754550328076220e-01 6.297924332201207953e-01 7.645996843170723700e-01 4.157892455612889893e-01 2.747036157029847381e-01 3.644189781040859666e-01 2.739915924414358939e-01 1.234213929318674491e+05 9.525202529590831546e+04 8.546376325103227282e+04 3.092564982613391112e+04 2.602063548614289568e-01
