2.777658277110981455e-01 2.017602349851276011e-01 3.187789518777041087e-01 4.717498597762888601e-01 3.463113282029128270e-01 -2.274931811110871838e-01 5.472253593236366953e-01 -2.741944898382944521e+06 2.095936690209418884e+05 2.959783133844038093e+04 1.870243529137412552e+05 9.046070134278777486e-02
4.819304579075683326e-01 5.769576125575136549e-01 2.053245674207751503e-01 6.699490803256342719e-01 2.129381355902464079e-01 5.009740627364699384e-01 4.061803708225841247e-01 1.433422134240440791e+05 1.132230653892366245e+05 8.412229721667696140e+04 3.429592259952073073e+04 4.549890731719855030e-01
4.389322091201256493e-01 4.936908508272638829e-01 2.584311182671232832e-01 4.606276565848679838e-01 2.227177951048038562e-01 3.149197621414914772e-01 2.513622899495683294e-01 1.217959959820291551e+05 9.306148470813505992e+04 8.881997604117669107e+04 3.997274887200972444e+04 3.043821879073971837e-01
3.288804258520904300e-01 3.424410579779840202e-01 1.317416551721431461e-01 3.133794852082159577e-01 1.723211334319430799e-01 2.123465105195976310e-01 2.079356783469088754e-01 1.769566007065946469e+05 1.439095816794864950e+05 8.078751891026072553e+04 3.850231268532162358e+04 2.170139516937469870e-01
4.562584706453454847e-02 5.962115732966412063e-01 -1.642306371184198699e-01 6.787616314195070721e-01 1.960353681391193981e-01 2.818158225834729302e-01 1.901708768171467001e-01 7.906282070399755321e+04 6.420421322065949789e+04 8.001232132892409572e+04 4.697396914009413013e+04 2.517941837905391389e-01
3.032316988683469994e-01 5.148558784107832853e-01 3.526268995626372638e-01 3.641646636813784532e-01 2.033554166870351065e-01 2.488732278304722767e-01 1.979352250119305878e-01 8.305651996456591587e+04 6.699138725038604753e+04 8.172596372008240724e+04 2.730792058985737094e+04 2.094972851683883641e-01
4.543412716943681096e-01 4.897168686057523090e-01 4.663305899773466656e-01 5.072314529684402995e-01 1.868412675209241702e-01 3.871453502699360172e-01 3.193175005647641562e-01 1.042558939871081384e+05 1.121282716045554407e+05 7.947052590979174420e+04 6.053183366761028446e+04 4.163457079317650078e-01
3.530059342604727757e-01 5.899688080582524696e-01 2.474131144605873078e-01 5.378143879352067502e-01 1.849910530474550563e-01 2.149721114105422881e-01 2.193578678341571442e-01 1.283648868644772447e+05 9.672172553079474892e+04 8.720804227592660754e+04 3.613560867023848550e+04 2.138406818203298920e-01
3.778388724004352883e-01 5.989494755901642042e-01 7.417947047043180753e-01 4.018066313714808713e-01 2.130579943897442652e-01 3.266951611183632198e-01 2.622427470686011231e-01 1.966362307640948857e+05 1.719256448612048407e+05 7.511814801271264150e+04 5.966810808877470845e+04 5.796999137253188161e-01
-2.477129832057699266e-01 -2.073476393028581555e-01 3.889917256190797423e-01 -2.872232463375637979e-01 4.520563782380941364e-01 -4.153516401464432128e-01 6.608701001441873446e-01 -3.379853495260092895e+05 2.420135687723531446e+05 9.939243031989442898e+03 2.435867531101135537e+05 -3.157660651729258250e-01
-1.017444791075777788e-01 -8.138525647097256954e-02 1.927624362016309434e-01 -1.464179888728500689e-01 3.301967717091662258e-01 -3.238928497424141129e-01 -8.570648945664526008e-02 2.620849596200264641e+05 2.588348194648190110e+05 6.629905689583314233e+04 2.618455371423022880e+05 -2.202467054836626525e-01
3.828980259951536014e-01 5.943155266431143779e-01 7.390395545176654535e-01 3.820445688270484585e-01 1.973335284083865271e-01 3.294005433582857245e-01 2.498253095840531623e-01 7.804882443310583767e+04 5.132078626730130054e+04 9.976202608497928304e+04 4.139557556551434391e+04 2.419560176554466091e-01
4.588987394861823166e-01 4.879046145286368708e-01 5.815588947715126800e-01 4.598528226340506952e-01 2.725790322004952859e-01 3.907498483914557674e-01 3.548400500478517960e-01 1.450321576712254318e+05 9.774630321566280327e+04 9.814149338292850007e+04 1.011463265862746775e+05 3.566541539973330788e-01
4.102201768737426812e-01 5.135207633383571668e-01 5.323990926982046235e-01 4.837447184062891314e-01 2.008619638568637789e-01 2.865773977118373783e-01 2.537297787779074776e-01 8.292370170367829269e+04 9.251121019955829252e+04 9.156915806421739399e+04 4.526024276722522336e+04 2.898725118781675381e-01
5.020620688942895038e-01 4.228776171725253663e-01 3.662603025930385447e-01 5.096007490620110270e-01 2.153271149088191450e-01 5.183991803403228404e-01 4.197741050099872417e-01 1.156232446531725145e+05 9.076908150637110521e+04 8.390588176824079710e+04 3.755336363007563341e+04 4.967586501580346092e-01
5.079970836757116137e-01 5.370781757846297966e-01 4.942079638868833724e-01 5.559446902759611620e-01 2.499523273133039958e-01 4.620822402793464123e-01 4.058539105715539552e-01 1.842639750972594775e+05 8.997088317222068144e+04 1.379042500801593123e+05 6.009905535093598155e+04 4.274744402921479280e-01
3.831341783339797247e-01 6.639861885402987829e-01 4.568143372395991886e-01 4.158430043719432145e-01 2.611124946351058296e-01 4.162866916231460768e-01 2.195152277222239823e-01 1.440487745136861922e+05 7.823986209105073067e+04 1.005888600343395083e+05 5.809051395231945207e+04 4.495379145778820584e-01
6.484948097083279572e-01 5.985949396458702942e-01 6.053487666324975924e-01 5.440097243366742719e-01 3.296308305722429055e-01 4.332875516311333053e-01 4.971246812427667638e-01 1.716857383234657464e+05 8.260789948458458821e+04 1.359561779461683764e+05 1.316665810686905752e+05 4.819823013387185551e-01
3.531217137328894751e-01 5.346102257752570752e-01 4.157769202026503907e-01 4.120032139128508852e-01 2.743588540642335483e-01 3.131562048048185942e-01 2.720381105197813842e-01 1.256746052622248972e+05 9.609041865472424251e+04 8.652289379338074650e+04 3.201742677478758196e+04 2.517966572649610879e-01
3.895014966771244702e-01 4.890969931956401506e-01 5.461573842257910760e-01 4.091509512090908407e-01 2.371050454105747829e-01 3.318275951529268131e-01 2.984614427974991990e-01 1.233182146488532453e+05 9.787440078894380713e+04 8.390923943753013737e+04 4.555930286277341656e+04 3.253115863704452160e-01
3.670438394403934268e-01 6.168397240248180147e-01 7.333243615234090740e-01 4.082373257412191814e-01 1.975051984145855533e-01 3.266038248690118495e-01 2.616560851153623690e-01 1.301952421713581134e+05 1.005258006513765868e+05 8.486063276730386133e+04 4.024518048982106848e+04 2.585813887731281957e-01
3.611400150290654532e-01 5.122378259133754108e-01 3.670992426130710307e-01 5.476930456948144732e-01 2.645634325352729244e-01 2.704690748202456252e-01 3.043782246936030389e-01 1.388756142856065999e+05 8.687087571279758413e+04 8.866267916016334493e+04 5.480726897007093794e+04 2.984486498419716138e-01
7.229452022691508217e-01 6.548308090833149242e-01 5.924259815443133625e-01 4.634015706395178125e-01 3.846622938370228284e-01 9.899494765457740597e-02 3.997771565637634472e-01 2.065218919979556231e+05 1.774138585138725175e+05 7.730302997618787049e+04 7.988720469813846285e+04 5.554042118317771559e-02
3.566502975629510797e-01 5.886153531725750732e-01 2.546990201774648188e-01 4.876929514916107378e-01 2.067585295908896670e-01 3.093873014698507173e-01 2.747904089295067909e-01 1.673232175438037375e+05 1.340023878487845359e+05 8.188529036771472602e+04 4.530743223656947521e+04 2.710618587151884529e-01
5.134459749287170194e-01 5.283063294265721854e-01 4.782459133381560257e-01 6.832736020744866190e-01 2.039625422001640209e-01 3.339630310978810579e-01 5.846830713923192313e-01 1.110057384392097592e+05 7.565440392201687791e+04 9.603834675629837147e+04 6.807711580795717600e+04 3.789325638082222114e-01
4.749446542538233729e-01 5.931416676674331478e-01 4.258857928728484454e-01 4.389743207102885236e-01 1.921070327530661481e-01 3.315169153095390286e-01 3.550882701483030757e-01 1.395599811051782162e+05 7.788981018257881806e+04 9.097825746632261144e+04 4.964121394610108109e+04 3.760424210363141340e-01
3.806098353191776917e-01 5.925797593262879248e-01 6.638911759408692159e-01 4.233853501076362824e-01 1.912991306874999020e-01 3.453656802456817609e-01 2.951692932644596756e-01 1.385581386862720246e+05 9.425437798548710998e+04 8.005552303648460656e+04 4.078529578342309833e+04 2.537453207978784819e-01
4.433888663713376754e-01 5.909301237344443125e-01 3.200781608091643471e-01 5.881824265705221100e-01 2.419673801540051516e-01 3.555971564300083321e-01 3.237197433933578505e-01 9.258556199425343948e+04 9.586844784972224443e+04 8.449394303714636771e+04 5.406658421968281618e+04 2.136266953040421579e-01
9.959449495124998997e-01 -1.645241825038495920e-02 6.785530786218360588e-02 9.268044289219180554e-01 -3.338207235336324019e-02 3.452211769950348508e-01 4.932929396723692017e-01 1.068698190245063161e+05 7.904215426323910651e+04 9.059548245051158301e+04 5.180160962373677467e+04 3.434080278122848551e-01
3.805962902829236327e-01 6.231043460262454259e-01 -1.767634799203261498e-01 8.244653825428595040e-01 3.630034637938597264e-01 4.293773045303623248e-01 2.192161768745154449e-01 7.200104773526795907e+04 5.095206462082723738e+04 9.169598393619959825e+04 2.972287221223067536e+04 2.408889579982536888e-01
1.227294722538558036e-01 6.102024763843106880e-01 7.327813041432491570e-01 2.107180173424837433e-01 1.871652663547056228e-01 -1.005074057943561722e-01 5.044868386743415339e-02 1.167763252289563243e+05 8.912867572057264624e+04 8.695187173347800854e+04 4.025658509084991965e+04 -6.181703000490692407e-02
2.344905493622845005e-01 1.124932851500950182e-01 7.142179252229139408e-01 2.908954004816830530e-01 2.054946252750014801e-01 3.046494095625756904e-01 1.630987371024362198e-01 1.154703420884573134e+05 7.478193567476504541e+04 1.015346980152824690e+05 5.986834545777977473e+04 2.273826606408967943e-01
3.810743986099761060e-01 5.257480282981714659e-01 5.315762100693127712e-01 5.526787123009299085e-01 2.242169167354197967e-01 1.646974028736240270e-01 2.458703703711716260e-01 1.648564843663322681e+05 7.728294191506115021e+04 9.430609500579899759e+04 3.377461283345831907e+04 4.233902223026460576e-01
2.596290959875234838e-01 5.858511491732634191e-01 1.169566083719123795e-01 6.836449892719217436e-01 1.902103355424264175e-01 4.528550428824781870e-02 1.202061739038821908e-01 1.495728211612529703e+05 1.169690370938337728e+05 8.443515297572522832e+04 3.866895992457555985e+04 8.395050110914895058e-02
5.546369235506951600e-01 4.747818372982023916e-01 5.846446494078505474e-01 4.472820021320198514e-01 2.818597976623631318e-01 4.097936820607346875e-01 5.852844204855003341e-01 9.960322328742641548e+04 5.923119677055170177e+04 1.104211215622546879e+05 1.150065183548421483e+05 3.569687256269208353e-01
5.624343966650883209e-01 5.239741158879831495e-01 5.710583002305031908e-01 4.187298984586281803e-01 3.035808939322655053e-01 2.177878033900479959e-01 5.537334118850306686e-01 1.318583003602331155e+05 9.312137029287595942e+04 9.455109346571644710e+04 9.924424450545200671e+04 2.249446390929217277e-01
3.539667724242954172e-01 6.294119412008319925e-01 7.161113433749701773e-01 4.168707374530829513e-01 2.001805078311527930e-01 3.424753224755602288e-01 2.773678392190676578e-01 8.150081798821025586e+04 5.891836515165814490e+04 9.143543444841050950e+04 5.842054336165238783e+04 2.561085203254941378e-01
3.100480445651000450e-01 5.031067304683226604e-01 3.858985572344210691e-01 4.166347720264771959e-01 1.894508696451249197e-01 3.693415835375266632e-01 3.740435544244617438e-01 1.229830979766042874e+05 8.746586622932305909e+04 9.049264983924756234e+04 5.138417238570940390e+04 3.890682687154267683e-01
5.229263885334636264e-01 8.343752326673646580e-02 2.815971577294951178e-01 4.857761661548062326e-01 2.591168183287907434e-01 3.983833432181804746e-01 3.332171762597475051e-01 8.646743241467801272e+04 6.925301413335649704e+04 7.923942722009323188e+04 8.854653704949663370e+04 4.891594697970549355e-01
3.486795310531900505e-01 6.514355805437075375e-01 7.201912692929949289e-01 4.451477046200247867e-01 2.441744677475794489e-01 1.152917094555162003e-01 2.382344438636573303e-01 2.095154459584692086e+05 1.334700408547649276e+05 1.031429900824155484e+05 5.657254036069033464e+04 5.029888931943822250e-01
2.984788889022804703e-01 5.944874725206235055e-01 -7.497321014202738831e-02 6.969126504406077949e-01 1.947607686442804076e-01 2.339476238499124672e-01 2.005710512080333408e-01 9.586275502423640864e+04 7.307890000893542310e+04 8.759663748741909512e+04 3.774899289191779098e+04 1.835438540005608354e-01
4.415306061034514062e-01 5.615750529763249288e-01 4.979695042588307974e-01 4.397566495989717605e-01 1.975779409798344710e-01 2.686522915736681560e-01 2.168645221171593696e-01 1.215257140960937395e+05 1.124076341971896036e+05 9.164887199764145771e+04 4.804125937721272931e+04 2.579692607288844863e-01
3.621929749259145681e-01 5.635705506278790855e-01 2.576511781052941985e-01 5.256729364384281622e-01 1.892613601143435242e-01 2.825386327586675850e-01 2.461225527758036380e-01 1.447586119009855611e+05 1.194681425307548488e+05 7.973684485631136340e+04 4.814410757642176031e+04 5.646321499336868222e-01
4.479270877568892195e-01 6.629745619208772256e-01 7.527876468527122666e-01 5.698251224938150061e-01 2.650318204645578102e-01 3.895042713998970729e-01 3.310902951197403077e-01 2.224524029610274010e+05 1.077772828129709524e+05 1.377040914408295648e+05 7.932452374331613828e+04 3.222229583505739625e-01
3.611343646423460507e-01 5.836184977144962538e-01 7.323337642600061814e-01 3.732219576655290694e-01 1.952799220130456981e-01 3.075355407815560382e-01 2.330986701002988604e-01 7.412337246667005820e+04 5.575713110862662870e+04 8.733787031354410283e+04 3.434439126047988248e+04 5.394272782336126948e-01
5.171393001495185882e-01 5.643301132503197870e-01 6.675330098562755055e-01 4.804583063049466807e-01 3.219711353760493222e-01 -5.353063782322802638e-02 6.576693773863879766e-01 2.607819404378659383e+05 1.330100990999623318e+05 1.237527899798683211e+05 1.919537665283407550e+05 -4.949404171139112560e-03
4.768833191233199376e-01 6.394027187318529482e-01 7.425462579526258544e-01 4.282476003762875072e-01 2.003485151697604050e-01 5.175090236411563627e-01 5.700136644574950173e-01 1.171035411619957595e+05 8.611264163071829535e+04 8.709667327963294520e+04 4.690890375293220131e+04 2.975456418059678754e-01
5.686199271767303776e-01 6.008705721617054740e-01 5.584091578165475411e-01 4.473452060694175225e-01 3.580200957329738309e-01 3.940104030674774771e-01 5.185764152238038216e-01 9.169958693193590443e+04 6.076379213592959422e+04 9.924436989312421065e+04 8.589080345882654365e+04 3.147683120478528274e-01
7.094371639787993011e-01 4.726059464260186083e-01 4.957084835922247468e-01 4.449782415750707654e-01 2.984360833746897423e-01 3.935285762012842303e-01 4.093678025879499138e-01 6.609520875080698170e+04 4.956624690183799976e+04 8.765274090164877998e+04 7.229102917600967339e+04 5.451510561473597027e-01
4.939142787268377965e-01 5.835292470200310611e-01 2.960351770841078700e-01 5.434077378406416692e-01 4.045568936418153516e-01 2.690389014489986685e-01 2.129744965048964711e-01 6.951556747862871271e+04 5.169830149373195309e+04 8.681196920935423987e+04 3.705262724182569946e+04 5.374619755080426442e-01
3.623157886656590554e-01 6.243735826246448184e-01 4.082910605594310960e-01 6.783897056791939884e-01 2.774144676954390931e-01 3.218408919445410743e-01 2.704746008402147406e-01 1.193339231578071631e+05 9.216876166427067074e+04 8.548965566900165868e+04 3.200852007837122437e+04 2.565368603922957846e-01
4.066259495696170623e-01 5.435031289942233723e-01 4.535851328660778226e-01 4.368652172621469987e-01 1.797262955864485368e-01 2.996865574619619332e-01 3.345706856532958406e-01 1.097217765667611238e+05 1.053382753381756338e+05 9.162524017702091078e+04 5.973823867519855412e+04 3.291112232615224786e-01
3.608072093964042049e-01 5.878352797265844476e-01 3.638123003115733001e-01 5.283022102125031205e-01 2.435479553527129248e-01 3.918883138799632571e-01 4.205486126808067326e-01 1.074505883496307652e+05 1.000799886690655549e+05 8.615595022105913085e+04 6.213977725029399880e+04 2.150076696269658527e-01
5.447027321142610123e-01 8.169517146188229884e-01 7.558356999102749940e-01 7.040196183259298524e-01 9.458720315561248704e-01 7.180628475140529154e-01 4.131380608395039400e-01 1.181123491107220761e+05 8.270488366596150445e+04 9.342925713573586836e+04 6.254586915181960649e+04 3.664527871981706486e-01
5.156174015101033792e-01 6.194165361972570061e-01 7.456035187998982794e-01 4.664454723193341423e-01 2.625645979878802327e-01 3.925884195817208600e-01 3.314192126998639076e-01 1.817299899466451607e+05 1.246553159534969018e+05 9.616129235094627074e+04 9.323017394763046468e+04 5.347294732523875105e-01
4.117588030301749247e-01 5.791394006050750720e-01 6.028316739212510322e-01 3.986516122935781503e-01 2.266083611247406981e-01 3.226622558780875005e-01 3.087295218174797018e-01 1.136672273979686579e+05 1.330538342934807006e+05 8.655301384866051376e+04 4.164562277605017880e+04 3.159423796925745487e-01
4.631899026014351661e-01 5.234765135119123780e-01 7.083618649737060124e-01 5.684159992248805082e-01 1.961600307179350300e-01 3.757789736614316478e-01 3.865303453115902510e-01 1.049910753134062688e+05 1.057845460925360821e+05 8.396685916128875397e+04 1.287219288333868462e+04 3.159834480133418833e-01
3.490149573073582645e-01 5.819581522883385816e-01 7.098331061010619836e-01 2.951101494883127674e-01 1.711237325167627721e-01 2.220839726005677806e-01 1.964908149109465263e-01 1.393911288697561540e+05 1.070568907438092428e+05 8.551761607002309756e+04 3.230971538381728169e+04 1.868261358923207216e-01
5.497268241271258127e-01 5.593224515546542097e-01 2.862845459749758237e-01 4.063757175994874293e-01 2.015872543035680253e-01 4.178348865067141316e-01 3.132640517592355511e-01 1.014796881895886618e+05 9.141191024773776007e+04 9.114304923514381517e+04 3.349009205670413940e+04 2.996083845331014017e-01
4.371902878083922528e-01 6.332837081603023277e-01 -3.716744080865421601e-02 7.089012920375148408e-01 2.583134436563205294e-01 4.318449524068330714e-01 3.876399493158529386e-01 1.696298800893136940e+05 1.254565407543266920e+05 9.096288385983344051e+04 6.232205664403410628e+04 3.041691342930535891e-01
-1.411788888392010999e-01 -1.160873455624818334e-01 3.207777774649623326e-01 -1.726049973524000081e-01 3.774315882741164918e-01 -3.376452473229631379e-01 5.220254589227483200e-01 2.587580392423663579e+05 2.558952144636180601e+05 6.676063242042945058e+04 2.554915895265875151e+05 -2.391044418361320534e-01
3.729813548292320591e-01 6.067497058296048573e-01 7.367911106209860117e-01 3.887552508087225855e-01 1.955579137512998555e-01 3.229969449397673276e-01 2.489083611263284701e-01 9.951599327022176294e+04 7.225911723173709470e+04 9.039592629866403877e+04 3.993377105007761566e+04 2.421698869171060864e-01
3.277519239911544924e-01 5.451127963663915388e-01 4.096263191826428063e-01 4.322546333425884568e-01 2.407656440609762805e-01 3.288416742442805685e-01 8.761910536635568458e-02 1.469171189561984793e+05 1.279411778702583106e+05 7.817230205143197963e+04 2.926955132781200518e+04 2.580624876017580949e-01
4.590935191037976426e-01 4.734104556058214563e-01 6.531760366033942944e-01 4.179684760278930544e-01 1.739436349756082190e-01 2.167572893216176688e-01 2.909628059215464413e-01 1.281988329458424851e+05 8.554232084687765746e+04 8.562388499870138185e+04 6.177974017376086704e+04 3.658817404959389119e-01
5.282440462139552650e-01 6.058027201249642779e-01 4.215601792750323651e-01 4.590545551060056795e-01 2.713094656465440679e-01 3.498495529362602996e-01 3.092539945571206039e-01 1.505086602446314937e+05 1.032608101158632489e+05 9.598341761757683707e+04 4.595803728364685230e+04 3.660738251558800505e-01
4.825102268345592971e-01 3.972820963299046326e-01 3.154133882314700821e-01 3.638682528253764925e-01 1.897297203443949754e-01 3.148143130425086200e-01 2.550772760600586442e-01 5.798829767494362022e+04 4.505488085169288388e+04 8.439665990354010137e+04 4.667940920165528223e+04 5.307955560328615485e-01
3.458473593826749681e-01 5.145319430122857751e-01 1.561052845944183254e+00 5.957110799651396116e-01 9.763228824100408931e-02 -2.261732121784461313e-01 2.094292658732384571e-01 1.326650904462301987e+05 6.282030989759329532e+04 9.146223067100773915e+04 1.135856064541742817e+05 6.650876684267247319e-01
4.807409669106752492e-01 5.893404739593384178e-01 7.183475375351831005e-01 4.920242094883400252e-01 2.026641790523262265e-01 5.002777393464591382e-01 3.964772970059630697e-01 1.115037791750430188e+05 8.516624345391921815e+04 8.692589396145276260e+04 3.546052085471799364e+04 4.469474531270517526e-01
3.622706115021804840e-01 5.785860470133123989e-01 7.195617379809811087e-01 2.020627958401131907e-01 1.763085435357828468e-01 2.368956509979022185e-01 2.095703327877806721e-01 8.834097125225844502e+04 6.260090089620905201e+04 9.307438435075868620e+04 3.277118150874465937e+04 1.903526363169779634e-01
6.312947598485314504e-01 5.560468572319546832e-01 5.910355397166546787e-01 5.151641077912543221e-01 3.520021130718293256e-01 4.491658064308313714e-01 5.384454563175885555e-01 2.617723643466392823e+05 2.361523339282610978e+05 7.339664558963174932e+04 1.426462320369463414e+05 4.553842421656903450e-01
2.994746265047747436e-01 5.248908351162124841e-01 1.798478341506790645e-01 3.559986072307735339e-01 2.289917976929083110e-01 5.032435433891384591e-01 3.826923380349646076e-01 1.050531908932993683e+05 6.032756954723937088e+04 9.078846706099886796e+04 2.205112120935889834e+04 1.998800743153523740e-01
9.169485538544712711e-01 4.130123524975091165e-01 3.477730986006651870e-01 4.199727866129143727e-01 3.468692921234542426e-01 3.115341934349566966e-01 4.052538270369215878e-01 1.217116184797528695e+05 7.890371027949235577e+04 1.016696570592162170e+05 4.976342467462700006e+04 2.635064158436128401e-01
8.903332713204740179e-01 5.543619686475601549e-01 5.774361638725473700e-01 5.007632722167367767e-01 3.187201965559461336e-01 4.124431506572492356e-01 6.154869555602976439e-01 1.216470822697380063e+05 8.121048848164110677e+04 1.004247064171693492e+05 9.538783107961625501e+04 3.703819491423193111e-01
4.720860236991828440e-01 5.067827215003114505e-01 7.033397701838815796e-02 5.502499295269444035e-01 1.970799632105030563e-01 4.107510275133410826e-01 3.066127708484887027e-01 1.378699449839152512e+05 1.170084582723459753e+05 9.272357674911606591e+04 3.973584304339822847e+04 2.407617380495313542e-01
6.517780681742095794e-01 5.832979343631232716e-01 5.288648543029662585e-01 4.303666722813233592e-01 3.732028519002094091e-01 3.417907966987649426e-01 3.961410297714981765e-01 1.056442186069549061e+05 7.812491312226705486e+04 8.903432477971175103e+04 6.899405038969812449e+04 3.086682112972186087e-01
4.118379126062745588e-01 5.439300602423923214e-01 2.502064351257234365e-01 4.550050765035784650e-01 1.967319660537774073e-01 3.984815780643589100e-01 3.377327307788496324e-01 1.013744072243359988e+05 1.059583368220837583e+05 9.205930595690909831e+04 6.199842806465591275e+04 2.366303840747932818e-01
4.652480968855710053e-01 5.876000387007792591e-01 2.307717462113947626e-01 5.481021795750468106e-01 4.450265794807129471e-01 2.926415785170987660e-01 2.777824250673374129e-01 1.827845495906497817e+05 1.427220218094766606e+05 8.375417941412091022e+04 4.410478686878261942e+04 2.618536436728097772e-01
4.260985588544794478e-01 5.267441831392173368e-01 5.609670440177140227e-01 4.712505652822308599e-01 2.051832273104046422e-01 2.623244316522394537e-01 2.357529607493226431e-01 1.146030253318086761e+05 6.715026202970146551e+04 8.826447867114041583e+04 4.168264552724723035e+04 4.025425981124178820e-01
3.663664463913505753e-01 5.156621556399422213e-01 1.775243358632258017e-01 4.505251858002297660e-01 1.890139345868867282e-01 3.771408480950317887e-01 3.623626927363609584e-01 1.470711032468411722e+05 8.269651780654877075e+04 8.220452444288351398e+04 4.673004143788592046e+04 2.985127346969709272e-01
3.714859915339113750e-01 4.998090882571959437e-01 4.180055378510381114e-01 5.181180961848332878e-01 2.059828429740878653e-01 3.306138832687128271e-01 2.830612714991607715e-01 1.563695284003829001e+05 9.469618157965854334e+04 9.391079986104350246e+04 5.410537105312028871e+04 2.343955824299321367e-01
4.443033205956781750e-01 6.476048612809617300e-01 2.641510709584636851e-01 7.272733063918191965e-01 2.678451587523421606e-01 3.561873983634635255e-01 3.301489419795703428e-01 2.489676892660434823e+05 1.361988468169957341e+05 1.232851219337860675e+05 7.852863373004233290e+04 3.169726649974656807e-01
9.709688439916216995e-02 4.907414900929444324e-01 4.374458613098716753e-01 -1.270507191119689752e-02 2.172947641053627199e-01 -1.225325763748044972e-01 4.844539347704035492e-01 9.157251364521528012e+04 8.588337229877583741e+04 7.447757078311423538e+04 3.181160038900291693e+04 -3.235349054812566849e-02
3.195050150380832621e-01 6.186324278480177519e-01 4.430036980923267587e-01 4.949498934793228888e-01 2.411685226423569139e-01 2.823272771271777004e-01 3.523131289494125240e-01 8.425205317098708474e+04 8.744328014308222919e+04 9.079408958708263526e+04 6.124277332388939976e+04 2.677389370904931232e-01
4.243543391388334141e-01 5.317174614633091156e-01 4.775161667713592184e-01 4.681251258046008057e-01 1.877286095595711857e-01 3.734670417893909966e-01 3.581649964896508331e-01 1.238989151921885787e+05 7.543213618806893646e+04 8.942229623330064351e+04 4.784721345545446820e+04 4.186090297354808087e-01
3.730615683372833780e-01 6.495738962216660584e-01 4.335474453814736617e-01 4.851757983072869096e-01 2.781006118289461315e-01 3.210047264918462484e-01 2.813323185015768613e-01 1.290917328788560408e+05 9.775530418577718956e+04 8.761016189905583451e+04 2.916115825128821234e+04 2.735369872645463940e-01
5.488602765743870737e-01 4.130269309392036181e-01 3.009781967911135947e-01 4.221537542871480753e-01 2.245571168397635098e-01 3.360750893773423731e-01 2.924475287912882138e-01 1.211148117415006272e+05 8.814465601503597281e+04 9.093965959648349963e+04 7.047313130982460279e+04 3.016424954409225312e-01
3.996395484613038951e-01 5.156031587297612573e-01 6.116661996132745083e-01 5.129219066526737869e-01 1.812436067739565670e-01 2.898256975638188737e-01 4.135937388397178394e-01 1.051672676458410715e+05 8.026555923571938183e+04 8.651514913986554893e+04 7.014151951718002965e+04 3.581662762221048402e-01
3.917695006465489738e-01 5.453183723139108929e-01 4.154211005426142189e-01 3.778000991610865333e-01 2.162172315564864500e-01 3.311876151923124345e-01 3.448104380467090224e-01 1.190550026516668440e+05 1.010674774569593428e+05 9.377418977446273493e+04 4.802436294139068923e+04 2.950025403107591759e-01
2.256424811007504971e-01 5.325810345676071922e-01 2.749598767255131276e-02 4.417571971907852113e-01 1.825489539636832304e-01 3.049034974960719291e-01 2.392520006161980572e-01 1.246238995331517071e+05 9.693321335174248088e+04 8.495756086045710254e+04 3.619921408684244670e+04 2.199325930499958226e-01
6.673517790811147599e-01 5.903233280332566002e-01 3.242761216475905650e-01 5.906612604827592428e-01 7.246690228316505777e-01 3.566061466235402322e-01 5.784996595939292385e-01 1.316956235461790056e+05 9.858825425128346251e+04 8.850292665946742636e+04 3.938899911326828442e+04 2.718796243372259558e-01
2.512040556989914575e-01 6.022993484813387033e-01 7.345850623336991347e-01 3.842819168062214241e-01 1.929752631278756902e-01 3.221071819456040597e-01 2.123872566605997658e-01 1.242169068116859562e+05 1.008497269236983557e+05 8.113745969223312568e+04 4.312432660117300838e+04 2.473177551822205167e-01
4.387650030321730288e-01 5.962380077865716554e-01 4.366407429555427266e-01 4.761916151630098404e-01 2.271305141318080423e-01 3.047156205104331606e-01 3.098444366772411529e-01 1.432496192558421753e+05 1.244899659582090244e+05 8.985926268491154769e+04 5.206987715420166205e+04 2.674302192302063785e-01
4.152787978912406697e-01 4.360063676194632643e-01 4.364521995623045769e-01 2.563744768559932385e-01 2.060486078871678062e-01 2.348977507559660005e-01 5.675696297356853659e-01 6.943776099407485162e+04 5.472925465630723193e+04 8.355326050636144646e+04 3.188718520821381753e+04 2.980447619038291140e-01
6.323109517773126687e-01 5.787165954990848293e-01 6.128472327962061206e-01 5.158716775513978448e-01 3.959617184667746370e-01 4.483893231836638127e-01 6.050114861361354235e-01 1.871439459262560413e+05 1.182660500621103856e+05 1.045442826377375459e+05 1.407939939071237750e+05 4.674344286321999720e-01
3.599380969036483635e-01 4.897718406020555859e-01 3.865146493049503307e-01 4.047983387134136413e-01 2.504398245828148850e-01 2.793314813782220574e-01 3.828078139143687442e-01 1.521891475950514141e+05 7.826397180883468536e+04 8.493029727718286449e+04 6.176860818045028282e+04 2.898933756037873621e-01
5.695697130217627357e-01 5.366180913358684634e-01 6.647537697473008267e-01 4.745849741513599174e-01 3.297073698440323719e-01 4.352438450534860670e-01 5.485433191848863022e-01 1.415397898948361690e+05 9.362769204246360459e+04 9.981893711003885255e+04 1.172679082356393337e+05 3.840396769898359319e-01
7.483988089633778484e-01 3.319430969703945911e-01 4.400222719146584804e-01 -3.027507425570523381e-02 2.008230900707256572e-01 -1.143146642400539870e-01 3.703289741373222976e-01 6.961794727266702102e+04 6.011692236801546096e+04 7.343797144021457643e+04 6.321280156901884766e+04 4.857726970848801340e-01
3.973519303361828237e-01 5.800843605929917324e-01 4.792111342009500174e-01 5.513428208962886101e-01 2.207151095755742198e-01 3.066176715921946072e-01 3.401860794026987378e-01 1.236192849468830245e+05 8.801991487780399621e+04 8.216446599300253729e+04 6.097422802725875954e+04 2.786770386537289479e-01
4.343352856283959063e-01 5.228083957999457576e-01 3.028076323369036094e-01 4.701472200835894455e-01 2.196565155061557806e-01 3.728996818736874386e-01 3.286214420803208469e-01 1.591369798054914572e+05 1.222098929790005786e+05 8.732151727176670101e+04 5.395986709613723360e+04 2.477810726229228433e-01
4.574181697294295024e-01 5.407644723958929811e-01 4.989389109305355507e-01 4.457748191463307696e-01 2.626982043296707814e-01 2.724382578570360702e-01 2.111821641537875993e-01 1.371831992857047589e+05 9.480863035161109292e+04 8.211223284800257534e+04 6.195901892853651952e+04 2.352656484538964421e-01
5.531859268027834453e-01 4.837591259502178609e-01 5.801422585110870278e-01 4.546955481224858042e-01 2.894470857922372686e-01 4.094471581533796201e-01 5.972400320765409720e-01 1.353394673610569444e+05 9.177399526837635494e+04 9.668670257767228759e+04 1.112498414185569127e+05 3.629941431302751709e-01
4.525810129385445246e-01 6.295464119324010177e-01 4.674046586058549502e-01 6.036338142608222990e-01 2.548621524959592821e-01 3.662048123322928506e-01 3.109020270001014441e-01 1.659548294853470288e+05 8.632612398411841423e+04 1.271046945889937342e+05 7.524900686535175191e+04 4.770548291565161469e-01
5.287837803918984392e-01 6.143220101933225541e-01 7.416578181036764805e-01 4.172053612688054747e-01 2.218631229171625918e-01 3.606195341427229639e-01 2.924925817986093191e-01 1.212717304493206757e+05 7.932121770028569154e+04 1.014304919774900627e+05 5.421823546569734754e+04 3.777880079106762379e-01
3.660976394878261431e-01 4.870877076076620682e-01 4.043898279340451540e-01 5.104071359914139627e-01 2.077352468856817347e-01 3.005518591313771082e-01 4.115577115616284032e-01 8.873672145553730661e+04 7.893440331945044454e+04 9.179245359985412506e+04 3.933301273099220998e+04 3.976029704610574145e-01
4.820750756540583826e-01 5.627454916119334349e-01 5.736465296578351358e-01 6.056950732180704788e-01 1.944989784738327676e-01 3.390237229276297781e-01 2.722276618742935916e-01 1.170097705331702891e+05 1.095220286712059169e+05 8.668705521642537497e+04 6.496887121809776727e+04 3.982477139576597880e-01
1.824168215679969063e-01 -2.073496802011366366e-02 5.070745090786832332e-01 4.784548155223795063e-01 4.236820598510767644e-01 -3.449460552597520269e-01 6.659632096269954005e-01 -1.221505574147966545e+05 2.547629072246829455e+05 1.612204345174837499e+03 2.573172450326029211e+05 -6.152647367292082836e-02
4.995054200841108627e-01 6.112097579582926876e-01 2.781351115764147952e-01 7.007250336416190883e-01 2.387431917939888959e-01 3.332993844611560341e-01 3.002851927020512846e-01 1.563324694859202136e+05 1.097323395770656498e+05 9.450696841829549521e+04 5.513600445801261958e+04 4.032526128948905053e-01
3.110179907072114780e-01 5.204060739063810503e-01 2.862506405995821623e-01 4.483339710425593427e-01 2.782526162973867900e-01 2.369271413251972103e-01 2.891624451596238599e-01 1.457682474316150765e+05 1.036872866097736987e+05 7.453691237261187052e+04 2.586870741073587124e+04 3.238529349778667688e-01
3.323575076475983603e-01 5.938386684157470619e-01 5.038975236780078859e-01 5.044414386406341766e-01 2.733967425700943310e-01 3.297185041887239487e-01 2.831306167725440859e-01 8.735915960080025252e+04 1.027489713556531933e+05 8.538346903100781492e+04 3.300780780426644924e+04 4.372796634728290943e-01
1.240334773689071163e-01 5.339062676417372089e-01 2.481020949201620529e-01 5.302904473919614059e-01 2.286091129627823848e-01 -1.409663665797640519e-01 1.190007468548090475e-01 2.362448328038468899e+05 2.017316089821387723e+05 7.934827534924229258e+04 7.386250843953505682e+04 -6.507682760728478177e-02
4.557938505636474069e-01 5.485887030605222092e-01 4.185812963771288753e-01 4.473310627464839873e-01 2.569586584204943125e-01 2.610803355812090221e-01 3.154718106294484570e-01 1.295172317059926281e+05 6.131068404128326802e+04 9.488858738047993393e+04 5.067077011096112255e+04 3.488136296875252729e-01
5.750983721900634338e-01 6.008074457895218323e-01 5.687775998533248778e-01 5.310502033977243519e-01 3.433453993304397267e-01 -7.015788849536369609e-02 5.376505752347339184e-01 1.886433943347498134e+05 1.199305022507627436e+05 1.064270017952433845e+05 1.360863108384667430e+05 4.935553599071003661e-01
4.982419773804677710e-01 5.384691712191781443e-01 5.830209380689076459e-01 4.912045704974625782e-01 2.740379266570303618e-01 4.271618256051225027e-01 2.596811029088575973e-01 1.301228478667308518e+05 6.307249430271526944e+04 9.103464441045535204e+04 5.936703078400834784e+04 4.122318196781630251e-01
3.528717937819819683e-01 3.720384619706182394e-01 2.041925687724432947e-01 3.907312626935012800e-01 1.985536040368440502e-01 2.967645166740200957e-01 2.593066877720512919e-01 1.501424710886833200e+05 1.172789177942745737e+05 8.412944333506256226e+04 4.450549381862055452e+04 2.564518697021400118e-01
3.927781388224456105e-01 5.219256071625486548e-01 3.037029116237628390e-01 5.389249888034385316e-01 1.941144853818344007e-01 2.795899731072605254e-01 2.249998441598226040e-01 1.347256279986426525e+05 9.215613281758187804e+04 9.304778284067792993e+04 5.372528802465776243e+04 3.644477834405402406e-01
3.256986669048420602e-01 6.066627450685276868e-01 3.521476933821170441e-01 3.977364723149466319e-01 2.096095279653864552e-01 3.195910491931628905e-01 3.029095843330539273e-01 1.409977819739809202e+05 9.489380781886355544e+04 9.357271298990264768e+04 4.761927461235910596e+04 3.539042665572025292e-01
4.374633461712381655e-01 5.689159974170001632e-01 5.113261304702719778e-01 4.520695850894014267e-01 2.362248208830460550e-01 2.573020835128674300e-01 1.545592794931813230e-01 1.735491371276644641e+05 8.748808533887099475e+04 8.982665719366882695e+04 8.191574054583600082e+04 2.753862170752884864e-01
3.600859387449290017e-01 5.469388652875734058e-01 3.470704180148084239e-01 4.489221133776041261e-01 2.398046170745334327e-01 2.532538689129056886e-01 2.996909896785793226e-01 1.106222237728836772e+05 1.146288852269779163e+05 8.816269905493200349e+04 5.600456927438107959e+04 3.114566078226864154e-01
5.255845641645752186e-01 5.808355875193883522e-01 7.093888536835032954e-02 5.184410834915007538e-01 1.369351301661586862e-01 3.255591745321767538e-01 3.464326018501583948e-01 6.998774154225636448e+04 6.984519073746608046e+04 8.900668706969017512e+04 2.965290785202714324e+04 1.874208460790005859e-01
4.832432790442550141e-01 5.637955346950178637e-01 3.925190764162722057e-01 4.212883660831441279e-01 2.120189763723037413e-01 3.440471270179286667e-01 2.938050419446683881e-01 1.327792784901016857e+05 1.150297254519934213e+05 8.920135168595709547e+04 4.591251727135540568e+04 3.342427131175295107e-01
4.282069645118019574e-01 5.497273244174325502e-01 3.866213872563519782e-01 5.204860546500637009e-01 1.907578502845038992e-01 2.991486706122874484e-01 2.564789965443010633e-01 1.049154208204138122e+05 7.806278348767037096e+04 8.392064617435721448e+04 4.668068822844685928e+04 2.857505066164346408e-01
9.043080904509663842e-01 4.635848130301025161e-01 6.073148342273221312e-01 -1.437982685828008700e-01 2.624075155252763580e-01 3.473603630927009078e-01 4.549817075192508220e-01 1.111989527040051616e+05 7.063178928922260820e+04 1.065120279795451206e+05 6.547875213707877265e+04 3.727199214967953367e-01
3.547591359717976456e-01 5.612620825344393216e-01 2.447743762721631411e-01 5.353733158823661409e-01 1.920919074451487019e-01 2.649804496933946263e-01 2.270664635223367533e-01 7.588809471251728246e+04 5.733550850837245525e+04 8.714690539970167447e+04 3.554204039552075847e+04 5.446789983553091963e-01
3.499581993293701676e-01 6.419130813625085752e-01 2.090544939346340378e-02 6.031674688522314920e-01 2.040262369560844335e-01 3.922869494030772342e-01 4.811996429902647976e-01 1.450156201914808771e+05 6.219684639865435747e+04 9.548772651431491249e+04 4.009409589003186557e+04 3.287614419918402642e-01
4.119849235182959091e-01 2.705782425308742023e-01 7.588643687951852623e-01 2.725743035484358145e-01 2.471189099329715311e-01 1.483806979611971277e-01 2.882528678262616731e-03 5.744259066702779091e+04 1.684862200111194397e+05 9.688703198157703446e+04 9.680379418499323947e+04 2.635057234815523786e-01
4.068893083909502217e-01 1.302698239045063877e+00 -4.687066526693701163e-01 1.034924077478864390e+00 -1.285131213069384305e-02 8.173629930508349295e-01 6.991811783999337671e-01 1.780423774844137661e+05 -7.258251768034962879e+04 9.426358892078697681e+04 -6.899148739221238066e+04 3.843948465366397449e-01
6.404468736085562330e-01 3.755353618401133797e-01 4.606896673661532438e-01 4.942619178484161102e-01 2.993348653590131581e-01 4.364398863067343592e-01 4.059980751445880220e-01 1.627762840107780066e+05 1.281720998258594482e+05 8.350289347008528421e+04 9.160288232548716769e+04 6.111524807374830726e-01
4.994239209507841948e-01 1.178252453449599280e+00 -1.293334538833596781e-01 8.772056603463189717e-01 4.368371426583299993e-02 7.456297813662265961e-01 6.294909221381869147e-01 1.744092458421718620e+05 -3.512783596561502054e+04 8.563806713952131395e+04 -5.825218497784736246e+04 3.550961685655090738e-01
-8.963878743278601291e-02 5.646120504017629882e-01 7.324790055194617677e-01 -3.230702911472402294e-02 1.517338406947726370e-01 -1.913551353139353595e-01 -7.056242066347072350e-02 1.753534234495248529e+05 1.486040871088943677e+05 7.600994279986603942e+04 4.021644590905667428e+04 5.088970086777220292e-01
4.716557656581754632e-01 1.668456458950493271e-01 6.632114246976739125e-01 2.282861574427391682e-01 2.099686447154911206e-01 9.746833549220397519e-02 6.188093487805434306e-02 1.227964862498066941e+05 1.534325240058227791e+05 8.338784416057560884e+04 1.002237961558743555e+05 2.058865287125881960e-01
4.258265498695451012e-01 6.278420904610666486e-01 1.106207704313715984e-01 3.504638874633199119e-01 1.521813649187760686e-01 2.773209695324954649e-01 1.888828429851081014e-01 1.206281903511722776e+05 7.450187158634129446e+04 8.650867742502203328e+04 5.436023798669272946e+04 2.917120345514105928e-01
4.107141673375004354e-01 5.095042259152829933e-01 6.477920866247174336e-01 4.629874423113440884e-01 2.671574670168062604e-01 2.529947356786835799e-01 2.574182173845318000e-01 1.530233020601432072e+05 1.019116913510878367e+05 9.160822264623487717e+04 5.555324204445073701e+04 3.682187957529038380e-01
3.747355907346654469e-01 5.058135415419031666e-01 4.218566535012319707e-01 6.373386073899599547e-01 2.368242776943459693e-01 3.008899323293258710e-01 4.516744221932640913e-01 1.489886139341980161e+05 6.920823934329161420e+04 9.026143180329279858e+04 5.357123545746281889e+04 3.525111191432228619e-01
4.565139710492362446e-01 5.217462937474610651e-01 5.285547638918888236e-01 4.463301205549152217e-01 2.809537404112916192e-01 3.751594622062254802e-01 2.721590516939088045e-01 1.460090272424525465e+05 8.697135866100265412e+04 9.623192421723574807e+04 5.825476253383517178e+04 2.461805708868924913e-01
3.933439311398490013e-01 5.484951554634978077e-01 5.119217374643326712e-01 5.832624699079832498e-01 2.315981923048284485e-01 3.074301177344277991e-01 3.116737084301062222e-01 1.293172343725740793e+05 1.205120811580316658e+05 9.308025030411768239e+04 5.578263572945341730e+04 3.764907500323538825e-01
3.868912815907621927e-01 6.243799300141325004e-01 4.533480593408191206e-01 5.798923855077244838e-01 2.448866546146389600e-01 3.317298285205878550e-01 1.867649280579856130e-01 1.150561271254440653e+05 8.696333639104047325e+04 8.527688736546419386e+04 3.905568202730927442e+04 3.501993058091516509e-01
4.434466070265469795e-01 5.971736677176607833e-01 4.261075148089716325e-01 4.710842882421462652e-01 2.444404523991668965e-01 3.095135513426889307e-01 3.847419309149598954e-01 1.254236381251185521e+05 7.641414115183689864e+04 9.692448011853381468e+04 5.722739656329565332e+04 2.718229089255043140e-01
5.857857620394857356e-01 3.885575824795644562e-01 5.019382561413309185e-01 4.388902882108525194e-01 2.439711064042152655e-01 3.938581766085483271e-01 3.464517545860880676e-01 9.845298772744374583e+04 6.489276275428249210e+04 1.000898573562964011e+05 9.285850000399783312e+04 6.074184734544276765e-01
3.566493075278491798e-01 5.855561463535615685e-01 7.077886764277436793e-01 3.934038291062334491e-01 1.774124557460196594e-01 2.865091146167632052e-01 2.545732102210160885e-01 2.025515389330959297e+05 1.609661784156994254e+05 8.262531135278096190e+04 3.339178162821206206e+04 2.517351342542237247e-01
3.827214571858603143e-01 6.852063618352720598e-01 4.685806007608786516e-01 6.305941181766725467e-01 2.059970737726342371e-01 2.671388200909903254e-01 3.844018280467895732e-01 1.070659353442985885e+05 5.751116112941849860e+04 8.887672088462155079e+04 6.767802746142727847e+04 2.680361851921763128e-01
5.473679706686370716e-01 5.995331034262554315e-01 3.588204564112135175e-01 4.716903070686517818e-01 2.693992914452235654e-01 3.350163094030259026e-01 2.661821415406683267e-01 1.189862421609429875e+05 1.073656265474881075e+05 9.131755600023636362e+04 4.580457917427817301e+04 4.819464450340194550e-01
4.164834517438590344e-01 4.953709732755355866e-01 2.295214681187559280e-01 5.027034503439825608e-01 2.657542080786753913e-01 3.847117765278334489e-01 2.526255665916274928e-01 1.414864404640802823e+05 5.795408076787240861e+04 8.825240681382559706e+04 5.542763454563376581e+04 3.893645470976002110e-01
4.016469896278359042e-01 3.327333816245930387e-01 1.846886412503229435e-01 2.932176602294455092e-01 1.716156870341653817e-01 2.212414772809896124e-01 2.077005437145833244e-01 1.308666000372542039e+05 1.001295005721683556e+05 8.599618473851279123e+04 3.746253125397871190e+04 2.111962943453632169e-01
-8.949014927670466413e-03 3.192393345104319602e-01 9.001096790945993520e-02 1.336408445600600625e-01 1.085029930541490245e-01 -5.931807053060099422e-02 4.732005913964290045e-01 1.196484307918054546e+05 3.991671225472532387e+04 1.922092361411007005e+05 3.816360331192763988e+04 -3.277804548509435228e-02
1.197397246343768207e-01 4.697277966904649382e-01 2.434841242172275377e-01 2.618556111576214596e-01 2.028933566521642085e-01 -1.486772094592982429e-01 2.816394268979711610e-02 1.269811604518930399e+05 9.759590023833140731e+04 8.627329907285873196e+04 4.117724583740681555e+04 -8.787561112760094995e-02
2.597392336561626380e-01 5.305939912913406609e-01 6.195712470461116617e-01 3.879837379270148490e-01 1.384444252042207335e-01 3.063040867781761101e-01 2.736944269654605910e-01 1.260969637339721230e+05 8.359898738699204114e+04 9.604088684772374108e+04 8.495383146327103896e+04 2.971666319483390883e-01
3.250604086223088385e-01 5.567433127912139179e-01 3.110903611320406381e-01 4.383592482414453984e-01 2.035021162339495093e-01 2.626739876633826243e-01 3.076910955564057248e-01 9.875234710614681535e+04 8.591419917694592732e+04 9.192691725346611929e+04 1.712637085479475718e+04 3.298611736128588268e-01
4.615974655205750121e-01 5.806613162405904749e-01 4.488170859391027445e-01 4.630561367463208455e-01 2.514901500855160066e-01 2.864820055116696351e-01 2.627083076708364717e-01 1.428246345738912059e+05 8.737340548037822009e+04 9.495428404770699854e+04 3.573034773292626051e+04 2.846384316955199445e-01
4.430839846626783429e-01 6.641138647020374819e-01 7.562688572558948774e-01 5.606952340475266361e-01 2.611328985226537003e-01 3.863439934192814396e-01 3.287736091535337080e-01 2.294605842520938022e+05 1.598041961731534684e+05 9.466263698572760040e+04 7.651577228362353344e+04 3.276913885742849253e-01
6.975266322541940900e-01 3.530982672840828340e-01 4.799604872688710833e-01 4.618905740068703358e-01 2.598123236356998378e-01 4.089151645160067905e-01 3.872059225728430865e-01 9.469430945517853252e+04 7.337673164225240180e+04 8.487949732244893676e+04 8.645606349602069531e+04 5.792268212315326847e-01
5.790390960172245860e-01 5.198857481716935292e-01 4.739140802316962331e-01 5.361452943478748345e-01 4.770557919710074479e-01 4.528682839029891660e-01 4.336251614019921430e-01 1.502369375923275657e+05 1.031324007384931901e+05 9.834291102992268861e+04 1.231586870443853986e+05 4.293138429575722448e-01
5.072080894067154677e-01 6.869783549282272306e-01 6.040835925309497867e-01 4.269836478475176889e-01 3.634435801267082988e-01 2.932355279017696548e-01 1.375149368577071318e-01 2.105754193281922198e+05 1.002606189713110070e+05 1.356835973814471508e+05 8.906156713592226151e+04 -2.349135763594321566e-02
4.224819336958378080e-01 5.882465941407771792e-01 4.495732938598493433e-01 4.777409183817669658e-01 2.479030383906014046e-01 3.343763555154282696e-01 3.431718129530739736e-01 1.193584713190481125e+05 1.007222682783994096e+05 9.015896612648399605e+04 4.338942639812173002e+04 3.385650968462064481e-01
4.100594480428197408e-01 6.143378249170777794e-01 3.948699063170901247e-01 4.822565881464245252e-01 2.033358322344066271e-01 3.628428962617316067e-01 3.684720209483447473e-01 1.096870251221566868e+05 9.474627198793843854e+04 8.592224441676920105e+04 5.767459482530140667e+04 3.379011368445409835e-01
3.665914345464969526e-01 5.121461697551583647e-01 3.321181348533303046e-01 4.179872487709826445e-01 2.156876564906958227e-01 2.970992785207617892e-01 2.112847121516725213e-01 1.614155892692558700e+05 9.886325865106239507e+04 8.774378543404252559e+04 8.147890544508400490e+04 3.126180691194872519e-01
5.282014342801309992e-01 5.940980258997110575e-01 4.979997781779604837e-01 4.807359749603172250e-01 1.889106890480168055e-01 3.394775044023618515e-01 3.603968336715678289e-01 1.316629970554722531e+05 8.188079584767893539e+04 9.391871639457449783e+04 6.143166799805754999e+04 3.694726142503156341e-01
3.718969830660258657e-01 5.189974671991501864e-01 4.162923513842339829e-01 5.379804676440367306e-01 1.952995867241268946e-01 2.592904469903132836e-01 2.659457578171715020e-01 1.275728625338539423e+05 9.955837748873597593e+04 9.494451986590056913e+04 4.858474395005523547e+04 3.420399082802083601e-01
4.257354525602087270e-01 5.359876541895387536e-01 5.563465108725993424e-01 4.469310983479534150e-01 2.410755890092048104e-01 3.215923171209943976e-01 3.452223269595344202e-01 1.077071789761276741e+05 1.199842653561235347e+05 8.782822560813988093e+04 6.301124004482882447e+04 3.327993470842798285e-01
1.449975858845868951e-02 -4.384374722593529367e-02 2.374842136601503784e-01 -9.636861835600441309e-03 3.316556692806618134e-01 -2.764227818821376470e-01 4.870107300741712830e-01 1.499334252754478948e+05 1.333473533337046101e+05 7.640378559290869453e+04 2.554234392405324907e+05 -7.211310061570806729e-02
4.522112944287431935e-01 5.927874515560964674e-01 4.430342132905566443e-01 4.783502206010762370e-01 2.005913380143015401e-01 3.467947693794616315e-01 2.770396438452034649e-01 9.296619229949759028e+04 1.050775142453804292e+05 9.220910617832737626e+04 6.232574910579222342e+04 3.234601188920667725e-01
3.936791520496056851e-01 3.834460122142807070e-01 2.930268001848773674e-01 3.594735241046274621e-01 1.989636028054909689e-01 3.315902561344219457e-01 2.587594382805508686e-01 1.103409994907266810e+05 8.618682728927789140e+04 8.424229704313624825e+04 6.402108251935486624e+04 5.896249635045169857e-01
3.684217144541959699e-01 5.963857615298138182e-01 2.379736831453204970e-01 5.426495144543468374e-01 2.029790094784580390e-01 2.989966557743987119e-01 2.563756159052756889e-01 8.579286489150764828e+04 5.753971152769454784e+04 9.826162462125453749e+04 4.235757310496098944e+04 2.469540384099047359e-01
-2.601835883426460438e-01 -1.805273404676915328e-01 4.667415055001638557e-01 4.755863488217916268e-01 3.737853032038022660e-01 -3.763991490379637317e-01 6.017193308549411146e-01 2.437106728398737614e+05 2.442449133331291087e+05 6.880797853819391457e+04 2.404887079535622906e+05 -2.678110073162037197e-01
3.566494539876162162e-01 3.603583671519350329e-01 2.081711988986361672e-01 3.774614392485203251e-01 1.887538850353987774e-01 2.734412218479685408e-01 2.466361219055051568e-01 1.121339946654164669e+05 7.881885327083618904e+04 9.360608418654921115e+04 4.144041870692664088e+04 2.363519065920534901e-01
-7.991102310309228240e-02 -3.513484554928402587e-02 1.720686441870905026e-01 -1.287926555937512485e-01 2.887559059215061286e-01 -2.599746529418902607e-01 4.458755341990049414e-01 1.615780534462114447e+05 8.706897519441752229e+04 1.211204718871784571e+05 2.544863230112486053e+05 -1.802514558658817601e-01
8.247866479016232599e-01 6.194922826199885657e-01 6.181337743453962918e-01 4.121322604639486298e-01 3.447341423482750411e-01 3.912433378065143241e-01 5.236575156938044762e-01 1.159292842740204796e+05 7.106985177931551880e+04 1.083654124037518923e+05 7.246724965962575516e+04 3.267808441611376735e-01
4.364668470991389659e-01 4.861360876230557682e-01 3.463901959023977795e-01 4.449195674950138235e-01 2.191281673567797017e-01 3.280695258973247430e-01 3.295576308146448419e-01 1.137721891902335192e+05 8.824546486895153066e+04 9.116427294585719937e+04 4.651511991643156216e+04 3.536729535199453767e-01
4.693443207594650834e-01 4.851451072330142944e-01 4.431665624463969055e-01 4.601869853283806489e-01 2.077505270684552596e-01 2.893008108956714453e-01 3.265238580283644776e-01 2.062228421369087009e+05 1.096274300496658543e+05 8.346491718648282404e+04 4.511312971479432599e+04 3.147982529323531953e-01
6.356881279781875227e-01 6.137160166082982204e-01 5.675046311171250135e-01 4.600742909951325288e-01 3.487005282893460567e-01 3.925388908007282351e-01 5.230493108202013408e-01 1.762295520449414907e+05 1.395684245022316754e+05 8.284223004153341753e+04 7.646647768870739674e+04 3.289805436127497540e-01
5.175922392079556067e-01 5.927738999306599865e-01 4.332745333239392260e-01 5.408223893388209857e-01 2.339702990632088753e-01 3.275566870863841906e-01 1.743124595157132806e-01 1.934007259597753291e+05 8.041069966658718477e+04 9.453466242321894970e+04 7.022292643675963336e+04 2.656128434096653446e-01
4.362793244022388217e-01 5.977675058707151434e-01 3.057274985387148925e-01 5.046235255161883870e-01 2.208659332727129221e-01 2.375781689809932928e-01 3.347904374078568557e-01 9.743968944762213505e+04 9.317678804966057942e+04 9.478819211934832856e+04 6.814730661496661196e+04 4.144703026195323270e-01
4.136596576314290896e-01 5.393197840821352118e-01 3.269386524497424062e-01 5.272706116088283768e-01 2.043629474049551142e-01 3.261304124069892563e-01 2.398023712700972365e-01 1.602362498867912800e+05 8.931404712439847935e+04 8.548379263379549957e+04 5.298056181567928434e+04 3.242635686295812780e-01
3.723057887392172138e-01 4.250010249564350473e-01 3.306107809813383369e-01 2.701046624645608296e-01 1.784594958933516384e-01 1.086231643453646895e-01 1.626469150511354322e-01 9.229295828195601644e+04 7.439479031856445363e+04 8.150653054380849062e+04 4.464445274553871423e+04 5.315342616477157778e-01
3.721061770051213302e-01 2.193403781890275461e-01 1.835017431077466676e-01 1.885434119942667186e-01 1.343988713999216822e-01 1.893303482892410849e-01 1.706171353102733101e-01 4.316497644776776724e+04 4.068761102904904692e+04 6.964839201091491850e+04 8.418991035524548352e+03 3.156734447566728607e-01
3.637513782992916611e-01 4.404927683904723557e-01 4.504586819305717582e-01 4.028865028417428218e-01 2.331910637660013497e-01 3.928543311461653031e-01 3.721006939440142935e-01 1.362003895152502519e+05 1.026307607389956538e+05 8.419776158137686434e+04 4.604836131870424288e+04 2.257638976378757156e-01
3.551229988414982830e-01 5.553073559665493431e-01 6.100017760796854205e-01 4.716376790806956487e-01 1.685101555330706102e-01 2.599277675439132240e-01 3.260865190296401983e-01 1.418741008458130527e+05 8.882678819167026086e+04 8.500657782048618537e+04 5.069210829185400507e+04 2.515900717631650019e-01
4.111766348486446399e-01 4.851020623581351887e-01 4.672256114034984420e-01 4.869842313116579113e-01 2.205481609356623740e-01 3.671134907180805262e-01 2.747987636984323134e-01 1.295358312219551735e+05 9.004992477488557051e+04 9.277570956003207539e+04 3.951672388222692825e+04 3.766248896926602252e-01
3.685617338413774702e-01 5.156081715753604300e-01 5.018757664110772287e-01 3.269527983439380336e-01 2.359436168484594920e-01 3.241527492247890940e-01 3.195975898761733713e-01 1.137287868311292259e+05 9.935479443829135562e+04 8.506274954257212812e+04 5.386776176498172572e+04 4.065520276030059610e-01
6.392837014794600092e-01 6.827800168511822809e-01 6.156649113164325282e-01 4.944864923114517530e-01 4.202549703113784840e-01 4.124273640584427136e-01 4.787288256938767028e-01 1.502268118946251634e+05 1.106602124459162005e+05 8.949418809011638223e+04 7.886720650142425438e+04 3.370656589385317425e-01
3.794668380224925364e-01 5.385907376010397041e-01 2.248356705924771382e-01 4.960021678660191946e-01 1.894760846439901281e-01 2.911850324651437671e-01 3.131738991668909233e-01 9.726025638899546175e+04 7.025100863903031859e+04 9.257880625454051187e+04 5.641196026418537804e+04 3.287004846794796542e-01
3.592387986738143080e-01 5.883647870771911981e-01 1.164420932907984929e-01 5.670503538940501187e-01 1.788835615615043395e-01 2.331981731052018281e-01 2.399618491252181463e-01 2.071635591681421793e+05 1.674626479741594521e+05 8.116575820030813338e+04 3.114124120102431698e+04 2.333560718239978127e-01
4.534912182848208073e-01 5.357134412984325689e-01 5.154336441807713109e-01 5.282001016050381637e-01 2.785116731160754977e-01 2.694028602173865194e-01 2.882600388794160917e-01 1.273819687588000816e+05 1.209955422909918561e+05 9.526260347935007303e+04 4.436969041025027400e+04 4.079879984653377312e-01
4.826281534644445426e-01 6.011096190460546440e-01 4.613369851161185919e-01 5.741988919352312148e-01 2.200019097233884557e-01 3.198272559208742982e-01 3.167357313868697788e-01 1.188477493164633343e+05 6.577499151573570271e+04 9.749393210932811780e+04 5.631079468657835969e+04 3.348821866421187732e-01
3.758763628892280995e-01 6.450244772756166256e-01 3.008170949497005475e-01 4.288660989965186743e-01 1.987071754326656392e-01 2.830807232676183505e-01 2.630789090047861989e-01 1.565009947290609416e+05 1.200988621452488442e+05 8.624525152278713358e+04 3.918064241792602843e+04 2.629483835934488534e-01
5.478104061805466607e-01 5.115540219147615142e-01 3.684857417897980381e-01 5.241780842728802625e-01 2.559803592773112202e-01 3.768349305428616569e-01 3.407509487419839722e-01 2.128738157003213419e+05 1.575337583644535916e+05 8.964928017793138861e+04 9.323295125435244699e+04 4.645663666452914398e-01
3.811342347547533871e-01 5.799073149800741955e-01 7.349064886555284337e-01 3.856866891121594199e-01 1.968999049068035356e-01 3.278335119000997389e-01 2.489795222269827191e-01 1.302693696232683142e+05 1.043286017250105506e+05 8.211531877949913905e+04 5.162380403912124893e+04 5.748248163253470988e-01
3.831665150674674614e-01 4.922019266520127889e-01 2.501930187788001247e-01 4.512933296937564620e-01 2.343955937195265071e-01 2.362228670207703607e-01 2.594788523694536164e-01 1.318605623002239736e+05 8.988313203641794098e+04 8.802995471088201157e+04 5.500032661085279688e+04 3.316913033270125766e-01
3.805804486547966770e-01 5.068624027343144878e-01 5.169681575892872694e-01 4.192104948026045830e-01 2.123628501829716020e-01 3.099228864114944026e-01 3.428374196735766155e-01 1.458326444493765885e+05 9.181721584165516833e+04 8.556152791830962815e+04 7.515408240065166319e+04 2.405434596166030059e-01
4.322554020142487241e-01 5.395328222341579938e-01 4.128422965495222585e-01 4.094944855007897622e-01 2.180132202159384691e-01 2.671739295491419863e-01 3.112414205067725037e-01 1.391157927185068547e+05 9.293943490161807858e+04 9.729942056901971227e+04 5.593102568705753220e+04 3.074304923516135157e-01
4.313840735505040658e-01 6.120315162203456838e-01 5.903513176091474968e-01 2.821590603780229634e-01 2.462767811911457660e-01 2.964217610670437653e-01 3.208726440186061013e-01 1.017971749642694922e+05 9.255654574453119130e+04 9.513336079053867434e+04 5.368360620549190207e+04 3.170450372582158116e-01
4.901777067744272909e-01 5.126337426764225880e-01 4.177592912384688884e-01 5.218475034850256211e-01 2.281308365049498355e-01 3.102701678540378816e-01 2.562340344908526912e-01 1.135089348430646642e+05 1.169256541992056882e+05 9.169034509637394513e+04 6.414438547145574557e+04 2.855846852019597315e-01
3.975960151129054321e-01 5.403533985725974542e-01 6.958070327643910424e-01 3.024978541669136045e-01 1.849405212332782267e-01 3.114953524125663176e-01 2.229910138952636289e-01 7.180860620464217209e+04 5.573092955725159845e+04 8.432603224969371513e+04 4.837968854910109076e+04 5.502389280895506607e-01
4.407961612283439745e-01 6.416801919686639932e-01 4.582928766051782565e-01 6.672112604673512415e-01 2.563284830705847561e-01 3.651392084367479640e-01 3.364138439344757092e-01 2.611315530797225365e+05 2.227324941751181032e+05 7.848926709052386286e+04 7.935219704875460593e+04 4.172677473415589700e-01
5.462421545515603327e-01 5.381363922822591794e-01 3.486425329830464825e-01 6.271180772655892133e-01 6.592601637506134704e-01 -1.905107276563436369e-01 4.377333994984086152e-01 1.299447448810833303e+05 1.014160658645751828e+05 8.333858375863303081e+04 4.500889953555901593e+04 -1.479053908105086579e-01
4.223576502001625266e-01 5.134065704046399947e-01 3.943319999256300612e-01 4.560972722072789698e-01 1.996213630127626759e-01 3.097783723514317966e-01 2.672070781218158220e-01 1.127585191595354263e+05 1.080512207503967948e+05 8.272827255494202836e+04 6.360289120939845452e+04 3.310119362646299912e-01
4.630898889314136735e-01 5.325630976449038378e-01 4.882033518987221044e-01 5.212168080205727971e-01 2.047470641957526982e-01 3.412559555114114129e-01 2.721496782338648224e-01 1.350232162596024864e+05 8.627226681114466919e+04 8.748225723752577323e+04 5.606825988566788146e+04 3.520016579323714256e-01
5.394293985205148578e-01 5.751581035417353549e-01 3.299200453765805396e-01 4.461965854004818488e-01 2.210585366745388136e-01 3.183670355314928146e-01 3.251743975515517526e-01 1.099398181839684257e+05 8.124435735760057287e+04 8.447793981482899108e+04 5.836273965961691283e+04 3.043567795394956366e-01
4.497223490143608116e-01 6.195151467833898140e-01 4.868721528294603362e-01 4.850345405194520509e-01 2.735918067935346198e-01 3.083106282759861538e-01 2.893693779674173516e-01 1.131568362350488896e+05 1.191576323320803058e+05 1.014814219158552587e+05 5.617084326583071379e+04 2.836899528472711096e-01
4.975671706847895615e-01 -1.068224210550423464e-01 3.689309312322411882e-01 5.908420161043798080e-01 3.666665710276517109e-01 -2.913098200374243385e-01 6.130986401471864022e-01 -1.276345965318756178e+06 2.378976272535027238e+05 1.062668597936623701e+04 2.340642603915204527e+05 3.354028547383385295e-01
7.690529411720941066e-01 3.977607054499918693e-01 4.872717128598648695e-01 1.528405196144031475e-01 2.319937428925170353e-01 3.400837800751936868e-01 3.802014761226075734e-01 7.151555609520849248e+04 5.429989932508459606e+04 8.656324263845977839e+04 6.525814135072766658e+04 5.178174153800544355e-01
3.514712986836148745e-01 5.076352077028186693e-01 5.119936914088699664e-01 4.617410268084938263e-01 2.769504088713863332e-01 2.854997449304716439e-01 2.496337656705042429e-01 9.909110405536714825e+04 8.237428403807374707e+04 9.552109930390203954e+04 3.934934640897499048e+04 2.189997541572633044e-01
4.811443391730934049e-01 4.850993584337110476e-01 5.193375583028498887e-01 4.541640711281839105e-01 2.270888099347180278e-01 3.439913942809373903e-01 3.234622361124765422e-01 1.552140986280296638e+05 9.594611407214768406e+04 9.453004501617953065e+04 4.125430458085254941e+04 2.900576760566138113e-01
4.274145379404503120e-01 5.417041230165471344e-01 2.708988000202768864e-01 4.965116066775977499e-01 1.929605710282694953e-01 3.155491230577909811e-01 2.382789169990800759e-01 9.111221685940898897e+04 7.201197846871950605e+04 8.297588775076232560e+04 5.920623627329989540e+04 5.750296657372628850e-01
3.695765485734254785e-01 4.784864620330240848e-01 4.432635938339501980e-01 4.877044301759797529e-01 2.109174382533483549e-01 3.783752607831209480e-01 3.931136883007779748e-01 1.402853495521592849e+05 7.462611584187083645e+04 8.529731808686011937e+04 6.371816025231790991e+04 4.170279046173157589e-01
4.285888561215087100e-01 6.059337930486271562e-01 4.878739809180720477e-01 3.709070430698618859e-01 2.263528424475194090e-01 3.429968578436189963e-01 1.371754089361119089e-01 1.206460192064684961e+05 6.872919802235365205e+04 8.498294722557099885e+04 3.462836795185419032e+04 2.381159787461766819e-01
3.864890546707309693e-01 5.276380530878714836e-01 4.193095357322559336e-01 5.158828356160898299e-01 1.999892985758264796e-01 2.913716345144426456e-01 2.538681414282258353e-01 1.003185283932970342e+05 1.049135037744129659e+05 9.188788860692252638e+04 5.871052835282600427e+04 3.975511513094793781e-01
3.818237959734543940e-01 5.622354230505798300e-01 5.475779312643765939e-01 5.722087684124701479e-01 1.854659347258542090e-01 3.071532218021937322e-01 2.671677608311689989e-01 1.437793646594269376e+05 8.525584398546014563e+04 8.599907513223860587e+04 4.596466502831553953e+04 3.525347995339822571e-01
4.277136502568773535e-01 5.402087147085837815e-01 4.695869979896784008e-01 5.239021583743480592e-01 2.036397480829817697e-01 3.304925634846171967e-01 2.958471229553796267e-01 1.342296324123772501e+05 9.150508131580513145e+04 8.690428956778066640e+04 4.500987095171186229e+04 3.254345297063469533e-01
3.556533026539829279e-01 5.313291397726992438e-01 5.120779469251920402e-01 4.374020652856118740e-01 2.345061526647737316e-01 3.162798766113175675e-01 3.075178833409655810e-01 1.192483890197703440e+05 9.080747390717931557e+04 9.283857305970444577e+04 3.943520051892108313e+04 2.852150417146142036e-01
5.478565620047183282e-01 6.201733984652644249e-01 2.635973638807328490e-01 7.279300057588679040e-01 2.868337179120325486e-01 5.587139297916925429e-01 4.730268553809989229e-01 2.594894931420354987e+05 2.551098977940893674e+05 6.769102620592468884e+04 6.818909788758940704e+04 5.193843108729816471e-01
4.211373157035760983e-01 5.437500280959506327e-01 4.093062887968156871e-01 4.263599935694707410e-01 2.260948971055260770e-01 2.890959424027148006e-01 3.568686158449193013e-01 1.216868194004828256e+05 9.952882004761975259e+04 8.809073296158452285e+04 5.831683377407603984e+04 3.186193762671109542e-01
4.244685945912911595e-01 5.193602090918337799e-01 3.662332404416578369e-01 4.835860486619196763e-01 1.988721765285474674e-01 4.127821351976655451e-01 3.049049019837264951e-01 1.441046441288861679e+05 9.462537858048116323e+04 9.154281063139271282e+04 4.648272930400574842e+04 3.378052146125715693e-01
5.593559454408622011e-01 5.464813628927834843e-01 5.777288638655158071e-01 4.399817605418666622e-01 2.026730711586415545e-01 2.375314612531330138e-01 3.777352365838744785e-01 1.303019773062889144e+05 9.371795169142655504e+04 9.042126653886314307e+04 6.083180835505001596e+04 3.297268544442092386e-01
5.628969588425628556e-01 4.785660440328921017e-01 5.932322504911947680e-01 4.709023460452207432e-01 2.927336437343541209e-01 4.186508295849729611e-01 6.054513220433548337e-01 1.863459508465683321e+05 1.392783073342065327e+05 8.780822508661067695e+04 1.152272189616723481e+05 3.809099717293434884e-01
4.139828190215514292e-01 5.062441872080845062e-01 4.618839801742945506e-01 5.242848524454298831e-01 1.805260259929253319e-01 2.738888701848656848e-01 2.926657663824701050e-01 1.016066301165616751e+05 8.569937066042445076e+04 8.783906469724449562e+04 4.663919981762513635e+04 3.802894521449150522e-01
4.588926126539952799e-01 5.090674006859137180e-01 4.250545122196357495e-01 4.381927366828392012e-01 2.220978287724704459e-01 3.348176073232195793e-01 2.162223991275434576e-01 1.363647055833627819e+05 9.629546024660926196e+04 8.262755055950680980e+04 5.272796240989771468e+04 3.946698178004456881e-01
4.693281521663529299e-01 5.777057721852588701e-01 3.778776016121681569e-01 4.359477927090809057e-01 2.148360656382597988e-01 2.850807587186364178e-01 3.463855665827706987e-01 1.223813052961791545e+05 6.636357596861613274e+04 8.632109218780383526e+04 4.872550059818203590e+04 2.550045672932132468e-01
7.125646070242452890e-01 5.330264340957954206e-01 5.694997161522983298e-01 1.097119942171496387e-01 2.889272838917479325e-01 3.624504204749602887e-01 5.528304496776921262e-01 1.278683200677226996e+05 9.080597530193964485e+04 9.527592616119224112e+04 7.424987189274279808e+04 3.025958868040432015e-01
5.922446647715712276e-01 5.071952078834330857e-01 5.916003217933183400e-01 4.498836379077508774e-01 2.846996012523461128e-01 4.074385388317396939e-01 6.316540421750596046e-01 7.318215551888471236e+04 4.937356551519599452e+04 9.772664449653323391e+04 1.003061324371983355e+05 5.557129400748841430e-01
4.336634181006829292e-01 5.205781674756587707e-01 3.690623361043334771e-01 3.356780111752910578e-01 2.550984644013490898e-01 3.760295131925902590e-01 2.850203030728141185e-01 9.677295167034812039e+04 9.965225361496357073e+04 8.632189488126921060e+04 6.657498294327728217e+04 2.285555024598899254e-01
5.419947091570516129e-01 5.313903884091877305e-01 6.391397665831723973e-01 4.086679915131092300e-01 2.075422350363320678e-01 2.799880508177882144e-01 2.791512112285223224e-01 1.150705986063030869e+05 7.731772920300868282e+04 8.909462831453947001e+04 9.148893895987256838e+04 3.611833717497417995e-01
3.171662615922848372e-01 5.866029761112395713e-01 3.045926961174990066e-01 5.896392055523235198e-01 2.514534052420178689e-01 3.401547371134946429e-01 2.997172806361120823e-01 1.542693813860214723e+05 1.040117664978509274e+05 8.983014726250601234e+04 8.536829776764479175e+04 3.464190198917288521e-01
4.368972282242089555e-01 6.185599692374580405e-01 5.054277397277165962e-01 4.807568285738888503e-01 2.564290884606236776e-01 3.096669182985009039e-01 4.235901028881689512e-01 1.300288318770190817e+05 1.179566674175819207e+05 8.614795066299730388e+04 4.377934804235086631e+04 2.516091258970154509e-01
4.284765192329242356e-01 4.709345934639643794e-01 6.053174013845865620e-01 4.285700510221911452e-01 1.749139466493153938e-01 3.449914828519679566e-01 3.718270712530140631e-01 1.249056356065650034e+05 7.336335557675857854e+04 9.156199654543645738e+04 5.175203932815763983e+04 3.068457072390852192e-01
4.765542787609705622e-02 -4.044019948806023591e-03 4.229332373107411863e-02 5.850689692026032895e-02 1.592761538549925249e-01 2.192047123749316651e-01 3.565310457721541648e-01 5.332426289695368905e+04 5.528607940474605857e+04 6.232615800101213972e+04 3.248731458949371881e+04 1.986015300639873693e-01
4.202377224797251842e-01 4.771413280645008803e-01 3.475704638839129390e-01 4.767750917005784683e-01 1.874827455681056798e-01 3.154396894253629902e-01 3.888170262904913632e-01 1.154935169168022258e+05 8.752298397538240533e+04 8.969969497394963400e+04 8.544123047837390914e+04 2.774289584709279111e-01
4.986826373965202452e-01 4.381856819924350721e-01 3.323020915591210489e-01 3.413272239399782193e-01 2.142177585485937619e-01 2.790663744645741073e-01 2.609106058020309593e-01 8.279464499744768545e+04 5.700817468900287349e+04 9.530839404314082640e+04 4.703837741404786357e+04 2.508540179867639885e-01
3.952808289445284284e-01 5.540755552976036613e-01 5.341790572674354198e-01 4.500524236990932625e-01 2.142776799530696497e-01 2.662471312441683780e-01 3.205212648212580895e-01 1.367227040496630361e+05 1.048684408883744618e+05 8.835690341379186430e+04 8.024990563102360466e+04 2.900669115065356851e-01
3.587360192520302471e-01 5.982161768873862639e-01 1.277352068548739672e-01 6.952750241863092651e-01 2.062898300386171724e-01 2.815343928907410032e-01 2.607735222779435369e-01 1.513445233711198962e+05 1.176449214468700811e+05 8.433735785820170713e+04 3.963134371510827623e+04 2.513348619932213035e-01
4.032996134875354022e-01 5.245410137687188667e-01 5.043085921305867636e-01 5.202777161166600717e-01 2.161376274376101414e-01 3.812212089026105200e-01 3.014904175352786653e-01 9.636124717394680192e+04 7.507050544379965868e+04 8.352974813405290479e+04 6.149909209545553313e+04 3.768020691240460684e-01
6.027690342838110116e-01 4.824165123568308622e-01 6.344616770542230721e-01 5.156022692162022247e-01 3.711530639917370866e-01 6.263013197481013261e-01 5.812974884538443243e-01 1.830771923741340288e+05 1.193121668507995055e+05 1.025426064586392458e+05 1.277841794632502424e+05 4.092513223525376387e-01
3.427206368042929330e-01 5.725999812937871969e-01 2.139310007131474123e-01 5.621170286612298117e-01 1.714910365403581882e-01 2.668446709983525733e-01 2.555438340814388254e-01 2.617921250731045729e+05 2.338731004600958549e+05 7.360143700493773213e+04 3.784653619469286059e+04 2.619250259028487182e-01
5.950284068949533989e-01 6.480175090875297528e-01 6.522226896971712318e-01 6.033140516432529132e-01 3.451885104814298999e-01 4.348245811003665917e-01 5.679872918622836941e-01 2.599732971621244797e+05 1.779186787132348982e+05 9.949010272403220006e+04 1.295425205322629336e+05 3.861104700006646184e-01
3.972505323660441845e-01 5.863210075094498208e-01 4.653546556626443342e-01 5.051675215231853366e-01 2.339785126129435566e-01 3.009675899598470150e-01 2.751228435637507186e-01 1.337035972804402118e+05 9.117914066856366117e+04 9.145553230814026028e+04 6.284271783527033404e+04 2.885651533841583349e-01
3.641798620595570468e-01 5.281241478610340101e-01 5.607131350634234623e-01 5.182324920479419728e-01 2.244801566457924613e-01 2.640138269673185656e-01 2.416372068291006148e-01 1.400649704472409212e+05 8.299421856452216161e+04 8.579360119628813118e+04 3.633032360591032193e+04 2.161126389589569652e-01
3.969483642419032177e-01 5.166625665644926091e-01 4.107578238835419282e-01 6.295625315551740542e-01 2.440835395724592072e-01 2.838144435583662695e-01 2.697707962409495175e-01 1.184278704426389304e+05 9.228829583683870442e+04 8.764333737892234058e+04 6.128386633461354359e+04 2.354696977660053758e-01
3.405897571396940271e-01 5.763277112104424615e-01 1.059889623204874759e-01 6.802946535463276767e-01 1.881970667209407477e-01 2.407415177813014284e-01 2.528135727153446588e-01 2.117438543925402919e+05 1.718135867776939995e+05 8.080835711646433629e+04 3.694771436733274459e+04 2.405971371050270313e-01
4.078888417455989734e-01 6.071661061806679083e-01 5.070241410322118281e-01 4.043356787545636100e-01 2.356305220978791581e-01 3.625573714656107893e-01 2.994252020158463257e-01 1.224012740370417887e+05 8.667690739642316476e+04 8.771822974792956666e+04 5.947679365613207483e+04 2.480019476636813880e-01
4.980184229258596829e-01 5.515513482255725020e-01 5.950721167030122993e-01 3.386570940587800838e-01 2.064319580965130185e-01 3.378131257258032427e-01 3.060308073412395524e-01 1.321858650418341567e+05 8.374424049225993804e+04 8.668198751756353886e+04 4.577238558012370777e+04 3.883350626203190825e-01
4.325206118438861824e-01 5.753658841465034701e-01 5.425877673876102758e-01 5.609373774534973656e-01 2.285004607061303650e-01 3.287430975510460263e-01 3.281551471755884686e-01 1.186529239129216439e+05 8.320535124648248893e+04 9.177860890676360577e+04 3.687212696109528770e+04 3.147489304872218563e-01
2.131357934596682102e-01 1.751223441536823022e-01 1.325311684968304149e-01 1.074865737082147769e-02 1.219723532639278574e-01 1.717076688691289432e-01 1.771032006080769938e-01 2.419871193919703655e+05 1.542467309143391903e+05 1.016152857463305845e+05 5.957618544369377560e+03 1.903960228233736729e-01
2.493930795620644819e-02 1.593776839682645996e-01 -1.736470565947840217e-01 3.651296328096265142e-01 1.871273245661253803e-01 2.957361054299106895e-01 2.175949868765186257e-01 1.127876216647330439e+05 8.960401988061178417e+04 8.342834264523939055e+04 3.869898113242585532e+04 2.218855696896984142e-01
4.542391633265275286e-01 5.403481742981870450e-01 3.154214548062761470e-01 5.619260203796522246e-01 2.793375560578533756e-01 2.554841251100293809e-01 3.260052740338456045e-01 1.335885691137689573e+05 1.079065800380461442e+05 8.857806451939625549e+04 4.323212979651009664e+04 2.767988049850811372e-01
3.155316612585657987e-01 5.519268028349406663e-01 7.117932714825481177e-01 2.096143354969024486e-01 1.770148887432167195e-01 2.153313312556655867e-01 2.033614798848930871e-01 1.230909362137783755e+05 1.018611573198842234e+05 7.996468624858050316e+04 3.652257948515651515e+04 5.325131216970853121e-01
6.417577517585689728e-01 6.104362317322123976e-01 5.558116346605719293e-01 4.410455341823473208e-01 3.465764015942686682e-01 3.849071787882715756e-01 5.506406437273794197e-01 1.205411157566722250e+05 8.653397010227039573e+04 9.132230690670307376e+04 7.382925013594496704e+04 3.098063328046727904e-01
4.247718404475848697e-01 5.641738591834348782e-01 4.381022652351888591e-01 3.546305980329100271e-01 1.484416201382275924e-01 2.877965676592242894e-01 2.106217129552273026e-01 1.267390019038116734e+05 8.954121434210904408e+04 8.928206785754855082e+04 4.682690396320135915e+04 1.886049956177863751e-01
3.115910808131965859e-01 5.483218353481266183e-01 6.379309054269645118e-01 3.973721728992002378e-01 1.975477654802609007e-01 3.127039226857475929e-01 2.549701307183635524e-01 8.755201898706323118e+04 9.077133130574299139e+04 8.448491444964142283e+04 5.016415206012042472e+04 2.883910569257317480e-01
3.712754550328076220e-01 6.297924332201207953e-01 7.645996843170723700e-01 4.157892455612889893e-01 2.747036157029847381e-01 3.644189781040859666e-01 2.739915924414358939e-01 1.234213929318674491e+05 9.525202529590831546e+04 8.546376325103227282e+04 3.092564982613391112e+04 2.602063548614289568e-01
3.671806297692017940e-01 6.022022174873480349e-01 1.736935240819695025e-01 6.945484334147196126e-01 2.101123273795894031e-01 2.934562701473343305e-01 2.567613988831810579e-01 1.083048863792640186e+05 7.880094180833370774e+04 9.022669050194401643e+04 4.104797565271131316e+04 2.424632102862766814e-01
3.315910158145303765e-01 5.904240765795414347e-01 3.601501742724396715e-01 6.469888109513594054e-01 2.094092705257379894e-01 2.902984071003030797e-01 2.367689897741835636e-01 7.397525339704421640e+04 5.584035327651385160e+04 8.765773394019850821e+04 3.045290228334064886e+04 5.137109882426827978e-01
3.553408835696620915e-01 5.840286821798124084e-01 3.486508412136828938e-01 6.696988725889267968e-01 1.992280078115997166e-01 2.342177752183470796e-01 2.266377271801585380e-01 8.434197488023345068e+04 5.800419389685601345e+04 9.566813928111734276e+04 3.550044433250806469e+04 2.091397823851595672e-01
4.460573817049922063e-01 5.651997422815123739e-01 3.654131599745576997e-01 5.108349683165692712e-01 1.800294467024502187e-01 2.253404081297271933e-01 2.778322870911069109e-01 1.500126781703712186e+05 1.152024127288988238e+05 9.080435054761558422e+04 4.408330289218006510e+04 2.952656144991083753e-01
3.649279974943396287e-01 5.109967517851584651e-01 3.689825201540819499e-01 4.776279660217915279e-01 1.992336414878409789e-01 3.280444949353651385e-01 3.606258219430948930e-01 1.302338377855783765e+05 9.990388106597089791e+04 8.615738019302340399e+04 5.197110804153509525e+04 1.804377064120612773e-01
5.494373031105955762e-01 5.521785867962981653e-01 5.420489249854462122e-01 5.019104599353446661e-01 2.143671685970576501e-01 2.102064524425822367e-01 3.549583647515223150e-01 1.181990169475001312e+05 7.314794672721636016e+04 8.336465705409285147e+04 6.331541948121526366e+04 3.337330110852871345e-01
3.093012579207634061e-01 2.651477121723646024e-01 3.195100380184461852e-01 -3.932300471401695835e-02 2.074501167482811215e-01 -4.339001284082971699e-02 4.798644131958024195e-01 1.673971531875699584e+05 6.964814667348646617e+04 1.520675371531113633e+05 8.705088750095239084e+04 -4.605967488383144043e-02
5.473312583678479060e-01 5.590137189681985141e-01 5.990426480327549763e-01 5.142295962900604867e-01 2.579920393758338704e-01 3.274763479996877780e-01 3.191155517487774262e-01 1.237344852916774544e+05 1.029060353829708329e+05 9.148930076557843131e+04 4.666347676382895588e+04 3.063965792214894401e-01
