5.000000000000000000e+00
7.000000000000000000e+00
1.200000000000000000e+01
1.800000000000000000e+01
2.600000000000000000e+01
3.100000000000000000e+01
3.700000000000000000e+01
3.800000000000000000e+01
4.100000000000000000e+01
5.000000000000000000e+01
5.100000000000000000e+01
5.200000000000000000e+01
5.300000000000000000e+01
5.400000000000000000e+01
5.500000000000000000e+01
5.800000000000000000e+01
6.400000000000000000e+01
7.800000000000000000e+01
8.800000000000000000e+01
8.900000000000000000e+01
9.000000000000000000e+01
9.800000000000000000e+01
9.900000000000000000e+01
1.030000000000000000e+02
1.180000000000000000e+02
1.190000000000000000e+02
1.310000000000000000e+02
1.330000000000000000e+02
1.360000000000000000e+02
1.370000000000000000e+02
1.380000000000000000e+02
1.470000000000000000e+02
1.500000000000000000e+02
1.550000000000000000e+02
1.640000000000000000e+02
1.700000000000000000e+02
1.710000000000000000e+02
1.810000000000000000e+02
1.830000000000000000e+02
1.950000000000000000e+02
2.000000000000000000e+02
2.080000000000000000e+02
2.120000000000000000e+02
2.150000000000000000e+02
2.160000000000000000e+02
2.180000000000000000e+02
2.220000000000000000e+02
2.300000000000000000e+02
2.360000000000000000e+02
2.460000000000000000e+02
2.470000000000000000e+02
