3.568725270396981286e-01 6.040807999624978608e-01 4.916487072382899615e-01 4.511127334613119766e-01 2.049609956625708385e-01 2.389553868912661083e-01 4.059567541269802904e-01 1.257658268549421045e+05 9.171329298259904317e+04 7.561484566489233111e+04 7.371817465558588447e+04 3.657408148021604188e-01
3.343039668987611845e-01 5.459498399665387858e-01 3.413766490533353681e-01 4.848780371923923638e-01 1.915024947343059170e-01 2.649979884771136995e-01 2.968054330009107233e-01 1.138861646972194430e+05 9.878577727346375468e+04 7.636968564342560421e+04 8.445655477899554535e+04 5.257858647615990533e-01
3.548895989722541389e-01 5.888564093543379174e-01 4.054153059502432210e-01 3.948721388578605995e-01 2.709639177949315081e-01 2.962544716252080157e-01 3.190370337129912470e-01 1.242722103809773980e+05 9.781420443708347739e+04 7.862528634500980843e+04 7.462978087802753726e+04 2.721659317188588889e-01
3.522256012788381740e-01 6.026508241518765407e-01 7.150263911672837258e-01 3.620979508041423656e-01 2.355953266533529766e-01 2.800916151348243899e-01 2.980017074368784824e-01 1.310838617921293480e+05 1.126104418262581166e+05 7.679850273443198239e+04 7.436264867888073786e+04 5.239049905945999397e-01
4.194701965742717031e-01 4.551385231294586275e-01 3.960545170334361931e-01 4.297938522902813863e-01 2.052120532791841534e-01 2.763110173164878836e-01 3.176048837167081973e-01 1.031590473548805167e+05 1.138133428513242834e+05 7.817956978349530254e+04 6.830552124408603413e+04 3.021768285786539665e-01
2.817992352065485928e-01 3.912402532966106627e-01 1.934534861146120499e-01 2.570433847025079821e-01 1.529096426352696270e-01 1.996764111429684685e-01 2.333905742072534262e-01 1.069679508089691954e+05 9.794720006788872706e+04 7.169977284005978436e+04 2.787035562996531371e+04 1.898418874869604034e-01
2.700169774754629937e-01 3.798727429568956038e-01 3.343356162752917915e-01 4.426026745418433772e-01 2.414857664347482280e-01 3.132918230172099250e-01 3.872884306807544696e-01 1.018899192459439655e+05 1.019315071648555604e+05 7.139898402445674583e+04 1.006732175308446167e+05 3.574702617581181352e-01
5.922936255748776357e-01 4.417180221172238852e-01 3.740819991118958243e-01 3.524095639215941156e-01 1.836959959906292739e-01 2.448869175562398692e-01 4.352405472386072782e-01 1.397988034131916356e+05 1.247555809390007635e+05 7.343713466406561201e+04 4.367493485196075198e+04 2.360415682568978435e-01
4.089091522289398095e-01 4.052469524083104346e-01 4.567604784737304691e-01 4.156092755426212260e-01 2.356160908398169385e-01 3.065538787702074552e-01 3.467396616586858604e-01 1.363385576412364608e+05 1.176873143188461545e+05 7.547682596487503906e+04 6.030569083211154793e+04 3.719592270579578086e-01
3.731368919835910680e-01 5.722788711408178797e-01 2.943711748315463450e-01 5.336907811060533913e-01 1.708979854311982183e-01 3.340928059216959900e-01 3.399105615294207849e-01 1.486470030181669863e+05 1.115344545533590135e+05 7.205632160463255423e+04 6.427112848688875238e+04 2.571578294414908483e-01
3.558961609776344903e-01 5.148512368733073608e-01 5.289805017890303329e-01 4.853293107662469130e-01 2.119727329451814857e-01 3.251010706367554182e-01 4.608785294152326073e-01 1.234466651841508719e+05 1.150707156665377261e+05 7.831837740951997694e+04 7.122679008970939321e+04 2.659620772510487008e-01
5.805528121154041044e-01 5.329469708652968540e-01 3.887415319470446384e-01 4.578180264265949151e-01 1.815208367875803530e-01 2.982350786317640168e-01 2.837955954594114649e-01 1.262475976213723625e+05 1.304249527614705876e+05 7.824430943000059051e+04 6.444827479066326487e+04 3.178388879924045063e-01
3.355523479127102693e-01 5.184849950563656940e-01 4.427151533174263909e-01 5.216056395590273898e-01 2.324989531835507939e-01 3.306382537009148748e-01 4.364686849875537566e-01 1.077271827047257539e+05 1.257338405656863906e+05 7.716328512550714368e+04 6.738724270576632989e+04 3.708357624501744110e-01
3.100947603313052858e-01 5.095366027268896092e-01 3.051840270986012627e-01 4.141455023793849111e-01 2.212595509011172634e-01 2.864517157532611713e-01 3.306869315749406124e-01 1.468128061671055912e+05 1.300940369437087647e+05 7.408598512654747174e+04 3.693636599492288951e+04 2.583994826449017568e-01
3.558653744978870770e-01 5.295399063108822135e-01 3.635001295081782824e-01 3.551613778765205787e-01 1.456575732161682069e-01 2.859210432765790233e-01 4.450166393597864145e-01 1.663368592054879409e+05 9.637362527793641493e+04 7.661897134642067249e+04 9.379973132370719395e+04 3.197178654301096046e-01
2.882908511834384457e-01 4.531189671777624550e-01 3.169880128077203763e-01 3.837935115421836074e-01 2.280943016812761182e-01 3.447892687279779933e-01 4.313254038215462161e-01 1.216802574469793035e+05 1.148220492980516719e+05 7.839612954636766517e+04 3.013422933961343369e+04 3.048759851696123957e-01
4.146048336032783777e-01 5.635529299157782113e-01 4.245535511840254350e-01 5.501461592798603251e-01 1.589615515239259091e-01 2.948656590623379148e-01 3.949178105280747308e-01 1.277725279658138898e+05 1.092772372659316898e+05 7.159389030701549200e+04 5.764504916573758237e+04 2.808408463644739839e-01
3.882049033196233179e-01 6.092399600356179779e-01 2.501568938450278012e-03 4.932479492284475020e-01 1.221451133317627419e-01 4.129533038302086179e-01 2.058541990660629761e-01 8.821587247103528352e+04 1.014941358284330054e+05 7.819407327530188195e+04 7.130719066589465365e+04 4.650063839703894031e-01
8.431817438337680937e-01 5.924583171577441076e-01 3.451408084044217395e-01 6.700911756085704551e-01 2.025696569819874712e-02 2.592562447023238348e-01 1.794224707818505571e-01 1.327557103958878724e+05 1.204012142174815235e+05 7.118005591774526692e+04 3.491709074134074763e+04 3.157294334926458723e-01
4.466675422821873020e-01 5.287928560690108304e-01 4.754604737081796761e-01 4.308546926961012713e-01 2.081385266229905662e-01 2.898108986485116167e-01 3.615341036556942167e-01 1.469003702557375655e+05 1.027820311382436630e+05 7.894020754236326320e+04 7.907279609669833735e+04 3.378419706658888910e-01
3.866313438271983260e-01 3.883489041556650312e-01 5.703600266016946030e-01 4.681849041458053806e-01 1.995159906250231208e-01 3.283420889087200756e-01 2.613414874371981500e-01 1.512911842031482665e+05 9.334016883322571812e+04 7.837813326521827548e+04 3.365453657024323184e+04 1.840999922832770586e-01
4.098206336555984541e-01 5.715787318911194070e-01 3.014550106755287118e-01 4.114738859422202855e-01 2.172722492202887878e-01 3.072618315355527541e-01 3.762993127494839718e-01 1.558225372600278934e+05 1.062756373055237782e+05 7.929417260367795825e+04 5.166663082016605040e+04 3.389437360967809121e-01
4.517206561561244449e-01 5.352776335172161337e-01 6.047779324994458916e-01 4.830582396193827122e-01 1.964828126960033172e-01 3.386499669746910191e-01 3.326012203943814471e-01 1.391359202167092881e+05 1.158279976021108159e+05 7.682628574020201631e+04 6.515985322782551521e+04 3.069304841759892821e-01
2.867887645069091551e-01 5.644814256975023703e-01 6.432871597778669903e-01 2.412945729212965518e-01 2.002819263872174516e-01 2.078134078298605192e-01 2.263503097906920392e-01 1.108455746630717622e+05 1.018077436026578216e+05 7.152183057620227919e+04 3.213231827368422819e+04 3.058512911233375320e-01
3.523315622995085716e-01 4.735919841469878322e-01 3.944150379542156748e-01 4.504118934369977789e-01 1.725146419847443657e-01 2.616181493078061915e-01 4.237865533316458877e-01 1.610327775077609986e+05 1.240743903448873316e+05 7.297763660837657517e+04 9.596970615381772222e+04 3.559439732784905330e-01
3.458613650503988834e-01 6.738566168363697706e-01 4.709776193295812652e-01 7.572896096105102837e-01 4.971710872807453274e-01 4.243467035845842061e-01 3.726045407006496890e-01 1.052910619748545432e+05 8.933911428815875843e+04 7.858021918466575153e+04 3.160907372998665596e+04 2.834015007287401522e-01
3.624756646147201389e-01 4.819405804156804418e-01 6.054847505117251227e-01 3.570229735212304689e-01 2.023851574215840554e-01 2.814917168272177972e-01 3.453396888738982096e-01 1.443421180786808254e+05 1.309830094244468055e+05 7.407178401371923974e+04 5.421742848628063075e+04 3.379172775084390290e-01
4.505987769119827457e-01 5.254847610670217994e-01 4.268290800932006412e-01 4.170121753609983828e-01 1.827518855031639300e-01 3.375577105929666311e-01 2.952092974971027850e-01 1.203144787899923831e+05 1.034442884635417577e+05 7.870624441470377496e+04 7.850859888045421394e+04 3.003296265223935335e-01
4.468611468949958421e-01 5.647694733566811509e-01 2.890750758378143881e-01 4.206259753464480222e-01 2.502962016497283781e-01 2.447017169908718148e-01 2.860346197135146817e-01 1.144306933058083232e+05 1.255128264387752861e+05 7.529076815875526518e+04 5.974846418702409574e+04 3.292411814420853622e-01
3.253694901040631304e-01 6.380587619846265213e-01 3.357255284538494533e-01 7.136724883192457902e-01 1.850997218677185308e-01 2.778809125552974546e-01 3.155734603112539949e-01 1.250232290436363837e+05 1.084953974211434397e+05 7.569386841066574561e+04 4.823521169616011321e+04 2.321844907910001199e-01
3.672116077490221731e-01 5.267732748329669867e-01 5.370269327197193521e-01 3.863647702191614908e-01 1.750406307093575475e-01 2.872365029120565461e-01 3.842565208979105140e-01 1.392616221666925412e+05 8.391656548389486852e+04 7.706484538392990362e+04 5.564879189189573663e+04 3.130453946935606857e-01
3.167909871545335765e-01 6.305133278303370892e-01 2.735374891773726946e-01 4.798238889667596485e-01 2.282143702007963237e-01 2.666330160797256155e-01 3.164929800073144617e-01 1.377159975975783600e+05 1.206057690781771089e+05 7.505121028417244088e+04 4.605395110506258789e+04 2.340853115543753693e-01
4.174142695026979988e-01 4.778672146348232896e-01 5.660043547722978241e-01 4.245419241216190076e-01 1.888319982441192535e-01 3.223429363131405934e-01 4.673246913695819904e-01 1.547144423503779108e+05 9.586826532219530782e+04 7.684120883245229197e+04 5.277307748964587518e+04 3.029258356404377905e-01
4.577651859815072832e-01 4.449455317093029549e-01 5.787642440783077324e-01 4.594126403588408847e-01 1.868169547464505753e-01 3.244982073885448459e-01 3.517858084369321348e-01 1.619666163195961853e+05 9.348035848503907619e+04 7.654249915442385827e+04 5.495486730350520520e+04 1.716321888912096805e-01
3.632120073268393368e-01 4.184779794837905076e-01 5.060923130992379670e-01 3.765926153800249199e-01 1.604589385587702199e-01 2.730242887442906885e-01 2.766353859470556120e-01 1.453913355029869126e+05 1.143806186504751240e+05 7.792978384863621613e+04 5.772282582608498342e+04 2.755071916921633113e-01
3.937729409337561992e-01 3.834749055776417448e-01 1.803020701539865822e-01 3.235834084679604650e-01 1.577860542161878821e-01 2.620412058131631472e-01 3.049356295263056515e-01 1.282956927990822442e+05 1.127444904208370281e+05 7.467931107733050885e+04 4.694220141147580580e+04 2.450002468040493042e-01
4.049207576058816427e-01 4.469064140068329527e-01 3.998263053544311441e-01 4.780778158334385575e-01 1.900576686814771099e-01 3.106332965037927885e-01 2.974509182759393355e-01 1.675688102861684747e+05 1.017825237318868603e+05 8.222166057055169949e+04 5.749160098269248556e+04 3.323394141268436464e-01
4.495272041997223633e-01 5.081571229145488422e-01 4.244678042094743864e-01 4.330916142048162332e-01 2.204205780047171770e-01 3.167387743560973745e-01 3.571895353937300510e-01 1.369849283294130873e+05 1.107862280208128504e+05 8.160875025521410862e+04 6.064854702685458324e+04 4.391042955569594008e-01
3.926315622297689711e-01 5.790530648073933806e-01 5.841346613165765422e-01 5.315027515480245102e-01 1.940255041186488005e-01 2.559716422399112012e-01 3.618092445000584134e-01 1.430522193790713209e+05 1.244024182559462788e+05 7.504785055267805001e+04 8.973470711494781426e+04 4.401138823565907132e-01
3.676992683165111186e-01 4.701313221368960682e-01 5.336394776820200248e-01 4.562344054247747249e-01 2.461996542178685188e-01 2.809615783491812291e-01 3.242117572096869238e-01 1.209804985808146739e+05 1.154275261219797831e+05 7.928775099845202931e+04 5.129887764845385391e+04 2.638535351087330505e-01
3.918694119709538737e-01 4.889391770292457751e-01 4.864830179643890307e-01 4.575791747253172836e-01 2.098124249594364443e-01 2.388878125811557118e-01 3.162690908127516187e-01 1.160738164571922825e+05 1.105898350626950269e+05 7.709739662803498504e+04 5.856737495769069210e+04 3.746549242665569435e-01
4.997676957530118313e-01 5.025623847760953833e-01 4.856613803454236100e-01 3.485000776802703593e-01 2.760846395705237044e-01 2.708438054662633543e-01 3.835497027107983570e-01 1.172517545467969903e+05 1.335880257438200060e+05 7.717416795742783870e+04 8.563925008399007493e+04 3.360617240439338627e-01
2.564903111195734886e-01 5.655181516447128631e-01 5.069830969900679385e-01 4.133607657967766080e-01 1.375263854543730402e-01 3.584313215690687615e-01 3.283440832967101652e-01 1.389785101015628024e+05 1.513967228652704798e+05 7.822555778068435029e+04 9.047364348629451706e+04 2.690498895330118989e-01
3.889712740987791850e-01 5.461335366792720025e-01 2.853530264738400879e-01 4.218927783721618807e-01 2.187798679071656649e-01 3.182390070401459603e-01 3.043460067855918716e-01 1.258992742415626417e+05 1.094093742728269135e+05 7.476834743473351409e+04 8.244888964808847231e+04 2.762938850395842971e-01
2.407590299516652044e-01 5.617141226668080911e-01 2.448609336639747391e-01 3.278431931875768202e-01 1.795655074512509664e-01 3.616300396006037476e-01 3.034129816558137627e-01 1.675317619166371878e+05 1.578811979741483228e+05 7.601003733359322359e+04 7.571163445406398387e+04 2.543297549942114544e-01
3.721032081202904629e-01 5.259809290891780398e-01 3.792248873441434465e-01 3.899860853123670035e-01 1.783701154719410098e-01 3.474822696171157577e-01 4.089700898248076477e-01 1.194032401320338104e+05 9.698034697803706513e+04 7.836462479330936912e+04 1.156622967521060200e+05 3.372794665510025491e-01
7.339486103750547663e-01 4.387986351806089647e-01 4.881292736482595318e-01 2.483341277335893438e-01 2.022914851446890594e-01 3.472421296550305403e-01 4.593547279482014245e-01 1.084992262843056233e+05 8.498736602808562748e+04 8.163067001492259442e+04 9.925532184381614206e+04 3.319948696165265223e-01
3.569221414991138874e-01 4.815102049889898872e-01 5.047598004405697836e-01 2.877212015397445088e-01 2.239443195727650882e-01 2.726220446352314308e-01 2.281316607755520531e-01 1.487257779193293827e+05 1.118768964633702126e+05 7.583651753728295444e+04 7.596386078726574488e+04 2.629696357468623291e-01
3.319640999025341710e-01 6.423547198151814408e-01 7.197993092861281195e-01 3.441321690124679034e-01 2.403208142777248923e-01 2.798548453860481011e-01 2.822447138941522882e-01 1.278691722497931914e+05 1.115454777655045618e+05 7.523788162208230642e+04 4.816681557061086642e+04 2.278789709216464954e-01
4.026095581862881301e-01 5.076444356698662785e-01 4.295619093438265979e-01 4.129727371944780789e-01 1.614646187185828918e-01 2.881387599635320540e-01 3.155777448799134688e-01 1.125347828872944665e+05 1.289501197029593459e+05 7.732212563999014674e+04 7.243417969114016159e+04 3.467601576345553660e-01
3.763042214609870761e-01 5.687345832866540496e-01 4.266945676347003724e-01 4.763724083453172442e-01 2.311203757715485363e-01 2.682255081884499237e-01 3.737609799216158324e-01 1.256698905689563398e+05 1.220994312440609501e+05 7.579317731014381570e+04 7.304356543154684186e+04 3.191836071463506896e-01
4.934192909608229871e-01 6.140832648045971842e-01 5.567258671402665060e-01 4.823687128527784362e-01 2.098574962604721206e-01 2.811419683151473725e-01 3.332662075014316549e-01 1.527550137316543551e+05 1.071391461258364725e+05 7.896147617561000516e+04 1.125102558586724917e+05 3.866211836445085925e-01
3.232053030606897304e-01 5.311686655012445302e-01 5.066134186220730973e-01 4.279746647259015102e-01 2.013417696286343150e-01 2.522077088435186742e-01 4.402313204592312457e-01 1.356979040773944289e+05 9.869922256100909726e+04 7.873092756295749859e+04 7.972927135561963951e+04 3.151721083211563856e-01
3.520741377147426632e-01 5.916241731116917979e-01 4.510882301713706743e-01 5.506448376282968571e-01 2.399515768955194917e-01 2.941185697280037648e-01 3.971568727825706691e-01 1.456490291544499341e+05 1.078841387997213751e+05 7.929075186972743541e+04 7.019062735801082454e+04 3.456058594822877250e-01
2.664530340510266604e-01 5.620973919265267460e-01 4.275291198367684453e-01 5.613580030112853558e-01 1.671711653200972370e-01 2.672858164583135632e-01 4.280216031288525680e-01 1.385008477851587813e+05 9.886669049323374929e+04 7.635707944406272145e+04 5.612899769426885905e+04 3.171771403753815832e-01
3.296882950279727553e-01 3.707668838580906456e-01 4.430797902028721369e-01 3.779425399119321072e-01 2.033148197125946854e-01 3.508196288034370891e-01 3.007754502168191180e-01 1.242863346692563646e+05 1.105518356005246169e+05 7.502418395012273686e+04 4.273470948202193540e+04 2.071973276927410179e-01
3.116396718885932615e-01 4.902900134532854337e-01 4.340269705688477031e-01 4.541822477779018374e-01 2.001578193550388463e-01 2.821424665872911963e-01 2.799393366831611218e-01 1.565987553034512675e+05 1.011398257734550280e+05 8.220795826798897178e+04 6.629553067555869347e+04 2.796819586468619057e-01
4.757544267337512345e-01 5.166898193860839372e-01 4.843313491191536535e-01 4.292504333995023624e-01 1.891175424745028255e-01 3.190226704941128144e-01 3.810031019917179962e-01 1.399912003172572295e+05 1.449495001122802205e+05 7.510858658070990350e+04 5.806325431538675912e+04 4.036148597893746692e-01
2.952754884216722275e-01 6.273770501071977979e-01 5.248678671525986994e-01 5.014426974921309954e-01 2.320417133701446477e-01 2.874043785870688539e-01 3.035683755430933495e-01 1.398208676065173349e+05 1.160958105283993791e+05 8.007872075271708309e+04 1.708080039030456683e+05 2.329422473908957791e-01
3.664542233281061212e-01 5.427398943168199041e-01 5.631712694589668944e-01 4.559232927249612932e-01 1.732637872641575871e-01 2.852345835079285186e-01 3.233266242031437865e-01 1.386771695744534663e+05 1.130364690730661387e+05 7.583907275380166539e+04 6.073481298679798056e+04 3.441084905492589052e-01
3.733697561179472602e-01 4.749766447706831318e-01 5.564832072224514814e-01 5.351650079993039988e-01 1.989804100332949188e-01 3.010315634491786962e-01 3.108620017808678693e-01 1.300976785132855584e+05 9.849386835814974620e+04 7.724202033168594062e+04 6.212509685811178497e+04 3.080385681812453091e-01
3.627083362326911087e-01 4.299491905133469571e-01 3.637967977706969558e-01 5.530136911503598096e-01 2.290445976257567962e-01 2.843228383611823284e-01 3.988526048555273706e-01 1.258934115004275955e+05 1.122276302264217666e+05 7.911303405641051359e+04 5.533852616758330987e+04 2.670713108012253145e-01
4.779669634521681587e-01 6.416756743459256507e-01 7.154289231718614639e-01 3.666937221127088975e-01 2.412094502319312994e-01 3.024443927558890244e-01 3.202382850706168016e-01 1.362336231832357589e+05 1.092618746128795610e+05 8.210220522494826582e+04 5.654928303219808004e+04 3.409406419729545390e-01
3.683632401485967822e-01 4.311558913363008894e-01 3.578663079285987481e-01 4.923074608403526509e-01 1.899469947814192428e-01 3.035701747712913345e-01 3.640693430646056439e-01 1.273756355692464422e+05 9.383572162642305193e+04 8.105084153466658609e+04 5.787907316498977889e+04 2.764811441511007550e-01
4.153567222977100903e-01 4.858580397274443463e-01 2.674114009961637284e-01 5.373446759349017610e-01 2.431466336169463838e-01 2.766766269118262067e-01 4.180004684562312334e-01 1.769046871615051932e+05 1.027418519355744065e+05 7.690155325775433448e+04 7.708380117463308852e+04 3.976388220469080914e-01
3.696146371687973886e-01 4.894888059494172938e-01 2.635131422434890958e-01 3.715259350253083404e-01 1.873561719454401586e-01 3.011862828006995896e-01 4.094879797531775778e-01 1.376806583118389535e+05 1.221172934676745499e+05 7.821220840337871050e+04 5.986937252033042751e+04 3.745441614199382929e-01
4.205410377293026247e-01 4.254029425203629811e-01 4.428117399588410441e-01 3.452923907665369496e-01 1.601308035713066014e-01 2.296831035793454878e-01 3.189433800875100533e-01 1.355529273612524848e+05 1.251493398461614124e+05 7.049392581549637544e+04 8.134725135980569758e+04 3.880143220684960648e-01
3.992288052745020521e-01 5.625784695840944094e-01 3.390706268368373077e-01 4.614768847170918620e-01 1.983508107972643264e-01 3.115130842574192482e-01 3.677835811349982054e-01 1.382650675652321661e+05 1.183269943865344831e+05 7.665016385797722614e+04 6.647278503738901054e+04 3.681689033421932100e-01
3.929915723031940922e-01 3.944500493782999162e-01 3.933152733741290819e-01 3.244739478631903928e-01 3.120842788622181230e-01 2.054298755461468895e-01 3.433670833304331982e-01 1.646822283711820783e+05 1.163159184578409768e+05 8.121382078058870684e+04 6.006812193634574214e+04 4.426380305029433693e-01
5.002910635342963097e-01 5.335790307283805323e-01 4.776042692053077410e-01 4.434296465147167243e-01 2.239698841008651020e-01 3.405899593207475373e-01 4.407800699012949242e-01 1.293936170101832249e+05 9.185436789431069337e+04 7.630320219040257507e+04 8.002519512471527560e+04 3.179042861267079578e-01
5.344279641998306296e-01 3.728230829158685200e-01 2.604848870700944841e-01 3.988001369538548557e-01 1.801976911856996433e-01 2.947928082819165074e-01 3.702507100826153419e-01 1.368098923007148551e+05 1.125249590673755738e+05 7.972587896677129902e+04 7.373162360373852425e+04 3.156181973849471745e-01
4.881072568902644071e-01 5.398467154207695629e-01 5.287453496628202743e-01 4.680755431538860534e-01 2.340339586964247931e-01 2.658035188012953798e-01 3.548046537316505988e-01 1.687328797092416789e+05 1.058409690261511569e+05 7.503406942295770568e+04 7.583669154536369024e+04 3.992027778038366170e-01
3.961948194873658458e-01 5.399904200431455692e-01 3.606621014076542009e-01 4.321560945323858483e-01 2.332798092687281555e-01 3.303028666508320277e-01 3.962969545671485849e-01 1.161232566517963569e+05 1.107984434625628637e+05 7.491018934514326975e+04 8.100258709347984404e+04 3.062771882669305668e-01
4.763312429493480327e-01 5.701409546928867256e-01 4.801255446730216536e-01 4.787967987365123190e-01 1.894666079404917491e-01 3.102434649911651743e-01 2.962030403742203499e-01 1.083435336675933358e+05 9.882248596855049254e+04 7.784932875706236518e+04 8.780609483036877646e+04 4.047828268631700754e-01
4.435505162235483523e-01 5.081374004473847572e-01 3.449042714925461550e-01 4.242048687512716687e-01 2.520894625510556875e-01 3.174854993201255970e-01 3.645716674997481754e-01 1.236602011598604149e+05 1.154757964943908009e+05 7.799686616472616151e+04 5.519643319739818253e+04 2.949722317468431165e-01
4.356388347762277236e-01 4.555989856920088510e-01 4.675590735926540287e-01 4.064211119773700198e-01 2.209981930070848144e-01 3.034789830681373646e-01 3.201157039221740885e-01 1.317563579742124712e+05 1.136749962338433106e+05 8.069337311550450977e+04 4.357201975802877860e+04 3.130228487403750592e-01
3.232711393886532614e-01 5.009533936707378787e-01 4.875063082048487484e-01 4.812423567808332137e-01 2.470523052125191410e-01 3.042926609560089313e-01 3.461945623014623385e-01 1.605249017402460449e+05 9.641835818669194123e+04 8.086712180319512845e+04 9.507900304340457660e+04 2.961975494926281094e-01
3.949741716695596150e-01 5.705867790426603081e-01 3.262348729246288825e-01 4.861377229150842805e-01 2.178361121336772344e-01 2.705445215548226701e-01 3.321268986044476068e-01 1.339224551484561234e+05 1.103911083096772782e+05 7.966487335418991279e+04 6.437794197244373936e+04 4.116238828202750111e-01
3.542322452316725712e-01 5.582792543198528135e-01 3.621156272816022370e-01 3.659457875516991532e-01 2.272735206250398876e-01 3.319393739780908126e-01 3.804620810729222313e-01 1.169451769610318297e+05 1.039439498150678119e+05 7.805443380636758229e+04 4.793042604080873571e+04 3.783587479412863774e-01
5.643363075729928013e-01 5.457037425331479064e-01 4.166829876067062455e-01 4.259375721716011087e-01 2.674063333985317037e-01 2.562779932945963290e-01 3.274539918962180440e-01 1.377803946452285745e+05 9.535343408261267177e+04 7.849125809057727747e+04 7.889193407226218551e+04 3.200496031845749267e-01
3.847509011294142911e-01 5.036619394224813862e-01 3.800651165756993577e-01 4.061226692378259173e-01 2.257031708347181087e-01 3.259003797523020163e-01 3.448547812831453951e-01 1.365742360327520873e+05 1.166106023142496852e+05 7.761941077245262568e+04 6.950038302569459483e+04 2.935385296425112589e-01
5.661641514300097544e-01 3.013157842383196172e-01 4.833707938479810395e-01 4.096881353405836257e-01 1.852341667531550995e-01 3.279376942938336259e-01 3.896910702589865827e-01 1.394538175888666010e+05 1.185349254489088053e+05 7.728385113880479184e+04 1.135632069624884462e+05 5.961442271197596732e-01
4.210087406143134814e-01 5.285482936935275156e-01 3.866481350081669710e-01 4.838020060868957750e-01 1.963215504106020082e-01 3.103058603219578382e-01 2.974664585831993668e-01 1.412081515011843876e+05 1.098961728982151690e+05 7.308551897190147429e+04 7.593685022313203081e+04 3.584399955187443365e-01
3.269055989074615143e-01 5.843103506813247527e-01 7.038260806758865895e-01 3.275461929473923450e-01 2.144342382619028320e-01 2.390452688932126202e-01 2.483154601596239963e-01 1.351516004133416282e+05 1.229636521681614540e+05 7.220222386868050671e+04 5.085790864229625004e+04 5.538475107874742953e-01
3.482009877348696270e-01 6.847959176754888633e-01 4.101447509348388198e-01 3.808304665090718744e-01 2.757683057524509262e-01 2.868256123922939826e-01 3.263908676231649375e-01 1.328850284319044149e+05 1.151039176692287001e+05 7.606744328032909834e+04 5.040939069575354370e+04 2.334343406835321932e-01
3.552381135832343717e-01 5.385058196908364403e-01 4.148939295826901685e-01 4.241825982617932200e-01 1.956294224481864574e-01 3.027043013864471610e-01 3.619746122248717612e-01 1.185388355682516849e+05 1.168711911948542256e+05 7.569610919232758170e+04 8.091334092773791053e+04 3.531650941053978143e-01
3.606356500794501430e-01 6.479852120293202455e-01 -1.160321139346265178e-02 5.664756975626957791e-01 2.171406312209396561e-01 2.921099388868075852e-01 5.610154237148428091e-01 1.745180560792324250e+05 1.502079033033976157e+05 7.559074219742848072e+04 5.947725586208216555e+04 2.628061729344153830e-01
4.199828608611615999e-01 5.143648925136115047e-01 4.458064492551832569e-01 3.684222324463041764e-01 2.277352651225575675e-01 3.000633472211155506e-01 4.114952387389591570e-01 1.374457499261416378e+05 1.038844492981684889e+05 7.157098981858383922e+04 7.391101780020476144e+04 3.720160946251649392e-01
3.945871770153711044e-01 7.076111078049778236e-01 5.701599667479966271e-01 3.031753038150560298e-01 2.672182418425236294e-01 3.917284048680694797e-01 6.330384865508630332e-01 1.331536113630929322e+05 1.670623204974175023e+05 7.475505211542487086e+04 3.201299879583209258e+04 4.153933844658857510e-01
3.474959090506484771e-01 6.293707007785733776e-01 2.187755282863215744e-01 7.385790703497410181e-01 1.454016414115266997e-01 6.573039427076550201e-01 3.133991189176005276e-01 1.329514341309622978e+05 1.168184615200232947e+05 7.539087531384210160e+04 5.246604371233798884e+04 2.324079466043737774e-01
3.801009530377790213e-01 4.908606689920972377e-01 6.083940929814675158e-01 4.409902651824540443e-01 1.882681845421530775e-01 2.811872682686534786e-01 4.200621366046779492e-01 1.282873665728137275e+05 1.094044062947372149e+05 7.458232012893537467e+04 5.156499166009757755e+04 2.747128202276131193e-01
3.065737459079695415e-01 5.014726241949862828e-01 4.093122221657817805e-01 4.548164072474238373e-01 2.255436498145763913e-01 2.738059024690032706e-01 4.106690761631650033e-01 1.598903274987716286e+05 1.090565399125232943e+05 7.692242952347158280e+04 6.004888563180589699e+04 3.188034777902436501e-01
4.555146676342271550e-01 5.725881558625303125e-01 4.093950971178197396e-01 3.599462446662248793e-01 1.884874057024677474e-01 2.834507214279339271e-01 3.237558041899106787e-01 1.599324086932863283e+05 1.267931847779740783e+05 7.849529435687478690e+04 6.628689328794534958e+04 3.394437476636921747e-01
5.436149867809012548e-01 6.115379987369075065e-01 6.157598402464014020e-01 5.558605231103936894e-01 4.298464663738707503e-01 9.348713472340680619e-01 2.390437162424613460e-01 1.616749310125708289e+05 1.452445062952950248e+05 7.608547942418091407e+04 1.971113067881981260e+05 7.992674026187706060e-01
4.354530981710647008e-01 4.502717401429237598e-01 2.987274168800295726e-01 4.621610554240331847e-01 1.781752909577379584e-01 3.195365863791623240e-01 3.411915336114517139e-01 1.311501982568894746e+05 1.044590384433058789e+05 7.933368342474983365e+04 7.753945918914811045e+04 2.645410472794126888e-01
4.710386112855632357e-01 5.024159469689765123e-01 2.977194601260325646e-01 4.949104728390007479e-01 1.825801171927993183e-01 2.733214368068749289e-01 3.672899147884258197e-01 1.307993563087065559e+05 9.954803625595837366e+04 7.892815784283980611e+04 1.011513577986186137e+05 3.264330775512464533e-01
4.423864120374477182e-01 6.355264227788244291e-01 4.261274882528577890e-01 4.487375835761271414e-01 2.494230859432378378e-01 3.150485298201051720e-01 4.414261795879264039e-01 1.326099040821170784e+05 1.052620298410082614e+05 7.508430577471850847e+04 8.706683258878022025e+04 2.786602243875568874e-01
4.153697029323241696e-01 4.473484575019601728e-01 2.676989733002541061e-01 2.946537263962688002e-01 1.928188029467152731e-01 3.584449793747160884e-01 4.540696845656988501e-01 9.066744412785477471e+04 1.188610443347198743e+05 7.564218938107883150e+04 7.340448703127350018e+04 3.165765122101383278e-01
4.024101685694145836e-01 4.719776997175513800e-01 3.303601429075695983e-01 5.373575302712111368e-01 2.187582500844642008e-01 2.484725103330679974e-01 3.636713220597620477e-01 1.426197434631762735e+05 1.136916608375441720e+05 7.877405706621710851e+04 6.274073631252764608e+04 2.505068471671038077e-01
4.546393674915358840e-01 4.083113491474034684e-01 2.207009313511719417e-01 4.524124157838116944e-01 1.940404445409836254e-01 2.902203205311210121e-01 4.481657440778457624e-01 1.044704434335243714e+05 1.281603311348586140e+05 7.738083430659503210e+04 6.637287599575611239e+04 3.923064818858213454e-01
6.526045492849319452e-01 6.019690902813700228e-01 2.580533912390942097e-01 6.444504562338575493e-01 6.796916598105217089e-01 3.074694571645081864e-01 5.715566611474981462e-01 1.578593630130363163e+05 1.379123668610655295e+05 7.520534573342336807e+04 4.494149940928490105e+04 2.405317828307668993e-01
3.674393273107450231e-01 5.095070204859148966e-01 4.831371822449246345e-01 4.634659689111403913e-01 1.736598443566577665e-01 2.634864901071026777e-01 3.415032979854770168e-01 1.367196495436216646e+05 1.392154927557287447e+05 7.863406650480633834e+04 5.748831497259378375e+04 3.752595700128306122e-01
3.731473663097213400e-01 5.672684704935159195e-01 5.510258426048010305e-01 4.175458428504693065e-01 2.238138135453878186e-01 2.956951787991007885e-01 2.132184131556823792e-01 1.221402721339366399e+05 1.115966479038288671e+05 7.932390162914496614e+04 4.799513099652516394e+04 3.742768123667458702e-01
2.468139397796147994e-01 4.671416611908296157e-01 1.919411569170512422e-01 4.218237394873382562e-01 1.865740710707332606e-01 3.558158504251017762e-01 2.494256913265694986e-01 1.034213613513389719e+05 1.396611202135125350e+05 6.979441290665333509e+04 8.378046385162547813e+04 2.996881457180127217e-01
5.046049463650017497e-01 4.779847872544539245e-01 3.333909135242017485e-01 4.504655697434293282e-01 1.612185666160355080e-01 2.475968609618479088e-01 2.962979932511181635e-01 1.564916594239291444e+05 1.429054723176187545e+05 7.577954186256672256e+04 3.460835981100891513e+04 1.900801501752813760e-01
4.553596550848277302e-01 5.389426761994193793e-01 4.569735953793076511e-01 4.704209673197171648e-01 1.590435897610895100e-01 3.314645410435379524e-01 3.751430254595156111e-01 1.424033525706159999e+05 1.103121513730564766e+05 7.732261956220417051e+04 8.370584978128135845e+04 3.418314427950213119e-01
4.351029266520956007e-01 4.586406371432125706e-01 3.325719178931493825e-01 5.126431977465698564e-01 1.786096407580862744e-01 3.068425298616854202e-01 4.434360256250446386e-01 1.117337657221723784e+05 1.324820714179467177e+05 7.872764020281583362e+04 7.173003576524034725e+04 3.714810708541022577e-01
4.176679019799722226e-01 5.565325605727867719e-01 3.133893315927678280e-01 4.538045974212686628e-01 1.513809267348323884e-01 3.012214982729023438e-01 2.480092597215768080e-01 1.610714667188924213e+05 1.267310090950063750e+05 7.607854271788164624e+04 6.981525408198608784e+04 2.970973176662025650e-01
5.653443981576469213e-01 3.260534661105833898e-01 4.139177627879213062e-01 4.445424866408158038e-01 1.983668251277992955e-01 3.558468391568128664e-01 4.162538283945233508e-01 1.222228214517333690e+05 1.035656257424954092e+05 7.756643149485108734e+04 9.574830329700787843e+04 5.875594289268937231e-01
2.570691932402917046e-01 5.738134953754499001e-01 2.030433748500003743e-01 5.879259489312064213e-01 1.744243531243469258e-01 2.236398521175798071e-01 2.515927259416593786e-01 1.016136438353259146e+05 9.255809978482272709e+04 7.202013359708231292e+04 3.078792476366164556e+04 3.163446078019609420e-01
5.714151082549117078e-01 4.979676232010127324e-01 6.497309570794296274e-01 4.088716145542229397e-01 1.878878134197695116e-01 2.317708231497454807e-01 4.663376898875009058e-01 9.966375633725716034e+04 1.202900174378209049e+05 8.020423663330340059e+04 5.235552928046356828e+04 2.993631869769649012e-01
3.148356233956920991e-01 4.576595036247280701e-01 3.172695539358393879e-01 4.472335149429448320e-01 1.072898696883745062e-01 2.631800481530182090e-01 4.228306209328624998e-01 1.585632179679106921e+05 1.224416239244375320e+05 7.627087861008589971e+04 9.408406206343043596e+04 3.125091098559760194e-01
3.969514663501318985e-01 5.425173296827585645e-01 4.290676296155550018e-01 4.191186334911893852e-01 1.797286142302858269e-01 3.063334664190731083e-01 3.782389726733947355e-01 1.096083208526249073e+05 1.091951590197525802e+05 8.007161781527749554e+04 5.294284359964957548e+04 3.622974864908728998e-01
4.580964538114173923e-01 5.158037205701764272e-01 3.199893062730435611e-01 3.634183002399744011e-01 1.844622894737172336e-01 2.951926114784694244e-01 3.814004698739539845e-01 1.388912048183296283e+05 1.133156719771414646e+05 7.648499767583595531e+04 5.221016173596481531e+04 3.512937697938426918e-01
3.980925064425666626e-01 4.776781801915509496e-01 3.547051142033634252e-01 4.652374759624593459e-01 2.351557962161834048e-01 3.032348138488070166e-01 3.325822338881739837e-01 1.375845323152418423e+05 1.027456172308313107e+05 7.844339647319840151e+04 6.184303051611903356e+04 2.967595045221509964e-01
4.342073555893219972e-01 4.447171913773403928e-01 4.669046859413402695e-01 5.501270752896612048e-01 2.480902842820883469e-01 3.067580287277423268e-01 3.695400129674994982e-01 1.280043798267905659e+05 1.048434180132373585e+05 7.308251855074845662e+04 5.320994111985843483e+04 2.386623068353047883e-01
3.060464526565892518e-01 6.454523162140063386e-01 5.000336521195540840e-01 5.035852433530012551e-01 2.043670846306312738e-01 2.828046155080652380e-01 3.107021369557543822e-01 1.287680816955938208e+05 9.025781030632923648e+04 7.716207526120351395e+04 6.955250755687295168e+04 3.616009458340005422e-01
3.303482696706421806e-01 3.053809493782630446e-01 2.875032926524855870e-01 3.172145529269003728e-01 1.663610022619859408e-01 2.509697521726066416e-01 2.906315724101239950e-01 1.177768471627961990e+05 1.050139825017599214e+05 7.364860687007775414e+04 6.478392572425555409e+04 5.628192162364236140e-01
4.715496458766724186e-01 5.831551757652415624e-01 3.737420477340313019e-01 4.493329025689761225e-01 2.420847994138584369e-01 3.296404386450822455e-01 3.235663955531015157e-01 1.188577333276351856e+05 1.273651222662462678e+05 7.660825858757056994e+04 8.779393892010614218e+04 2.949949679746697306e-01
3.719865666930811665e-01 5.584229286552297999e-01 4.808915749254388250e-01 3.657530263587218666e-01 2.162805845469319699e-01 2.711256086951099320e-01 4.161777014388221563e-01 1.341969460481006827e+05 1.073302191827438073e+05 7.231493204802148102e+04 7.243358643525325169e+04 3.754680684664074009e-01
4.602911984883402141e-01 5.233542890439417672e-01 3.883597495398632971e-01 4.502542139539368327e-01 2.473677692853257781e-01 2.530122229171528625e-01 3.979300548250035985e-01 1.079719992283723841e+05 1.239564653195093706e+05 7.854359519324314897e+04 8.409100996133338776e+04 3.312928379784489397e-01
3.809793932851430753e-01 4.336990118686409601e-01 3.368333998947605212e-01 5.245430025185188194e-01 1.766424203201613641e-01 2.580960806414768216e-01 3.554901300957633570e-01 1.277161961657779902e+05 9.880675228099491505e+04 7.561603835318262281e+04 4.795698118650011747e+04 3.231989902157030303e-01
4.338921575289989563e-01 5.659098120430194889e-01 4.580713590511497624e-01 4.202996225785793349e-01 2.185517302935341688e-01 2.907092120943150504e-01 3.316204675747926878e-01 1.546348428999599128e+05 1.186138460157358495e+05 8.013863303703010024e+04 6.607492852508040960e+04 2.885786860633524631e-01
3.818741026316688214e-01 4.260078598817162443e-01 2.815443262857562634e-01 4.052386617287697113e-01 1.621495714809776667e-01 2.896382043028790654e-01 3.887081766711707465e-01 1.388531638525924936e+05 1.133031289341274096e+05 7.600274681263051752e+04 7.274676169686170761e+04 3.597311809044924091e-01
2.616201634821251898e-01 6.151149183831560174e-01 3.575444605145234878e-01 3.651615039151082653e-01 2.203555493389219577e-01 2.677748685201142287e-01 3.386908958669987979e-01 1.581637936531671439e+05 1.376728106320787338e+05 7.565410344515038014e+04 5.503573494719483278e+04 2.332130698991452533e-01
2.955365312723413629e-01 2.847326145868391278e-01 2.720603493892811420e-01 3.352700826768023612e-01 1.723671689676002927e-01 2.528117323530688632e-01 3.330216526804368193e-01 1.573913812038550677e+05 1.396214394404208288e+05 7.394569322997724521e+04 8.380700759764775285e+04 4.027727318861086814e-01
3.377921603908909387e-01 5.501370942778033291e-01 2.924443184312491839e-01 4.794659285268075277e-01 1.931581450139320810e-01 2.434748532767490037e-01 2.848749877830790145e-01 1.161784830687275098e+05 1.043306354359893303e+05 7.310918066122474556e+04 5.661667283358408895e+04 5.521092915389658184e-01
2.537766583765886375e-01 4.973237310439232450e-01 4.593755779841161568e-01 5.026166936272070673e-01 1.913936425452115175e-01 3.557727701624736616e-01 4.323914146556968041e-01 1.327031139180473401e+05 8.473641867274028482e+04 8.044361754518687667e+04 4.630034891437613987e+04 3.321664776872707003e-01
4.549856381588642251e-01 5.050037801666380499e-01 4.190741363800946084e-01 4.324027260765388458e-01 1.963426562755648530e-01 2.694969287883998144e-01 3.867872963038657685e-01 1.315712333599624108e+05 1.111105169107924739e+05 7.772410259610009962e+04 6.125746993648327771e+04 3.459340645666522662e-01
3.498348249855233183e-01 5.234906927749708450e-01 2.731547501149079182e-01 4.629753737486451692e-01 1.867438528843240464e-01 3.148321480286664364e-01 4.231236890349896473e-01 1.263616192983757937e+05 1.159230700060014642e+05 7.578140182847461256e+04 5.257946115494107653e+04 3.379472825967974603e-01
6.575664288290381521e-01 5.215560220712448514e-01 -3.193615295193170944e-02 5.013613146128892417e-01 2.579656791735993049e-01 3.526545158502484845e-01 1.321741148261306176e-01 1.618297506684510736e+05 1.550992084128433198e+05 7.540853124536261021e+04 1.251022117755687359e+05 2.990351437465230688e-01
3.305551090698739536e-01 5.704680219633970761e-01 6.171164105885447171e-01 3.451991821635501112e-01 3.125841984781723704e-01 2.715328610620097449e-01 3.863494245335127864e-01 1.079400712350722752e+05 9.100431099052383797e+04 7.375842174404338584e+04 6.321715903286166576e+04 3.506340856012605811e-01
3.626080467681045971e-01 5.012172550069050603e-01 4.076551961864409157e-01 3.762556551299116037e-01 2.972085408355591984e-01 2.605014899299760156e-01 3.750577976010710524e-01 1.162036834723125357e+05 9.255153474314378400e+04 7.596381176168964885e+04 6.504993622965872055e+04 3.877058908516703428e-01
3.937634239359916744e-01 4.742631960903989086e-01 4.193354600939344645e-01 2.920882764091292660e-01 1.535292801455180323e-01 2.950710750702125185e-01 3.556555278525875829e-01 1.465475240883493097e+05 8.807912959753489122e+04 8.146688167086927569e+04 5.127438509556716599e+04 3.092127975682359420e-01
3.036404009763391532e-01 3.604621961110703876e-01 2.712874386014372252e-01 4.949120151138589052e-01 2.592401524136164204e-01 4.009303696221055979e-01 2.848206716164724539e-01 1.608260861558301840e+05 1.009835600508016651e+05 7.796262681532553688e+04 7.260116738431186241e+04 4.018286109321682620e-01
3.002613730860688168e-01 4.688953130155451010e-01 3.657388007180006895e-01 3.755819671382016889e-01 2.174972714829609410e-01 3.299193694124281095e-01 4.111820843765323641e-01 1.197634935139980371e+05 1.270656397351597843e+05 8.008513788733138063e+04 4.872272693266467832e+04 4.584389896046495716e-01
5.164100949584998768e-01 4.411913664740715890e-01 3.866212988539459161e-01 5.074858432992889190e-01 2.250785353991880955e-01 2.605158816318727810e-01 2.228116507290945625e-01 1.581449849297621113e+05 9.539467740303010214e+04 7.742546495824953308e+04 7.799874853693576006e+04 2.879112210171065334e-01
3.824583083343681134e-01 4.945583935575861290e-01 5.678208257093312339e-01 5.213816322541275916e-01 2.872738581595801755e-01 3.566402413892216794e-01 3.946582491785967650e-01 1.704445148044174130e+05 8.266353414347197395e+04 7.498175297152182611e+04 5.411391548187558510e+04 3.094987651762556302e-01
4.272811538820883714e-01 4.485039144363909824e-01 4.544444200733944172e-01 5.087773379332903856e-01 1.872183378027207079e-01 2.862259918144243742e-01 3.488210199310009529e-01 1.518068587720021605e+05 1.054919026267426525e+05 7.226772974971521762e+04 4.707752349249226972e+04 3.375855600776828669e-01
4.124829279978622920e-01 4.370280663812565192e-01 4.099028145477616181e-01 4.569003673082256411e-01 1.812331195669147355e-01 2.826051965892159568e-01 3.538780587389460108e-01 1.532215796511211374e+05 1.052894444604881282e+05 7.815979728129517753e+04 4.331916780633257440e+04 3.945059998371718279e-01
4.046826606208659416e-01 5.055731545651115377e-01 5.184511687741480968e-01 4.502732499753899220e-01 2.038609573025301214e-01 3.193890300190280751e-01 3.731334620666980073e-01 1.329853726564702229e+05 9.246714492512075230e+04 7.763001862767455168e+04 7.281045297711191233e+04 3.585684531915327988e-01
3.548823680530188152e-01 5.210481284836585569e-01 4.078991145104924332e-01 4.180824064084208702e-01 2.739478709240179000e-01 3.043633258120313489e-01 3.722433333757908525e-01 1.648799724158453755e+05 1.276625691831048462e+05 7.396679564563589520e+04 7.216505273098807083e+04 2.921889312211343737e-01
3.672710434650623967e-01 5.381679280750871763e-01 5.054478168936319404e-01 4.753564391785138343e-01 2.524388450274975271e-01 3.167334493179645993e-01 3.526097980902535012e-01 1.135637321668346558e+05 9.218109227954494418e+04 7.801842885189567460e+04 4.922126022751222627e+04 4.212782886730637166e-01
1.619721683472218343e-01 7.095113580732403946e-01 2.528351462600841315e-01 5.320161685735248502e-01 2.640684604895955356e-01 2.216113279990422069e-01 4.464345580431958727e-01 1.514814527904278657e+05 1.125741435923466488e+05 7.368486020240730431e+04 3.655197479214324267e+04 1.381357701205398192e-01
3.116244720886791608e-01 6.196956423440523887e-01 3.693649498746456872e-01 6.439365620211866537e-01 2.231836194787950589e-01 3.306847279994168942e-01 3.305215032901825389e-01 1.703313523299418157e+05 1.195581392973579641e+05 7.445524902051776007e+04 4.022907995303605276e+04 3.807482854014374030e-01
3.754077337997936969e-01 5.397965555497016288e-01 1.641285135948439833e-01 5.957217308693519842e-01 2.496333380619838727e-01 2.744136544603862360e-01 2.513450456209441186e-01 1.472266407855263096e+05 1.519020738950680243e+05 7.839700190944354108e+04 7.478459423450953909e+04 3.634478846080274606e-01
4.758552870976470173e-01 5.139420457408114817e-01 2.495254242604380557e-01 4.655879258544570742e-01 1.849385044103334375e-01 3.551417335250365293e-01 2.835579019151817093e-01 1.313170102825864160e+05 1.067999259394944820e+05 7.463918284662101360e+04 4.037263776247776696e+04 3.710694124736995114e-01
4.191446456116197927e-01 6.213035196483108757e-01 4.209418946180822907e-01 4.335532023469671481e-01 2.101286540025315563e-01 2.859730867247360364e-01 3.853610403878716673e-01 1.233039366371831857e+05 1.229162433754748490e+05 8.103153849565821292e+04 4.808681445408883155e+04 3.041866700116765410e-01
4.183356233642180899e-01 5.128492622333749029e-01 2.814284275595141938e-01 3.594200699393874654e-01 1.912621538961522538e-01 2.413160562805899412e-01 4.314898301305447048e-01 1.147580341174951318e+05 1.204662784782627423e+05 8.019531682278020889e+04 7.091724817897871253e+04 3.824455889927146912e-01
3.868789619810011349e-01 4.651642320522541563e-01 4.160694657016552611e-01 4.261777348790131703e-01 1.684851132258248230e-01 3.145765088957228617e-01 3.844126295028337248e-01 1.255328819898335496e+05 1.316073374538406497e+05 7.776636152338821557e+04 6.450609345340829168e+04 2.589563815309633421e-01
3.839492324002221624e-01 6.503450001870174635e-01 6.984012431915150865e-01 4.159030460426770270e-01 2.213399244259731669e-01 2.983097237045832517e-01 2.667217138046167890e-01 1.390922224875853281e+05 1.044904748360552330e+05 7.612319520847847161e+04 4.541653431019456912e+04 2.785637086186829037e-01
3.478499121660811322e-01 5.472246063781257552e-01 5.636957170301987174e-01 4.390452351729359770e-01 1.396398221325051703e-01 2.923243860778296788e-01 3.639779927296280526e-01 1.427374941606667999e+05 1.081891439143633906e+05 8.187783414663471922e+04 6.826067493766131520e+04 3.156505415061571229e-01
4.200302927017990351e-01 5.947806460192882616e-01 4.679792051159782362e-01 4.223742893962111888e-01 1.647146674928713916e-01 3.642017006050917161e-01 4.020709690568972650e-01 1.463499160148467345e+05 1.088858592438695923e+05 7.747243188276892761e+04 4.604768077608809836e+04 2.874244194212469128e-01
4.593156785291966360e-01 5.341907549441772263e-01 4.951065642152966961e-01 4.403775209706881077e-01 2.143731538468690023e-01 3.181564431507135082e-01 3.544196005066307942e-01 1.236045652450238849e+05 9.408040449413332681e+04 7.890294351780427678e+04 5.518761888462760544e+04 3.522027966855368897e-01
4.233385942704184224e-01 5.651697399076791584e-01 6.088003141961885190e-01 4.419200472428370663e-01 2.059350730149642761e-01 3.076843992104292824e-01 4.061585972075751338e-01 1.271142452057811461e+05 1.327510767988020671e+05 7.229175976720702602e+04 7.181808222920118715e+04 3.878842366303192901e-01
3.263453635443313017e-01 3.155522244922219777e-01 1.685672873945019690e-01 3.483595637167546388e-01 1.555158516235959909e-01 2.424908054329015794e-01 3.110857729989699449e-01 1.526199715611879656e+05 1.341499272461080109e+05 7.465998384134523803e+04 4.568272379490892490e+04 2.367000012049885194e-01
4.222762470704788940e-01 5.194141266026182091e-01 4.684512419303055175e-01 4.079883455945133020e-01 2.616719042355272751e-01 3.531342673670820886e-01 3.268865711696807286e-01 1.567139415815141692e+05 1.201659171955455677e+05 7.868593036299466621e+04 7.700068316212626814e+04 3.174729353389871833e-01
4.379947378504624456e-01 4.849006357234256215e-01 5.560861092927839033e-01 4.730947091055729414e-01 2.006833066572698832e-01 3.275999315314976346e-01 3.729966393559196458e-01 8.071392775396068464e+04 1.127524724818225222e+05 8.035165479317298741e+04 7.967238916576238989e+04 2.976738987432745454e-01
4.723604110532968470e-01 6.288662584478436068e-01 2.073522230773419128e-01 7.216200952394583590e-01 1.859330263692026142e-01 2.904837144733702359e-01 3.429091611631198133e-01 1.546427920422526367e+05 1.271613237878111395e+05 8.005143506082265230e+04 5.582279140925747924e+04 3.332534498601130157e-01
4.705640088890871153e-01 5.342750279718988526e-01 3.985353918088149761e-01 4.210232067625889196e-01 1.355988485328319948e-01 2.921785695754855472e-01 4.583478419945906657e-01 1.314486633710966562e+05 1.130701290609638090e+05 7.772499031752852898e+04 7.805511576790476101e+04 3.445086183592473983e-01
5.910399269620792984e-01 6.206774360567615112e-01 6.660096265008664806e-01 4.322380792600732380e-01 8.146942381194390848e-01 4.923535934440186335e-01 7.112167775104479839e-01 1.530459863910212298e+05 1.329146582548141596e+05 7.585452078002908092e+04 4.526199284241836722e+04 2.533009425142861981e-01
3.947553297308246667e-01 5.311992350430538856e-01 1.875427110613449300e-01 3.888560360189481924e-01 2.209968526422189661e-01 2.788499895067543255e-01 2.267720390326012914e-01 1.344000623002657085e+05 9.995912829289358342e+04 7.541664393617765745e+04 7.233219814278447302e+04 3.195744376761517347e-01
4.559272306934718522e-01 5.063209536956755352e-01 4.156630948789220015e-01 5.476363842527449677e-01 2.893932974698130711e-01 2.647379548163262819e-01 2.777684785107310539e-01 1.467608121074734663e+05 1.160634880056934635e+05 8.182087010829597421e+04 4.416927878833925934e+04 4.938263542188334743e-01
4.429370690089092233e-01 4.669288600540301704e-01 5.202813075735931436e-01 4.381410132058308204e-01 1.951645752259070221e-01 2.640465814507163556e-01 3.404053498948419465e-01 1.418048866158292803e+05 1.097053784474655986e+05 7.321571432073313917e+04 8.393266974541217496e+04 3.491025252873976026e-01
2.817276538491914062e-01 6.235281634724944011e-01 1.481237826729950302e-01 7.277535091347506757e-01 1.726921800675976781e-01 2.644698801096286855e-01 3.251020023489473720e-01 1.604837202119292342e+05 1.415904668294805742e+05 7.438288847207602521e+04 4.891866864588022872e+04 2.341557329366702744e-01
4.384341434827574990e-01 4.929037878487010915e-01 5.863412120355648849e-01 5.537445255571085134e-01 2.179809307693280906e-01 2.867628159328580728e-01 2.847985152929942143e-01 1.385148068815439765e+05 1.252521572983949300e+05 7.982147616364299029e+04 5.076135115025967389e+04 3.326799908774396575e-01
4.391764289262824472e-01 5.440479325671037092e-01 5.677244346834969813e-01 4.374462489293853285e-01 1.966367567913524794e-01 3.391256224214659887e-01 3.696856806606640955e-01 1.120035095880022855e+05 1.294867205873044441e+05 7.544136741660723055e+04 8.801733167140625301e+04 2.890804423255179945e-01
3.397469944648273676e-01 4.901243094170786851e-01 5.138311594615688760e-01 4.220923063294692579e-01 2.187278195391299807e-01 2.754760667499805415e-01 5.062217587324746582e-01 1.672403268077160174e+05 1.097538257003180333e+05 7.492236476608277007e+04 7.035258363465750881e+04 2.971607619787380861e-01
3.743595778875083990e-01 5.477155007652977359e-01 4.185372359749600646e-01 5.327888699899613334e-01 2.009567812133404019e-01 3.019102035108591764e-01 3.268903561651634315e-01 1.497185054714815924e+05 1.098055854615622229e+05 7.613162833674455760e+04 8.328974823628464947e+04 2.837703934588993171e-01
5.179614803131854517e-01 5.777441096509714491e-01 4.642356397029837600e-01 3.677607770786248675e-01 1.983179581908768307e-01 2.334650412706300582e-01 5.556412010192364193e-01 1.467749831117173890e+05 1.110794586546019418e+05 7.830445425155098201e+04 6.126142744561537984e+04 4.488144302281170117e-01
4.095198322606352637e-01 3.918219207792209557e-01 4.307907443765104927e-01 4.756063051967682198e-01 1.855620397588528814e-01 2.824474406843188734e-01 3.320210715982650496e-01 1.231824097788217478e+05 9.950731092927564168e+04 7.830027764087714604e+04 5.570279159672032256e+04 3.294965009684053814e-01
3.259314044124215770e-01 5.493139577807010232e-01 4.468740104817318648e-01 3.712637593207430142e-01 2.224829567437450750e-01 2.946101145833220358e-01 3.972387329347649154e-01 1.417010224816899863e+05 1.121901736220892490e+05 7.088659549479506677e+04 6.259391793207728915e+04 3.516872458028049708e-01
3.258611791550780623e-01 6.422994840462464827e-01 -6.597797175004446735e-02 7.297775876392762484e-01 1.753165352294487889e-01 2.781950967212813430e-01 3.188111049114085715e-01 1.264741740388009202e+05 1.099553621731997118e+05 7.554180423443141626e+04 4.932553967865803861e+04 2.319483002282212714e-01
3.378641599179696420e-01 6.350737847355868437e-01 7.172682443332059066e-01 3.579620724376659791e-01 2.422000383958959890e-01 2.709193816635653840e-01 2.970155525234178806e-01 1.678123655522946210e+05 1.507244265200459340e+05 7.297164124447232462e+04 4.459127597766649706e+04 2.435180963292372658e-01
3.960051718183377756e-01 4.333976825389728171e-01 3.402129347218775246e-01 3.994929348399255398e-01 1.888787402118100589e-01 3.287060264343688032e-01 3.492793098799239493e-01 1.560768671722600411e+05 1.022990393765004701e+05 7.773029508080446976e+04 7.487609684633971483e+04 3.629826318651342976e-01
4.066090471016611252e-01 4.549926033117719926e-01 4.713676736525295174e-01 3.867309316360026950e-01 2.386464039348868138e-01 2.726956983921930977e-01 3.933539441121818303e-01 1.442647253628061444e+05 1.300888120751970418e+05 7.879138354622131737e+04 6.948413901365123456e+04 3.702401058900417485e-01
4.555047559224160159e-01 5.768646590238121208e-01 4.062715406386261385e-01 4.199213328325126504e-01 2.015894366709246877e-01 2.404181039629992855e-01 4.542361939410614058e-01 1.375890504223465978e+05 1.130126616486874409e+05 7.780436738783730834e+04 4.370808368052748119e+04 3.670868442867329939e-01
