2.230764542975871012e-01 5.996312838034907333e-01 -2.948485746837435362e-01 5.927213629930172534e-01 1.958257883132726862e-01 2.582175615334641461e-01 2.943487087604518271e-01 1.332694626383451396e+05 1.124092626706454175e+05 7.824556406847742619e+04 4.404178062266812776e+04 4.056626424376203795e+04 7.115530807184931473e+04 2.494779318363972709e-01
3.063459245114794061e-01 6.171341894867944378e-01 3.198965840981831121e-01 3.844767360833422076e-01 2.121612752172023497e-01 2.465406353386351834e-01 2.901568514324547321e-01 1.435761910708875512e+05 1.253173376709216973e+05 7.537449025172399706e+04 4.429802894447839208e+04 4.218986467916721449e+04 6.872283924545666378e+04 2.522945867723357938e-01
3.808022044926835936e-01 5.345981785748786796e-01 4.699459904084056783e-01 5.051867458101958475e-01 2.477940328300685391e-01 2.713750347719672829e-01 3.398614247169143843e-01 9.172222425193610252e+04 1.217077169928158255e+05 8.052940130803731154e+04 2.712642576329270742e+04 7.165818464559261338e+04 7.135849616840314411e+04 2.962879707029065779e-01
4.518743764139272479e-01 6.193432206496342074e-01 7.263487095957523731e-01 3.639580821651526299e-01 1.869579384737501127e-01 2.475588414849996532e-01 3.115180016258434215e-01 1.346845332445519452e+05 1.124077513163818367e+05 7.904598022300764569e+04 5.108989278409980034e+04 4.153767474340336048e+04 8.057792467690649210e+04 3.215271225953998946e-01
3.896976418262785291e-01 6.048882485859828906e-01 5.471164078507159134e-01 6.354927732918903560e-01 3.384663367147379698e-01 2.456608677219405956e-01 4.370290262790304525e-01 1.312118718154389644e+05 1.170280148296185362e+05 7.541790057853414328e+04 4.082348575274663017e+04 3.145779474425216540e+04 8.655993407070687681e+04 2.657666257575945212e-01
3.310775503410243736e-01 5.992343189756456079e-01 3.193007041498765464e-01 3.885199914016706502e-01 4.867494690419008063e-01 2.535800941190241575e-01 3.428513912635983152e-01 1.706813130342511868e+05 1.521332321152546210e+05 7.442452413174838875e+04 3.199920031231402027e+04 3.045150942985347501e+04 6.958350819494995812e+04 2.968209322953733742e-01
2.930318605310333613e-01 6.055430819148099886e-01 -1.680581941723218939e-02 6.702556823642551453e-01 4.332904025938420500e-01 4.750723332389392151e-01 6.217684354388259838e-01 1.427557233093309333e+05 1.292897386113485263e+05 7.461355353554856265e+04 3.184599656127190974e+04 3.486030249261100835e+04 7.542231723286458873e+04 2.715117283174695029e-01
4.571120561558448814e-01 5.902954331480030348e-01 6.504403114508469086e-01 3.800351622251034178e-01 2.330229261214776804e-01 5.342164686742637558e-01 4.777329946936796357e-01 1.173657607800151745e+05 9.658959854968708532e+04 7.947915183600816817e+04 5.751879455428220535e+04 5.474204823367673089e+04 7.045731372965373157e+04 2.602852535460722927e-01
5.544180653680474968e-01 6.034329152331502355e-01 4.197322925559505702e-01 4.187616445645198082e-01 2.328364476297193897e-01 3.170873129177330663e-01 3.160067744888339081e-01 1.053587908869423845e+05 1.073106611466149625e+05 7.536075172458088491e+04 6.633255110201222124e+04 1.002259325837442448e+05 7.554962625265639508e+04 2.642047293122171125e-01
3.184633599316721853e-01 6.139924855928485803e-01 2.144119603766111160e-01 6.714986011647274822e-01 2.304278056104297479e-01 2.298664336808750319e-01 2.872594058881092760e-01 1.370102363638122333e+05 1.193920566264303052e+05 7.545271179864778242e+04 4.409369354445321369e+04 4.200695536895249825e+04 6.871639249547389045e+04 2.344107150616276669e-01
2.192583401897495524e-02 6.054599863107906765e-01 4.512635148262447715e-01 5.457171940088262341e-01 3.181064104000269066e-01 2.566178343783802607e-01 2.885342411728939460e-01 1.435211989774527028e+05 1.220780420010510861e+05 7.717012627200767747e+04 4.608264849889259494e+04 4.282193270546774147e+04 7.037311101250741922e+04 2.357783871857609403e-01
3.186783769449820780e-01 5.763319703957745510e-01 5.214707473038768804e-01 5.425397777608992333e-01 2.149549854551097150e-01 2.886218883224262455e-01 4.127228210608187564e-01 1.274800045082408906e+05 1.011445598447496886e+05 7.626178470830830338e+04 6.577302223224533373e+04 6.878264080079148698e+04 7.099190040994623268e+04 2.887986604501934229e-01
3.200576918240278235e-01 6.100022339713289110e-01 4.449387531136029250e-01 4.654453450685961946e-01 2.333277567144130538e-01 2.711106449154831455e-01 3.114217991996168222e-01 1.142758070162335789e+05 9.621753184787105420e+04 7.951564583726877754e+04 4.086335694545439765e+04 8.523134091859645559e+04 7.230796011657291092e+04 2.611889902503358729e-01
2.744107509809518564e-01 6.154382124287222089e-01 5.815722963322008665e-01 6.856611389604994056e-01 4.020523563475718043e-01 2.603941352947756194e-01 2.901208055604176383e-01 1.392568492293484742e+05 1.211807576712120936e+05 7.562114626333990600e+04 4.562551589985325700e+04 4.339860553099412209e+04 6.883434845366752415e+04 2.496306844613321863e-01
4.703542878580527775e-01 6.104196213662652637e-01 2.502756940482164238e-01 6.759386554680908432e-01 2.456450020194622108e-01 2.355172029504804254e-01 2.985536909879173417e-01 1.370718123181753617e+05 1.185511209151799994e+05 7.647810420865383639e+04 4.519703459319885587e+04 4.105915840220415703e+04 7.210957425377279287e+04 2.777626129859762094e-01
4.366763279246575480e-01 5.760872839137318735e-01 4.783094207156613487e-01 4.865392276620205680e-01 2.183598140512801322e-01 2.734728387527395332e-01 2.743797625116105032e-01 1.200874961287999904e+05 1.119165537227895984e+05 8.167500493079096486e+04 4.808974458733214851e+04 6.275390608106037689e+04 7.336420168653759174e+04 3.324787458979816535e-01
3.093358779681418813e-01 6.064293091385549728e-01 7.098546953617845823e-01 3.374224774808491922e-01 1.763987420894338465e-01 2.057089235628074830e-01 2.743933788018167452e-01 1.484801072860721615e+05 1.304313454521471576e+05 7.466642812910545035e+04 3.803500975976151676e+04 3.650083971864925843e+04 6.823724665465667204e+04 2.243215318748603693e-01
2.907188843417681801e-01 5.646198488627131029e-01 5.790499020343804482e-01 4.429383677311520828e-01 2.064058999649792669e-01 2.977634706791155716e-01 3.287348216759743980e-01 1.206224791222268832e+05 1.021261498076284479e+05 8.141127537975515588e+04 6.007679385148056463e+04 6.483914916953393549e+04 7.132813583268475486e+04 3.090299174267445714e-01
4.733328682094422590e-01 5.456612441757665577e-01 5.356359579661050807e-01 5.108994231252009799e-01 2.619795638919140135e-01 3.154963886985480692e-01 3.806929776162524814e-01 9.666653744899886078e+04 9.148633988248459355e+04 7.522660897833609488e+04 5.579951655418492010e+04 6.100813793240718223e+04 7.131459320048995141e+04 3.193381784077827801e-01
3.963531850982773830e-01 5.557215402674002824e-01 5.061210997038791959e-01 3.555347099674414646e-01 2.446473075228141059e-01 2.908336314233447850e-01 2.760589947303795921e-01 1.226285261201132816e+05 1.060171167538775189e+05 7.568361306311705266e+04 5.480291507627229294e+04 5.707402413341542706e+04 7.106024200274863688e+04 2.926394572658191362e-01
6.349395553424658223e-01 6.362141494589270696e-01 5.984086448350176557e-01 6.006535156956526178e-01 7.624063409670338576e-01 3.534569539776287184e-01 6.087506586351273397e-01 1.342276967332813947e+05 1.157690551316537749e+05 7.627207433137951011e+04 4.657055348783278896e+04 4.406691300728032365e+04 6.911364648845973716e+04 2.825826211262537635e-01
5.075569744863378530e-01 5.460755528168761419e-01 6.452345349406221064e-01 4.811407632255729760e-01 2.459025616781808088e-01 3.170681404716134133e-01 3.994116768699850217e-01 1.264863821361065493e+05 9.576922845030165627e+04 7.969628065113331832e+04 4.946169149279381963e+04 5.851814327611248882e+04 7.234853035346207616e+04 2.867898411978969109e-01
3.921534467000947766e-01 5.781810204428475819e-01 6.612458088007920898e-01 4.547304783780158899e-01 2.756003607494119656e-01 2.640460086279272645e-01 3.324505181996910697e-01 1.181170227186784468e+05 1.140309097674738587e+05 7.290700873221129586e+04 4.526596611748921714e+04 5.854725829653505207e+04 6.996010923992912285e+04 3.282904345649667599e-01
3.783872729665451740e-01 5.632405078541815602e-01 5.846391074443365587e-01 3.838815463044354948e-01 1.797275852002556129e-01 3.395784613903946592e-01 3.509701313936025580e-01 1.161231484526529530e+05 1.144566870668608462e+05 8.046446479230123805e+04 6.492761176273226738e+04 6.343513798708128161e+04 7.147506479955110990e+04 2.726899911161529966e-01
4.566092182018355317e-01 6.140818489528389046e-01 4.780176207409487232e-01 4.448830251154384796e-01 2.489419761003241471e-01 2.959349126487356152e-01 4.003094586733729199e-01 1.499128066873139469e+05 1.167158366515586968e+05 8.011093572457766277e+04 5.413182923914099229e+04 5.051280843078884209e+04 7.138668597460149613e+04 3.174306136355430907e-01
3.545022114374958844e-01 5.307168924532438270e-01 4.593511952686382682e-01 4.494859198847918624e-01 2.011605226907198229e-01 2.717442698316743788e-01 3.831025593340919300e-01 1.097568732440551394e+05 1.050392818908384943e+05 7.920645392691629240e+04 5.497171066604892985e+04 6.284868630145772477e+04 6.856471428222554096e+04 2.627435603654772467e-01
3.093405862197072809e-01 5.808159184034633604e-01 3.943562774712747743e-01 4.661960371317012686e-01 2.819668813268415564e-01 3.058686091780267735e-01 3.165705421304322864e-01 1.239867385607455653e+05 1.070892010007294884e+05 7.605424657524072973e+04 3.433651634477285552e+04 3.271186819137170460e+04 6.877010983638332982e+04 2.752692321192753977e-01
2.880303329433488990e-01 5.735085655653248127e-01 5.146357836182844370e-01 3.920355858279799821e-01 2.081568416894357676e-01 2.649577066874109210e-01 2.941509972374966586e-01 1.196061214956373005e+05 1.049088509827913949e+05 7.376121925696381368e+04 5.553261541734966158e+04 6.474937710910446185e+04 7.076028114796258160e+04 2.782841845067343112e-01
3.219919931366079791e-01 5.687594123862109718e-01 4.549213098183871873e-01 3.934133989453320601e-01 2.210108928038830856e-01 2.482250592940725697e-01 4.448343883139341259e-01 1.116784300407261908e+05 1.090602495528406434e+05 7.896658990079056821e+04 3.922652124886107049e+04 7.000748183295648778e+04 7.020400606291170698e+04 3.012965237525736528e-01
3.216769451605492325e-01 6.268619091127797249e-01 7.352679680539968565e-01 3.468049961433392614e-01 1.848364272546781650e-01 2.387477097251801406e-01 2.792676145114348918e-01 1.117928355004172627e+05 9.428323699789663078e+04 7.784620017987955362e+04 4.792206245451144787e+04 4.529275348961463169e+04 6.926626768806486507e+04 2.261638175098595882e-01
3.635492904749079712e-01 6.315874675487193057e-01 7.449438244659919439e-01 3.725132606298716120e-01 2.662616435302929130e-01 2.698681346758459165e-01 2.859944433710779332e-01 1.207362411097133008e+05 1.033539231080542522e+05 7.685881499637269008e+04 4.340917845507908351e+04 4.123043691041573038e+04 6.886630373141873861e+04 2.428386357970402087e-01
3.354498137181283757e-01 7.365703009041203453e-01 6.354613083502620441e-01 5.778733663165459555e-01 1.942802066121124827e-01 2.254722621871750876e-01 3.035787570904484589e-01 1.349854479347001761e+05 1.017550007722128212e+05 7.840703353817363677e+04 4.020617609625896876e+04 3.942024283836244285e+04 7.066040672959735093e+04 3.026603169570638019e-01
3.202918466196560399e-01 5.324020210805260334e-01 4.493066139706076156e-01 4.137028372562356338e-01 1.740208115621056095e-01 2.555245470841404631e-01 3.113023486031148424e-01 1.452069326164356316e+05 1.433174093393585063e+05 7.443664032983242942e+04 5.432264859218909987e+04 5.642549884869762900e+04 7.262253665077387996e+04 2.827794949624721221e-01
