4.191051465147744293e-01 5.821317024429061293e-01 6.909433130276774193e-01 5.014949497934492184e-01 2.627328165484074107e-01 2.582401392901232939e-01 3.577675339783558672e-01 1.128714393379183603e+05 1.013345347388777445e+05 7.976786813589418307e+04 7.463699076098835212e+04 5.710159914001265861e+04 6.943301342373770603e+04 2.984674506905011793e-01
2.230764542975871012e-01 5.996312838034907333e-01 -2.948485746837435362e-01 5.927213629930172534e-01 1.958257883132726862e-01 2.582175615334641461e-01 2.943487087604518271e-01 1.332694626383451396e+05 1.124092626706454175e+05 7.824556406847742619e+04 4.404178062266812776e+04 4.056626424376203795e+04 7.115530807184931473e+04 2.494779318363972709e-01
3.229684044912424223e-01 5.331481983155715865e-01 5.793815008264017186e-01 5.032111885167789289e-01 2.441197912479045884e-01 2.578357905258034100e-01 3.218187162775982824e-01 1.240072012178394943e+05 1.128725942309668317e+05 7.652152410326743848e+04 5.486085392090176174e+04 5.436767583135368477e+04 7.042394193150913634e+04 3.701534075757274556e-01
4.137121771590945851e-01 5.339350283862028812e-01 4.078879247012360820e-01 4.511346969470154122e-01 2.134513308922736108e-01 2.621845016123303673e-01 3.576736524797255456e-01 1.241673393859993521e+05 1.011532051256409322e+05 8.058047684612790181e+04 6.577966014291711326e+04 5.400832764629816666e+04 7.448790449767457903e+04 3.606109550010442311e-01
8.173600433046012137e-01 7.532093087875637583e-01 9.804306105761954049e-01 6.607662814606630741e-01 7.161543753014130154e-01 8.677135985760595638e-01 5.623503699623778607e-01 9.885856966592249228e+04 9.102173503897518094e+04 7.013655824582130299e+04 4.084678629073109914e+04 3.146735464640909413e+04 7.929539707138715312e+04 6.139298128923257325e-01
3.063459245114794061e-01 6.171341894867944378e-01 3.198965840981831121e-01 3.844767360833422076e-01 2.121612752172023497e-01 2.465406353386351834e-01 2.901568514324547321e-01 1.435761910708875512e+05 1.253173376709216973e+05 7.537449025172399706e+04 4.429802894447839208e+04 4.218986467916721449e+04 6.872283924545666378e+04 2.522945867723357938e-01
3.808022044926835936e-01 5.345981785748786796e-01 4.699459904084056783e-01 5.051867458101958475e-01 2.477940328300685391e-01 2.713750347719672829e-01 3.398614247169143843e-01 9.172222425193610252e+04 1.217077169928158255e+05 8.052940130803731154e+04 2.712642576329270742e+04 7.165818464559261338e+04 7.135849616840314411e+04 2.962879707029065779e-01
3.908879716819049777e-01 5.378745628891939967e-01 3.832969744461611761e-01 4.266575921868542842e-01 2.572136706446764287e-01 2.890285933129124740e-01 3.400935945781078940e-01 1.199244393671698053e+05 1.005552760143822816e+05 7.526518457088088326e+04 7.220977053302209242e+04 5.196142548716170131e+04 6.928151717015213217e+04 2.774420229886317979e-01
3.252619371135602733e-01 5.384460657160063946e-01 5.767884007356132159e-01 4.062974480422674728e-01 2.592071900348018598e-01 2.941132290511173641e-01 2.972051345885658447e-01 1.207193891837154661e+05 1.185351461968006915e+05 7.742036822868196759e+04 6.724866131689400936e+04 4.793890271331829717e+04 6.698511710978610790e+04 3.502541020111605286e-01
3.467436068286280371e-01 5.554751429969527754e-01 5.683892700949870758e-01 5.306744897791861870e-01 2.362848239184767163e-01 3.403950153912226329e-01 3.368807167145819736e-01 1.250107356148212712e+05 1.023426412439515989e+05 7.653740407011788920e+04 7.228389404353128339e+04 4.969959036889852723e+04 7.011719756071323354e+04 3.047137822976131449e-01
3.196770500950459337e-01 5.584605896067799113e-01 5.999102192687645330e-01 5.003009248821934651e-01 2.584227861816683625e-01 2.806905453177894749e-01 3.396113193381584128e-01 1.318385664056059031e+05 1.072101804456799873e+05 7.641080737723573111e+04 5.188546858037047059e+04 1.314254669068062867e+04 7.503678439942859404e+04 3.734678574099762338e-01
4.518743764139272479e-01 6.193432206496342074e-01 7.263487095957523731e-01 3.639580821651526299e-01 1.869579384737501127e-01 2.475588414849996532e-01 3.115180016258434215e-01 1.346845332445519452e+05 1.124077513163818367e+05 7.904598022300764569e+04 5.108989278409980034e+04 4.153767474340336048e+04 8.057792467690649210e+04 3.215271225953998946e-01
4.419734639368146922e-01 5.234441770699069796e-01 4.426765879753619126e-01 4.567548605046165555e-01 2.699316706423652290e-01 2.835488262032058726e-01 3.646055995473703737e-01 1.200371450255766104e+05 1.204314536418979551e+05 7.880218094742271933e+04 5.720783876004270132e+04 3.591863952365127625e+04 7.093259125602582935e+04 2.559624349466161908e-01
3.896976418262785291e-01 6.048882485859828906e-01 5.471164078507159134e-01 6.354927732918903560e-01 3.384663367147379698e-01 2.456608677219405956e-01 4.370290262790304525e-01 1.312118718154389644e+05 1.170280148296185362e+05 7.541790057853414328e+04 4.082348575274663017e+04 3.145779474425216540e+04 8.655993407070687681e+04 2.657666257575945212e-01
3.310775503410243736e-01 5.992343189756456079e-01 3.193007041498765464e-01 3.885199914016706502e-01 4.867494690419008063e-01 2.535800941190241575e-01 3.428513912635983152e-01 1.706813130342511868e+05 1.521332321152546210e+05 7.442452413174838875e+04 3.199920031231402027e+04 3.045150942985347501e+04 6.958350819494995812e+04 2.968209322953733742e-01
4.282194178443931576e-01 6.132564228644755283e-02 2.561517182237805224e-01 5.298324122109400180e-01 1.719907421436380479e-01 4.739903310855316798e-01 4.903828768613779365e-01 1.110311032437518297e+05 9.687275331357578398e+04 7.534480407761401148e+04 6.858539957941648026e+04 6.021536911554473772e+04 7.328895612892035570e+04 5.126294586930586483e-01
3.419003758326212283e-01 5.616592862717939560e-01 2.924188603193454417e-01 4.516894571209522091e-01 1.906162725586164342e-01 2.781119088165589504e-01 3.702986506236401465e-01 8.200132360355248966e+04 1.073381228325120755e+05 8.169330745294010558e+04 5.339216989361299056e+04 6.522721572884853231e+04 6.974390784645320673e+04 3.344008088112574439e-01
4.479686920355901991e-01 6.260586504108899275e-01 6.527676509892582635e-01 4.694027247800305891e-01 2.864809914397780100e-01 2.935836289877487570e-01 2.209976007463229364e-01 1.326524585681726458e+05 1.208937226332018035e+05 8.040769333935219038e+04 3.781230971703356772e+04 6.353132559362237225e+04 7.112062930944477557e+04 4.088624386014916290e-01
4.073792544408433858e-01 6.721699451726648178e-01 6.145200843505541632e-01 5.053568996149124803e-01 1.314996190028481504e-01 4.073044705379348929e-01 4.644949382421393880e-01 1.195227808796192840e+05 1.062565553952545743e+05 7.319393621836771490e+04 8.229043145992235804e+04 2.651767776061592667e+04 7.472240586565778358e+04 4.750993231835176078e-01
3.339819301159940856e-01 5.428043650858114244e-01 5.103263766015145864e-01 4.555347131918417447e-01 2.571177687872043816e-01 2.835095687499835648e-01 2.824459086367223648e-01 1.397431733758561022e+05 1.009065636672549444e+05 7.877977262769559457e+04 6.312913810249101516e+04 4.922320343688716093e+04 7.404040937088399369e+04 3.070369595984454025e-01
3.752796387200327821e-01 5.395765011710462744e-01 4.681806124817990966e-01 4.752435052300980067e-01 2.232940093218727384e-01 2.580396023187105370e-01 3.691457330584331786e-01 1.280384461415252590e+05 1.420216600103594246e+05 7.688689085883201915e+04 6.337172183214125107e+04 3.668793658302563563e+04 7.170155949730949942e+04 2.658018831656290826e-01
4.335227306511227341e-01 5.127615029680295811e-01 6.645585278744036151e-01 6.335291293470289853e-01 2.510208184457871639e-01 3.344312734927081809e-01 4.097150618598016658e-01 1.157179786982390651e+05 1.017333083306531626e+05 7.797059509606621577e+04 6.724514545312944392e+04 4.989442449098170619e+04 7.133562536169408122e+04 2.628258654411854689e-01
2.930318605310333613e-01 6.055430819148099886e-01 -1.680581941723218939e-02 6.702556823642551453e-01 4.332904025938420500e-01 4.750723332389392151e-01 6.217684354388259838e-01 1.427557233093309333e+05 1.292897386113485263e+05 7.461355353554856265e+04 3.184599656127190974e+04 3.486030249261100835e+04 7.542231723286458873e+04 2.715117283174695029e-01
3.282930390815023691e-01 5.131830723831032337e-01 4.169419156258990511e-01 4.938500284738152057e-01 1.974127260414668961e-01 2.352776160720667364e-01 2.731015547660936571e-01 1.252670229233140562e+05 9.913991037474700715e+04 7.541652752656041412e+04 4.503105416280214558e+04 5.981040443094839429e+04 7.095599249122390756e+04 3.493222586029506860e-01
3.702027051204370145e-01 5.696053661537107127e-01 4.989426427866520686e-01 3.511070795812507028e-01 2.620949864173916510e-01 2.770026013143678245e-01 3.073504883734545778e-01 1.332168276685420133e+05 1.109516044125477638e+05 8.157298478911082202e+04 6.398427407905126165e+04 5.112749895662863855e+04 7.109017233926423069e+04 3.128648549707621074e-01
4.516871000838231787e-01 5.189305942919922865e-01 4.619706298124517940e-01 4.641772314628426765e-01 2.251484711579053166e-01 2.753973313130782530e-01 3.658610909120992849e-01 1.370620197158507362e+05 1.036208366497678653e+05 7.292005486253048002e+04 5.444278027157767065e+04 7.089112000930152135e+04 7.046035318126231141e+04 3.990813104457984761e-01
3.659816674402036618e-01 5.308131937527088562e-01 5.439505417022963973e-01 4.137899342890826726e-01 2.675744948166387527e-01 2.493781418717893605e-01 3.858521837205565186e-01 1.184557816815052938e+05 1.022672959979146108e+05 7.915530083153875603e+04 8.107914496582448191e+04 6.135115366987501329e+04 7.098057103103077679e+04 3.432728124982056261e-01
4.571120561558448814e-01 5.902954331480030348e-01 6.504403114508469086e-01 3.800351622251034178e-01 2.330229261214776804e-01 5.342164686742637558e-01 4.777329946936796357e-01 1.173657607800151745e+05 9.658959854968708532e+04 7.947915183600816817e+04 5.751879455428220535e+04 5.474204823367673089e+04 7.045731372965373157e+04 2.602852535460722927e-01
3.319550388277100472e-01 4.981126812566163964e-01 4.705454150966051907e-01 3.170240361890489522e-01 2.659087191455996591e-01 3.085245138587374703e-01 3.456234204966933121e-01 1.254875283342478215e+05 1.103238021062052867e+05 7.739965106448343431e+04 5.900284194031187508e+04 5.726242143300807948e+04 7.208455538096312375e+04 2.895518665593097563e-01
5.121750614486666464e-01 3.566190842326719124e-01 6.501837405641580636e-01 7.196177129251342119e-01 1.224146313028511707e-01 2.415186562549631322e-01 1.977278497613372821e-01 1.382269513601752697e+05 1.168311536529026343e+05 7.957429169796590577e+04 4.304029196680485620e+04 4.360580488239841361e+04 7.252978716612538847e+04 2.565430303029302972e-01
4.124770626270433116e-01 5.857288295564121450e-01 4.544820813143327642e-01 4.538936902733095580e-01 2.107972395214670891e-01 2.585476144008475585e-01 3.673471513399239052e-01 1.215967521207817481e+05 1.249228013523906411e+05 7.798022130197261868e+04 6.591893948612485838e+04 6.448661392050236464e+04 7.029194608750236512e+04 3.230818977314217633e-01
2.559428286748394732e-01 4.855432152207655450e-01 5.720232498599649995e-01 4.743771662418654333e-01 3.110687413591683437e-01 2.634788589577099494e-01 2.195935980829669676e-01 8.103661967312858906e+04 1.048696111852311005e+05 7.298289134402184573e+04 7.223881739280914189e+04 4.070267132202474750e+04 7.529040947733877692e+04 4.096496475887685951e-01
5.544180653680474968e-01 6.034329152331502355e-01 4.197322925559505702e-01 4.187616445645198082e-01 2.328364476297193897e-01 3.170873129177330663e-01 3.160067744888339081e-01 1.053587908869423845e+05 1.073106611466149625e+05 7.536075172458088491e+04 6.633255110201222124e+04 1.002259325837442448e+05 7.554962625265639508e+04 2.642047293122171125e-01
3.832362365202919841e-01 5.833053432445083342e-01 6.144469310674461893e-01 4.775107522395845017e-01 2.240067928836343703e-01 2.619643786637376182e-01 3.907835146790804015e-01 8.269863320972959627e+04 1.011875233381581493e+05 7.610814075677275832e+04 5.483633669805473619e+04 6.398015260601327464e+04 7.461706192818831187e+04 3.401273255634158499e-01
3.951062391434293497e-01 5.335054402255621220e-01 4.367397592503221015e-01 4.469438433811508404e-01 2.349800833035005365e-01 2.946744183673380979e-01 3.331052288488119406e-01 1.186637056836451229e+05 9.890055106647964567e+04 7.414978600200645451e+04 5.601451263010736875e+04 5.818977577765558817e+04 6.560724474306291086e+04 3.609672987789512844e-01
4.661752185864884157e-01 5.088065704922448695e-01 6.370931791287399726e-01 4.765266799717267632e-01 2.344963700362585612e-01 2.888465516326318983e-01 3.118211456434007434e-01 1.639061411800630740e+05 1.033045393358458241e+05 7.596670513564089197e+04 5.647148187275349483e+04 4.464811985528136574e+04 7.138331548541785742e+04 2.818250138165446783e-01
3.768422684728057748e-01 5.774673299888959388e-01 6.582231368119386694e-01 3.305948027505610232e-01 1.700416107994693615e-01 3.978056406534924427e-01 2.665917292955696793e-01 1.034808778319318080e+05 9.105255941356722906e+04 7.591316349339748558e+04 3.818537358587349445e+04 3.237153080181982659e+04 7.951286369237018516e+04 5.384876083984074802e-01
2.911198955017990087e-01 4.897186071921144079e-01 4.013406153619997196e-01 3.972064390411040313e-01 1.984050167718165725e-01 2.205085659135176401e-01 4.207465593524238323e-01 1.384901934947153786e+05 9.836260392434189271e+04 7.963738528517229133e+04 6.288528751432774880e+04 5.017017864257004840e+04 7.034464455265979632e+04 3.446422089071400907e-01
4.084968066035427614e-01 5.316433841911909486e-01 4.076985490998566997e-01 4.236952086225095893e-01 2.040473132345200502e-01 2.872962094189155935e-01 2.750350041452411798e-01 1.310932534567201219e+05 9.531699784964833816e+04 7.674922294637266896e+04 6.961276769523839175e+04 4.478948627367430163e+04 6.997226279030837759e+04 3.569614585119472161e-01
5.089259509007986182e-01 4.409015503902892208e-01 2.892054361648030980e-01 5.595645769667073610e-01 2.481329290299889856e-01 2.934683035794129480e-01 5.515747816450173868e-01 1.284800990248054295e+05 1.077812384794758109e+05 7.882791800485545537e+04 7.557018480482214363e+04 6.756984305715300434e+04 7.211476083392031433e+04 3.152972775138269679e-01
5.285657876474898487e-01 5.963776670981453254e-01 4.956664662804740606e-01 4.425534287627435059e-01 1.699325045554014868e-01 2.380146532403097925e-01 3.855925703142126237e-01 1.215621722515562578e+05 1.027576245107787254e+05 7.785528059691935778e+04 7.730174037613783730e+04 4.351311772014091548e+04 6.804626207368228643e+04 2.227063197682079831e-01
3.128838120666282974e-01 5.378839850141365897e-01 6.721207401406193993e-01 3.534602798213426489e-01 3.064563626089145121e-01 3.088326973268091247e-01 3.353192946898511662e-01 1.184224412614749745e+05 1.230333196349003847e+05 7.915168926794182335e+04 6.012477553840055771e+04 6.118475613812583470e+04 7.750800716701018973e+04 3.662993846279503640e-01
3.184633599316721853e-01 6.139924855928485803e-01 2.144119603766111160e-01 6.714986011647274822e-01 2.304278056104297479e-01 2.298664336808750319e-01 2.872594058881092760e-01 1.370102363638122333e+05 1.193920566264303052e+05 7.545271179864778242e+04 4.409369354445321369e+04 4.200695536895249825e+04 6.871639249547389045e+04 2.344107150616276669e-01
3.509451150080744042e-01 5.063477488181176156e-01 5.616904638237584235e-01 3.608194856308602483e-01 2.586439784462555846e-01 3.171984272797771509e-01 3.690291530663030728e-01 1.209602183309979737e+05 1.016815165964550106e+05 7.970659568557930470e+04 5.744416221617595875e+04 6.786390888270577125e+04 6.922561296693027543e+04 3.522622010865513187e-01
3.628156324497652241e-01 4.586307645151690981e-01 3.147325783218154482e-01 3.817394643985402847e-01 3.107115360370045209e-01 2.423840920076672234e-01 3.831029847819212297e-01 1.061187412905387464e+05 1.219451861606309685e+05 7.946793550846839207e+04 5.314564261543462635e+04 7.457098568188726495e+04 7.467257965082937153e+04 3.552422133499287260e-01
2.192583401897495524e-02 6.054599863107906765e-01 4.512635148262447715e-01 5.457171940088262341e-01 3.181064104000269066e-01 2.566178343783802607e-01 2.885342411728939460e-01 1.435211989774527028e+05 1.220780420010510861e+05 7.717012627200767747e+04 4.608264849889259494e+04 4.282193270546774147e+04 7.037311101250741922e+04 2.357783871857609403e-01
6.422083442457776625e-02 -4.866807855694704060e-02 5.267626308362013260e-02 7.195579638364876240e-01 4.569649574044079010e-01 3.070079922116923932e-01 6.880923554866457126e-01 1.227463584235329181e+05 9.911116242903395323e+04 8.127611217243503779e+04 5.055050414860754245e+04 4.486126395926317491e+04 7.295229697926739755e+04 3.615713158630749491e-01
3.186783769449820780e-01 5.763319703957745510e-01 5.214707473038768804e-01 5.425397777608992333e-01 2.149549854551097150e-01 2.886218883224262455e-01 4.127228210608187564e-01 1.274800045082408906e+05 1.011445598447496886e+05 7.626178470830830338e+04 6.577302223224533373e+04 6.878264080079148698e+04 7.099190040994623268e+04 2.887986604501934229e-01
3.200576918240278235e-01 6.100022339713289110e-01 4.449387531136029250e-01 4.654453450685961946e-01 2.333277567144130538e-01 2.711106449154831455e-01 3.114217991996168222e-01 1.142758070162335789e+05 9.621753184787105420e+04 7.951564583726877754e+04 4.086335694545439765e+04 8.523134091859645559e+04 7.230796011657291092e+04 2.611889902503358729e-01
6.204286608523313928e-01 4.018023067525273162e-01 4.576125071011212797e-01 4.738380789424611050e-01 3.519241246025132108e-01 3.896669847770182771e-01 4.294580425729222495e-01 1.116635874863999197e+05 9.703491653136895911e+04 7.523158260448019428e+04 9.637850782769746729e+04 8.734641865496557148e+04 7.118711788241496834e+04 5.904211050535959071e-01
8.208775329530629827e-01 6.812803719320537077e-01 6.398258574857544900e-01 7.060462934682257830e-01 8.164594945729117814e-01 3.907175202392922375e-01 6.759479312624612213e-01 1.237669261964191683e+05 1.023128512288244092e+05 8.107085396224042051e+04 7.149724541283653525e+04 5.840860069123424910e+04 8.293935434939141851e+04 4.542876268950308827e-01
4.033289965942035704e-01 5.287423451062883695e-01 5.032303587081818907e-01 3.614732547026616172e-01 2.184180253048320086e-01 2.555406293498387882e-01 3.171398842828094811e-01 1.292971924515242135e+05 1.002984293668529572e+05 7.289917743510163564e+04 6.987418504695172305e+04 4.525646783757300727e+04 7.123749441807351832e+04 3.936944779438817932e-01
3.640400376315893749e-01 5.366226863714298467e-01 4.477835132214042502e-01 4.413224499854258021e-01 2.214258330476393255e-01 2.741834150388864910e-01 2.960394611489561845e-01 1.109292982485944958e+05 1.105172763698133786e+05 7.842502275260862370e+04 7.906773465707902506e+04 6.006433627337387588e+04 6.828842636509271688e+04 3.793885158982160943e-01
2.744107509809518564e-01 6.154382124287222089e-01 5.815722963322008665e-01 6.856611389604994056e-01 4.020523563475718043e-01 2.603941352947756194e-01 2.901208055604176383e-01 1.392568492293484742e+05 1.211807576712120936e+05 7.562114626333990600e+04 4.562551589985325700e+04 4.339860553099412209e+04 6.883434845366752415e+04 2.496306844613321863e-01
3.456556451050087908e-01 5.235562886761008228e-01 5.660941399696680643e-01 4.300636389140492510e-01 2.415961380054927055e-01 3.108513575711170929e-01 3.777937817429648515e-01 1.127044611537371529e+05 1.030724770762255939e+05 7.294820182521823153e+04 7.263844909215009829e+04 5.729074594394669111e+04 7.113505672993502230e+04 3.282430002390180346e-01
3.400987230550696627e-01 5.256345961858052140e-01 5.830368568907147164e-01 5.552991271094422920e-01 2.035743595965227581e-01 2.340427064906429044e-01 3.253327457174621795e-01 1.229975789412323502e+05 1.018227792902231013e+05 8.014517559760075528e+04 6.302604743826492631e+04 5.115821495523316844e+04 6.890494710746670899e+04 3.833067783250803662e-01
4.607096060056001252e-01 4.010986794221604868e-01 3.456954286640084306e-01 3.867612336572715526e-01 2.092422638251887068e-01 2.853228414278048408e-01 3.075777961646424807e-01 1.195471168025356747e+05 9.968166089704413025e+04 7.938252116096531972e+04 5.065573215751612588e+04 4.314905777832723106e+04 7.685895649710217549e+04 3.129238678374893223e-01
3.617528445375389756e-01 5.748672311501690224e-01 4.755702356807142150e-01 4.790064274845783898e-01 1.695075487634443712e-01 2.464587154895484522e-01 3.424820735441969632e-01 1.244365903185435454e+05 1.112554065573605767e+05 8.055946676825759641e+04 7.604165159414731897e+04 4.819447202678476606e+04 7.331674605321949639e+04 3.426213282060032173e-01
4.703542878580527775e-01 6.104196213662652637e-01 2.502756940482164238e-01 6.759386554680908432e-01 2.456450020194622108e-01 2.355172029504804254e-01 2.985536909879173417e-01 1.370718123181753617e+05 1.185511209151799994e+05 7.647810420865383639e+04 4.519703459319885587e+04 4.105915840220415703e+04 7.210957425377279287e+04 2.777626129859762094e-01
3.476169821422676054e-01 4.843854136624424211e-01 4.701683148925603350e-01 4.733098048393969970e-01 2.600979969181598794e-01 2.908845879538865531e-01 3.051511980510638877e-01 1.248520565951659519e+05 1.020175777023697883e+05 7.862904789683647687e+04 6.491309650546270132e+04 4.795397544773630943e+04 7.275222782167582773e+04 3.036434837611496351e-01
4.366763279246575480e-01 5.760872839137318735e-01 4.783094207156613487e-01 4.865392276620205680e-01 2.183598140512801322e-01 2.734728387527395332e-01 2.743797625116105032e-01 1.200874961287999904e+05 1.119165537227895984e+05 8.167500493079096486e+04 4.808974458733214851e+04 6.275390608106037689e+04 7.336420168653759174e+04 3.324787458979816535e-01
3.765517463137287857e-01 6.197082547332257718e-01 5.866218150991309166e-01 6.759118685625385980e-01 3.980831062851116764e-01 3.218454671552619661e-01 2.980326853456004010e-01 1.218357186974678043e+05 1.030567420447722398e+05 7.779589258829425671e+04 4.570769379674297670e+04 4.046394075619394425e+04 7.388713476698163140e+04 3.782255880247506474e-01
3.402499675479094821e-01 5.708044064457887812e-01 4.669535255558359688e-01 4.737375408441585889e-01 2.262270019219348727e-01 3.272245318202506859e-01 3.642939749034014851e-01 1.062510594026916224e+05 1.266559702614163980e+05 7.539431877359644568e+04 6.124694403976846661e+04 5.906312570729196159e+04 7.067933014525991166e+04 3.846394390040000499e-01
3.911573020869577033e-01 4.765248113202718572e-01 4.545256032911680899e-01 4.083199034496878821e-01 2.447683049501191421e-01 2.948688285108372331e-01 3.733146357511231139e-01 1.232050290398762008e+05 9.862821242823456123e+04 7.544776870017654437e+04 4.499137213426870585e+04 6.801199328976993274e+04 7.523741533355890715e+04 3.398136996044973102e-01
3.093358779681418813e-01 6.064293091385549728e-01 7.098546953617845823e-01 3.374224774808491922e-01 1.763987420894338465e-01 2.057089235628074830e-01 2.743933788018167452e-01 1.484801072860721615e+05 1.304313454521471576e+05 7.466642812910545035e+04 3.803500975976151676e+04 3.650083971864925843e+04 6.823724665465667204e+04 2.243215318748603693e-01
3.913031479244362121e-01 4.526687194806532921e-01 5.551991658419093145e-01 4.117146514900432153e-01 2.181594208717537731e-01 3.067214955766952578e-01 3.806244988466830348e-01 1.241278607649195183e+05 1.038796204372194770e+05 7.694224721336673247e+04 7.004916795071530214e+04 3.420573037769683287e+04 6.592791212000248197e+04 2.942325746351732163e-01
4.201948006304543348e-01 6.040902899162929884e-01 4.542763849253322883e-01 4.122169941963514939e-01 2.406767233703254183e-01 2.529185873885668734e-01 2.967013529878322342e-01 1.308806691217900079e+05 9.923955143243476050e+04 7.917726419111345604e+04 7.503606900998193305e+04 3.789765367202692141e+04 6.606922189500612149e+04 2.565122196737575910e-01
2.335161858463624118e-01 4.837786673971763984e-01 5.632911615401821059e-01 4.741174513833245063e-01 1.169462615311704923e-01 2.098443477906501431e-01 3.974088541362431060e-01 1.389315529266967205e+05 9.357925992333270551e+04 7.694431416992924642e+04 7.113026774870042573e+04 6.727237104932405055e+04 7.122000625603711524e+04 3.470739532795473758e-01
3.452105482022977956e-01 5.901381457291773325e-01 6.601763938360929451e-01 4.805152946652301305e-01 2.330384327255041743e-01 2.744225593941842511e-01 3.076125204766870791e-01 1.069306022801768995e+05 1.000355201663656771e+05 7.932713057870883495e+04 8.471264563755677955e+04 3.574009274890129745e+04 6.899352064267458627e+04 2.709555153402030125e-01
6.090853184896881656e-01 9.559159890349684385e-01 8.803315860712889185e-01 7.009526221690175474e-01 9.686620148283138221e-01 8.885113159344250056e-01 5.330123178815575624e-01 1.862094586427977192e+05 1.732844194142448832e+05 7.311196342080303293e+04 1.004700727148389415e+05 6.474717207802382472e+04 1.076066366970218951e+05 5.316791484747855900e-01
2.907188843417681801e-01 5.646198488627131029e-01 5.790499020343804482e-01 4.429383677311520828e-01 2.064058999649792669e-01 2.977634706791155716e-01 3.287348216759743980e-01 1.206224791222268832e+05 1.021261498076284479e+05 8.141127537975515588e+04 6.007679385148056463e+04 6.483914916953393549e+04 7.132813583268475486e+04 3.090299174267445714e-01
6.527257182358983112e-01 7.357136079329310574e-01 5.851021736578825294e-01 7.838204050348879237e-01 8.477752656422691269e-01 7.598064607199370712e-01 5.945381192299433737e-01 1.342415494942466030e+05 1.055736965700008004e+05 7.790280496324898559e+04 2.034639280704475823e+05 1.917186024194383936e+05 7.225057233426436142e+04 5.028379149782098434e-01
3.909730524830190013e-01 6.703115068072982297e-01 5.626326098559474298e-01 4.457520282409078716e-01 2.388838430012448222e-01 2.478342358556772373e-01 3.283513005395641282e-01 1.470467547465343669e+05 1.076828037923474621e+05 7.942742441569508810e+04 7.163417001880919270e+04 9.040315568934283510e+04 6.970755067467104527e+04 3.956767908679493240e-01
1.166302250968150600e-01 2.663726756253190220e-01 1.544505848615335174e-03 4.608156521102306780e-01 1.704196663392939237e-01 2.496466451024514366e-01 2.910895724087036451e-01 1.477821011027886416e+05 1.260738035870989843e+05 7.750560478992022399e+04 4.794406433858483069e+04 4.419773913224863645e+04 7.093269832723480067e+04 2.458120530832269834e-01
4.092788078252527217e-01 5.828815310621934254e-01 5.124896048210012545e-01 4.650607334152423444e-01 2.281528865758894742e-01 2.530031145099143064e-01 3.490353275186368620e-01 1.212151973579722253e+05 1.054979700271133333e+05 7.607613508526250371e+04 5.449319127706493600e+04 5.751604751149774529e+04 7.151970253862132085e+04 3.421091518460333547e-01
3.376246233595531776e-01 3.564943740667068650e-01 2.348637119043595345e-01 3.597618284967227242e-01 1.890274342352795400e-01 2.511807778947115488e-01 2.882985617177081239e-01 1.346472343179531163e+05 1.166953316736976849e+05 7.578853320516548411e+04 4.978947468302322523e+04 4.708165837888895476e+04 6.921442195878921484e+04 2.516873044463915909e-01
4.090444919959622117e-01 5.920922166714274182e-01 3.573430936476807429e-01 5.252829462471104716e-01 1.714850938751880383e-01 3.268188189252129727e-01 3.332553134627357916e-01 1.070017069863178767e+05 1.060005169484905200e+05 7.986282142875138379e+04 7.646525816528045107e+04 4.231925662062204356e+04 7.495458703919600521e+04 2.359135346813826528e-01
4.548843961412872838e-01 5.791684578379409087e-01 4.678965419879084764e-01 4.757113065519467665e-01 2.120956081998085774e-01 2.900979406537190219e-01 3.589269901332739487e-01 1.164029725831230317e+05 1.094279652955350030e+05 7.790909748357560602e+04 6.838501678570726654e+04 4.973731570504416595e+04 7.180955201232957188e+04 3.676224813453412010e-01
4.733328682094422590e-01 5.456612441757665577e-01 5.356359579661050807e-01 5.108994231252009799e-01 2.619795638919140135e-01 3.154963886985480692e-01 3.806929776162524814e-01 9.666653744899886078e+04 9.148633988248459355e+04 7.522660897833609488e+04 5.579951655418492010e+04 6.100813793240718223e+04 7.131459320048995141e+04 3.193381784077827801e-01
3.321728997779262449e-01 5.677615705067037277e-01 4.288295764796244414e-01 4.497982167410974896e-01 2.292408708151295604e-01 3.003949939978745043e-01 3.164022222903426496e-01 1.141244121985294623e+05 1.003169979391207598e+05 8.092146924738684902e+04 8.049334774717350956e+04 3.222422161989042434e+04 7.177493993536737980e+04 2.860490723053230044e-01
3.631909275384462288e-01 6.336888582140000059e-01 5.027445072474285848e-01 4.198519925813122278e-01 2.400317827201536025e-01 2.407849748051294481e-01 3.255778423582784131e-01 1.439595647807961504e+05 9.683897207039965724e+04 7.542548396464857797e+04 7.978036302516874275e+04 6.600326847369606548e+04 7.195169604803722177e+04 3.337957482705300460e-01
3.963531850982773830e-01 5.557215402674002824e-01 5.061210997038791959e-01 3.555347099674414646e-01 2.446473075228141059e-01 2.908336314233447850e-01 2.760589947303795921e-01 1.226285261201132816e+05 1.060171167538775189e+05 7.568361306311705266e+04 5.480291507627229294e+04 5.707402413341542706e+04 7.106024200274863688e+04 2.926394572658191362e-01
6.349395553424658223e-01 6.362141494589270696e-01 5.984086448350176557e-01 6.006535156956526178e-01 7.624063409670338576e-01 3.534569539776287184e-01 6.087506586351273397e-01 1.342276967332813947e+05 1.157690551316537749e+05 7.627207433137951011e+04 4.657055348783278896e+04 4.406691300728032365e+04 6.911364648845973716e+04 2.825826211262537635e-01
6.974042276691854170e-01 3.802497572532073655e-01 3.928322238308515346e-01 -5.390881814753568230e-02 2.245032250352989311e-01 2.877574492050600785e-01 3.040897267069140320e-01 1.243575810092382453e+05 1.012850157314234821e+05 8.083464081130073464e+04 5.423922641457644932e+04 5.036302566424355609e+04 7.470225638142107346e+04 3.236632496253047941e-01
7.196495047366058273e-02 -5.352493042026975484e-03 1.052487439983373768e-01 5.100383764605729287e-01 9.189244985704292379e-02 2.602354128370998332e-01 2.863087630618063040e-01 1.368533299054320087e+05 1.129440750936591212e+05 7.982265668035177805e+04 4.862361410526215332e+04 4.373017863791112177e+04 7.268934674981040007e+04 2.450306322118439017e-01
5.075569744863378530e-01 5.460755528168761419e-01 6.452345349406221064e-01 4.811407632255729760e-01 2.459025616781808088e-01 3.170681404716134133e-01 3.994116768699850217e-01 1.264863821361065493e+05 9.576922845030165627e+04 7.969628065113331832e+04 4.946169149279381963e+04 5.851814327611248882e+04 7.234853035346207616e+04 2.867898411978969109e-01
3.482954216378935652e-01 5.787634755632956596e-01 5.128178159990923746e-01 3.845017753628792168e-01 1.983885804110052942e-01 2.584327864714713319e-01 3.422927939462901969e-01 1.569395184570186539e+05 9.434000391291228880e+04 7.911651565449076588e+04 7.595085950230203161e+04 7.049937350468730438e+04 7.123046667117619654e+04 2.582791448252891309e-01
3.921534467000947766e-01 5.781810204428475819e-01 6.612458088007920898e-01 4.547304783780158899e-01 2.756003607494119656e-01 2.640460086279272645e-01 3.324505181996910697e-01 1.181170227186784468e+05 1.140309097674738587e+05 7.290700873221129586e+04 4.526596611748921714e+04 5.854725829653505207e+04 6.996010923992912285e+04 3.282904345649667599e-01
3.783872729665451740e-01 5.632405078541815602e-01 5.846391074443365587e-01 3.838815463044354948e-01 1.797275852002556129e-01 3.395784613903946592e-01 3.509701313936025580e-01 1.161231484526529530e+05 1.144566870668608462e+05 8.046446479230123805e+04 6.492761176273226738e+04 6.343513798708128161e+04 7.147506479955110990e+04 2.726899911161529966e-01
3.957524034093586329e-01 4.849069372358881802e-01 3.894122260246247191e-01 5.282268849619703444e-01 2.659617552446306710e-01 6.673466120474664809e-01 3.058137621951436680e-01 1.173247204601316480e+05 1.019370553829977289e+05 7.641849994947493542e+04 4.911068499936073931e+04 4.460075194390466640e+04 7.053003891543434293e+04 4.877677184445239345e-01
4.405429566815330378e-01 6.767359745281495975e-01 4.614494144527436226e-01 6.633169284791230469e-01 8.589654189929274430e-01 6.573353017725734881e-01 5.867895818175066225e-01 1.694854129825840646e+05 1.425513624993189296e+05 7.888622441707603866e+04 1.105289156078211527e+05 7.998606149630034633e+04 8.306691965208094916e+04 4.609102813341549032e-01
2.733540158469338621e-01 4.581732217709881816e-01 2.576813255742111952e-01 4.321533438570274166e-01 1.893713950597837592e-01 3.036094356559072560e-01 4.289539834247668715e-01 1.521450139802796766e+05 1.335046959367980890e+05 7.708008393366141536e+04 8.011623236078434275e+04 3.829683555203701690e+04 7.734123147998221975e+04 3.042371402034205752e-01
4.566092182018355317e-01 6.140818489528389046e-01 4.780176207409487232e-01 4.448830251154384796e-01 2.489419761003241471e-01 2.959349126487356152e-01 4.003094586733729199e-01 1.499128066873139469e+05 1.167158366515586968e+05 8.011093572457766277e+04 5.413182923914099229e+04 5.051280843078884209e+04 7.138668597460149613e+04 3.174306136355430907e-01
3.314251693715617453e-01 5.079970081835376572e-01 3.416927529166059463e-01 3.838762868687484175e-01 2.386154046543164098e-01 2.785756244050164865e-01 3.658065435623102379e-01 1.052252426797641092e+05 1.184840294431855291e+05 7.793640549567782728e+04 7.772929217569119646e+04 5.398401253375691158e+04 7.163448501328210114e+04 3.739791062009931721e-01
3.545022114374958844e-01 5.307168924532438270e-01 4.593511952686382682e-01 4.494859198847918624e-01 2.011605226907198229e-01 2.717442698316743788e-01 3.831025593340919300e-01 1.097568732440551394e+05 1.050392818908384943e+05 7.920645392691629240e+04 5.497171066604892985e+04 6.284868630145772477e+04 6.856471428222554096e+04 2.627435603654772467e-01
3.888084666183671545e-01 5.335573472678131202e-01 4.674688615093998689e-01 4.402042672781616428e-01 1.997286888141172889e-01 2.944528791455938155e-01 4.103409584968185642e-01 1.245392768977251108e+05 1.129018851416322432e+05 7.918779452881996986e+04 7.847954607613627741e+04 5.937132280074418668e+04 6.985674861918370880e+04 4.006259739985016943e-01
3.093405862197072809e-01 5.808159184034633604e-01 3.943562774712747743e-01 4.661960371317012686e-01 2.819668813268415564e-01 3.058686091780267735e-01 3.165705421304322864e-01 1.239867385607455653e+05 1.070892010007294884e+05 7.605424657524072973e+04 3.433651634477285552e+04 3.271186819137170460e+04 6.877010983638332982e+04 2.752692321192753977e-01
2.637323921693213169e-01 4.016186795576176527e-01 3.193092289311828536e-01 3.497460464178904771e-01 1.773501537738672307e-01 2.353566233818968068e-01 2.717028604711960171e-01 1.022400549400076707e+05 9.067484973327962507e+04 7.379996493789301894e+04 7.373638125936329016e+04 6.881434074039448751e+04 6.940826779143699969e+04 3.542013324877446023e-01
2.679445482130284883e-01 5.924163726284998877e-01 5.901354291118476869e-01 4.158901117867114805e-01 2.264314165501069565e-01 1.906196775240917018e-01 3.419896922496943881e-01 1.158263182892595942e+05 1.040280103830236912e+05 7.963359024592314381e+04 2.783788540873641614e+04 5.492520685889625020e+04 7.185248002988121880e+04 3.265482939058715894e-01
3.359200901310361864e-01 5.852348846655321957e-01 5.750579896654509637e-01 4.248474698335747424e-01 2.550269465279592640e-01 2.603328016841867654e-01 3.426500746257258312e-01 1.211337966819869034e+05 1.032724405858157552e+05 7.712953925578828785e+04 6.349367274844051281e+04 4.969287887324182520e+04 6.850218353868387931e+04 3.352726660411959880e-01
3.916461366207183437e-01 4.871083866682524577e-01 2.704655794796780310e-01 4.769349003432080125e-01 2.627589684083689869e-01 2.905310471062149125e-01 3.218686843460120683e-01 1.448528338378731569e+05 1.038433878270358837e+05 8.085994432338942715e+04 3.523977876505484164e+04 2.350115801148533865e+04 7.219292974119658174e+04 2.523885001527459981e-01
3.688111770999956684e-01 5.299333181445767815e-01 3.791101705465756422e-01 4.110006370073691628e-01 2.335030801172147952e-01 2.907193440138964302e-01 3.597499911033373299e-01 1.237840276329454646e+05 1.005186613100361865e+05 7.878214077769976575e+04 6.660901663717170595e+04 5.945964136181009235e+04 6.901613299273968732e+04 3.037036704210724358e-01
3.805281575495720325e-01 4.511844341910346556e-01 3.537658725968626516e-01 4.142772565687418695e-01 1.428750640892639534e-01 3.598502160381604198e-01 4.269871570373729441e-01 1.400992489918733190e+05 9.465296651872349321e+04 7.445104411464103032e+04 4.618070676907323650e+04 3.925865186002659175e+04 7.076304518188531802e+04 3.160594354805911776e-01
2.880303329433488990e-01 5.735085655653248127e-01 5.146357836182844370e-01 3.920355858279799821e-01 2.081568416894357676e-01 2.649577066874109210e-01 2.941509972374966586e-01 1.196061214956373005e+05 1.049088509827913949e+05 7.376121925696381368e+04 5.553261541734966158e+04 6.474937710910446185e+04 7.076028114796258160e+04 2.782841845067343112e-01
3.219919931366079791e-01 5.687594123862109718e-01 4.549213098183871873e-01 3.934133989453320601e-01 2.210108928038830856e-01 2.482250592940725697e-01 4.448343883139341259e-01 1.116784300407261908e+05 1.090602495528406434e+05 7.896658990079056821e+04 3.922652124886107049e+04 7.000748183295648778e+04 7.020400606291170698e+04 3.012965237525736528e-01
3.216769451605492325e-01 6.268619091127797249e-01 7.352679680539968565e-01 3.468049961433392614e-01 1.848364272546781650e-01 2.387477097251801406e-01 2.792676145114348918e-01 1.117928355004172627e+05 9.428323699789663078e+04 7.784620017987955362e+04 4.792206245451144787e+04 4.529275348961463169e+04 6.926626768806486507e+04 2.261638175098595882e-01
3.963223962995945926e-01 5.690294628334732208e-01 3.359648748512883421e-01 5.419657511137778716e-01 2.298510333464041655e-01 3.097749614796290185e-01 3.480784198827368003e-01 1.186434281057487824e+05 9.488085336044637370e+04 7.868629354516518652e+04 4.641599919388799026e+04 6.041029599520567717e+04 7.435158943097338488e+04 3.567879089695314421e-01
3.635492904749079712e-01 6.315874675487193057e-01 7.449438244659919439e-01 3.725132606298716120e-01 2.662616435302929130e-01 2.698681346758459165e-01 2.859944433710779332e-01 1.207362411097133008e+05 1.033539231080542522e+05 7.685881499637269008e+04 4.340917845507908351e+04 4.123043691041573038e+04 6.886630373141873861e+04 2.428386357970402087e-01
5.172846363296370598e-01 5.101280453579026819e-01 6.707074242114734464e-01 3.892239358494923862e-01 2.322625154060329045e-01 3.419007503792836911e-01 3.177085460371553705e-01 1.238161488523560547e+05 1.113660181442767062e+05 7.984753325659460097e+04 6.084349021863703820e+04 8.288446574044933368e+04 6.667240553664314211e+04 1.876002240745341665e-01
3.354498137181283757e-01 7.365703009041203453e-01 6.354613083502620441e-01 5.778733663165459555e-01 1.942802066121124827e-01 2.254722621871750876e-01 3.035787570904484589e-01 1.349854479347001761e+05 1.017550007722128212e+05 7.840703353817363677e+04 4.020617609625896876e+04 3.942024283836244285e+04 7.066040672959735093e+04 3.026603169570638019e-01
3.776799444427708097e-01 5.355293074555667054e-01 6.035708723711900037e-01 4.023626045611141122e-01 1.662100296438611402e-01 2.828639395194062489e-01 2.566046739051906500e-01 1.252472588371587481e+05 9.815569217522074177e+04 8.158789913943695137e+04 4.335988251390343794e+04 3.980068780314381729e+04 7.081001637103903340e+04 4.234029467286108406e-01
3.411877457517259460e-01 5.453709783630543706e-01 4.443024671929862723e-01 4.449051109346187083e-01 2.563805559573593129e-01 2.287762440846055068e-01 2.246248970462997041e-01 1.231560200284943130e+05 1.119889648333680816e+05 7.113658809507566912e+04 6.602486134226963622e+04 6.642332350092877459e+04 7.156521378041297430e+04 3.289279113945005606e-01
3.847802962997413090e-01 5.091685685625011448e-01 4.877146643704466378e-01 5.870723529802266416e-01 2.275427781233808067e-01 2.400073508494099117e-01 2.901808995068819175e-01 1.424179008899157634e+05 1.210304689420669019e+05 7.827647623540765198e+04 8.437118334310196224e+04 4.165642401650692045e+04 6.848733272382791620e+04 2.896109979034477422e-01
3.625398384245724359e-01 5.016326638319980047e-01 5.559545382936772473e-01 3.831035515862909469e-01 2.467304825048602934e-01 2.474336465294087184e-01 3.125201865014756719e-01 1.211174506410154281e+05 1.000354966334316559e+05 8.176612027681857580e+04 6.768076814277814992e+04 6.645544887941562047e+04 7.530408798358717468e+04 2.567823741279423033e-01
3.713462344957522143e-01 5.705007861539944658e-01 4.374240540598259286e-01 5.173664435300460163e-01 2.607150903182541279e-01 2.671561087800620182e-01 3.180365328771738720e-01 1.125007030755045416e+05 1.048774124800498248e+05 7.860522490201464097e+04 6.105248034649116744e+04 7.407586713009905361e+04 7.104141587288159644e+04 3.346132000208082435e-01
3.202918466196560399e-01 5.324020210805260334e-01 4.493066139706076156e-01 4.137028372562356338e-01 1.740208115621056095e-01 2.555245470841404631e-01 3.113023486031148424e-01 1.452069326164356316e+05 1.433174093393585063e+05 7.443664032983242942e+04 5.432264859218909987e+04 5.642549884869762900e+04 7.262253665077387996e+04 2.827794949624721221e-01
3.664294195690397382e-01 5.723737862421238720e-01 4.862673646472307487e-01 4.717958645944316243e-01 2.932838785338157117e-01 2.491687068139422645e-01 3.664674899481675241e-01 1.267298220942579355e+05 1.002161542309911747e+05 7.819538374101731461e+04 4.944653249094549392e+04 3.549759301672058064e+04 7.079590589514664316e+04 3.559799179732474061e-01
3.102893188640750699e-01 5.791711062708596591e-01 5.873783767424077817e-01 4.571102794816457315e-01 2.098282535566154960e-01 3.000859691103766602e-01 2.991784782500287454e-01 1.244466525847483572e+05 1.064601669228048122e+05 7.972078707953059347e+04 7.906368251978981425e+04 5.401820415855244937e+04 7.052124003756353341e+04 3.553454171644501169e-01
3.923147055687558060e-01 5.033605526240382266e-01 6.210703605666765270e-01 4.719232033569218943e-01 2.074008749106424354e-01 2.868067633092298840e-01 3.976556733011499811e-01 1.372837976864656666e+05 9.549974105663457885e+04 7.302635822533917963e+04 6.149811790912644938e+04 5.585837407520696433e+04 7.050363877125874569e+04 2.719275476715136697e-01
3.885107925227337389e-01 5.101260905253361955e-01 5.011139581794502584e-01 3.609209165110003337e-01 2.337072117460213538e-01 2.485186444235644720e-01 3.687890076800856565e-01 1.157545995167953952e+05 9.189194029291228799e+04 7.545190479459446215e+04 5.772578547024937143e+04 6.019828004118055833e+04 6.996132213944244722e+04 3.740492856697098523e-01
4.859452566566564435e-01 4.728411058206066775e-01 3.696799086707801552e-01 5.344352239295452334e-01 2.429739168098656865e-01 2.650510959130296662e-01 2.440870018234940764e-01 1.509620303455829562e+05 1.145245751981040521e+05 7.981423960523295682e+04 5.298702727372167283e+04 6.258461038152674882e+04 6.462601883056126826e+04 3.856581832984566915e-01
3.366093970945262526e-01 5.352126145620180742e-01 4.866669163058472414e-01 5.085406332943669394e-01 2.637316760201200982e-01 2.638899866797624338e-01 3.502565964157337564e-01 1.570886979832751094e+05 9.197162196608264640e+04 7.324965525397483725e+04 8.237451925004184886e+04 6.586040001852842397e+04 6.967824206772288017e+04 4.135442272682622322e-01
2.874113579878883606e-01 5.158972823340975955e-01 4.067545126682594048e-01 4.807689483920782325e-01 1.879451598539245705e-01 2.991981465640762283e-01 3.800519786755802709e-01 1.424715578166397754e+05 9.472256234021217097e+04 7.853686875812996004e+04 8.120179572965987609e+04 4.911780707442000858e+04 7.257753232012724038e+04 3.489070307412261984e-01
