3.000000000000000000e+00
9.000000000000000000e+00
1.200000000000000000e+01
2.000000000000000000e+01
2.200000000000000000e+01
2.300000000000000000e+01
3.600000000000000000e+01
4.300000000000000000e+01
5.300000000000000000e+01
6.900000000000000000e+01
7.200000000000000000e+01
7.400000000000000000e+01
7.500000000000000000e+01
8.300000000000000000e+01
9.500000000000000000e+01
9.800000000000000000e+01
1.060000000000000000e+02
1.200000000000000000e+02
1.410000000000000000e+02
1.480000000000000000e+02
1.500000000000000000e+02
1.590000000000000000e+02
1.610000000000000000e+02
1.620000000000000000e+02
1.720000000000000000e+02
1.740000000000000000e+02
1.870000000000000000e+02
1.980000000000000000e+02
1.990000000000000000e+02
2.000000000000000000e+02
2.100000000000000000e+02
2.150000000000000000e+02
2.270000000000000000e+02
