4.481625609725013448e-01 6.090242790363972203e-01 4.913388775704076727e-01 3.069713038247523507e-01 2.497563702481873371e-01 3.063162330902880481e-01 6.674006771983629349e-01 1.122183656441562489e+05 9.849648282103944803e+04 7.538149932346782589e+04 3.356360829917844967e+04 2.268431865692662197e-01
3.263306068665879911e-01 5.484699372159272945e-01 3.241160250401263210e-01 4.688670677628126726e-01 2.440537417231021800e-01 4.001511521269634497e-01 3.875568162017155038e-01 1.154409742891774513e+05 9.280233920215004764e+04 7.740878873828887299e+04 5.254102418973366730e+04 2.710473027243269772e-01
3.217396481109089934e-01 6.042474374227883027e-01 5.481448587420124641e-01 3.707751108262071216e-01 2.704644362784096034e-01 4.044629413831036246e-01 3.225862041879509756e-01 1.369114112991814327e+05 1.105098783775343181e+05 8.093473496842334862e+04 5.557687458028626861e+04 2.964244989308440492e-01
3.950414821901361284e-01 5.502887924192598756e-01 4.089990817894576525e-01 4.262335987647302704e-01 2.860138967600899806e-01 3.366215961656988109e-01 3.606335902057420384e-01 1.187002515446743055e+05 1.097914654449277004e+05 8.054340516414737795e+04 5.944898467413061007e+04 2.430995424894350776e-01
2.803462469591481709e-01 6.025291016491587381e-01 1.459110796026802381e-01 6.766884759175327835e-01 2.559523204891941961e-01 3.220444307017284458e-01 2.928694513296683510e-01 1.292057117819534469e+05 1.096478179440033564e+05 7.722559829286060994e+04 4.243310881067660375e+04 2.591735432753703439e-01
3.041646101851861461e-01 5.164614149927634346e-01 2.797700130826412668e-01 3.815014423891669448e-01 2.866597625872607247e-01 3.138217902695066841e-01 3.579060089504677022e-01 1.250429271509672544e+05 9.484112713646287739e+04 7.806493825783068314e+04 5.262720608321787586e+04 3.460130318400297389e-01
3.816238232296795818e-01 5.169408217091239210e-01 2.368882230320490390e-01 4.565188846934529199e-01 2.316631294144707587e-01 3.433289367548051918e-01 4.530550939306985381e-01 1.147789359973377432e+05 1.156757679068777943e+05 7.568472996734030312e+04 4.636224720060946129e+04 3.221790960506641932e-01
2.299573326061712664e-01 4.758729273782489333e-01 2.181270314572837099e-01 4.549807264656789974e-01 2.281002005001564747e-01 3.663464452481701716e-01 3.747421158587037615e-01 1.177861228194270516e+05 9.455658662435019505e+04 7.962137300522709847e+04 4.984472265264789894e+04 3.361053635381251459e-01
2.773225619243470663e-01 5.971862419285419721e-01 1.461349857569717303e-01 6.705442896674859155e-01 2.599342993467139151e-01 3.234310544729923631e-01 2.993887008362330904e-01 1.291219009313591523e+05 1.018617794192960864e+05 8.310435948916415509e+04 4.279272462919259124e+04 2.631430271136611099e-01
3.845952173622216308e-01 5.450128633835802372e-01 3.059717109811128100e-01 4.630953621826917055e-01 2.636399399907347063e-01 3.758613597258868011e-01 3.081191496185234358e-01 1.308092434050750744e+05 9.108678358627177658e+04 8.001202448835269024e+04 5.765890802456471283e+04 3.203812714975476927e-01
4.370615158671274370e-01 4.799148864926048308e-01 2.607545529081297109e-01 5.132898896145993151e-01 2.442751731308309693e-01 3.618882085067229859e-01 4.178528811534536480e-01 1.044686369738401845e+05 1.095322319142885099e+05 7.703711361717943510e+04 4.175626444396599982e+04 3.196628743079100166e-01
4.228615405297128649e-01 5.290029410186035674e-01 4.757390118269606005e-01 4.085107968767280329e-01 2.548490903903177229e-01 3.393264655247495432e-01 4.114646606391547112e-01 1.594386259395909437e+05 8.952865815102896886e+04 7.576156271515293338e+04 5.550415201078900282e+04 2.919077366620762004e-01
2.672660043697892562e-01 6.013210971686935302e-01 6.200390212217831154e-01 3.578647326530823847e-01 2.580631070370826841e-01 4.034426848239723307e-01 3.076251480786211800e-01 1.223884622662545735e+05 1.054387912182203436e+05 7.605821376064716605e+04 3.560282633331338729e+04 2.763070593601167357e-01
2.867660725611623218e-01 5.245733589592039836e-01 2.374967086264347937e-01 3.876592300843815231e-01 2.532213329233580779e-01 3.086992816819810193e-01 3.488642558775180147e-01 1.227837547215399391e+05 1.048777289994232415e+05 8.005614363398337446e+04 7.336559484579645505e+04 3.386600912396283136e-01
3.418319958392563307e-01 6.065801434207095388e-01 8.770403192905597278e-02 7.105195762044118624e-01 3.149289048780151146e-01 6.412559914198142641e-01 3.304641817200195675e-01 1.293404128471727890e+05 1.081183970331769378e+05 7.914883244123244367e+04 5.033499331773570157e+04 3.074555588154809227e-01
3.166187200911048660e-01 5.189014272303341668e-01 3.390799849561381696e-01 4.483541815053844193e-01 2.615305588193927999e-01 3.272337433155140252e-01 3.156137119031043881e-01 1.382693513490184268e+05 9.884469045988417929e+04 7.839710054593252426e+04 5.559604384179420595e+04 3.514760144477584447e-01
2.818428086783593689e-01 6.017369322695325096e-01 5.341594647631292547e-01 3.404786847332124666e-01 2.543740628737573561e-01 3.585541560936470473e-01 2.948906289427032368e-01 1.307073389526960964e+05 1.099950917693922675e+05 7.785513285877661838e+04 4.297740322974350420e+04 2.615768200544373312e-01
4.135105478733134832e-01 5.054813390492889358e-01 1.870213319403769558e-01 3.269589903158185984e-01 1.809176102667989505e-01 3.475061097217222450e-01 2.024666832661301541e-01 1.218878703725375963e+05 1.045593076174928283e+05 8.216811887220664357e+04 6.176791090568457730e+04 2.880527866130003778e-01
3.252510531131083682e-01 4.591288691216031115e-01 2.097530089224753924e-01 4.562670291149234503e-01 1.147276697757193265e-01 1.832575629850350940e-01 3.180245443650528414e-01 1.481982568439277529e+05 1.283187924924553517e+05 7.407528265482374991e+04 3.535990803889439121e+04 3.162460556998464289e-01
3.812509256706178018e-01 5.284292377671928609e-01 3.903094517196151192e-01 5.545868489474790053e-01 2.213775827535776619e-01 3.719462741631248681e-01 4.349983520009269022e-01 1.396935106303688663e+05 1.015729117189498938e+05 8.049457929885888007e+04 4.979754482492541138e+04 3.346900580395696934e-01
2.907700838901709495e-01 5.965440905147467721e-01 5.395162678539019430e-01 2.511257334840509836e-01 2.446618985872546781e-01 3.389685722772581844e-01 2.905882290707710869e-01 1.238142106358426681e+05 1.003896141567165905e+05 8.095821057028399082e+04 3.884712115160805115e+04 2.536635526008317876e-01
2.441920105621998016e-01 4.812632446847676104e-01 3.695697394039777484e-01 4.892593485686246302e-01 2.783902110185214052e-01 3.726275615155156817e-01 4.212175425398441142e-01 1.463754810915678681e+05 8.661726291502811364e+04 7.964912225386373757e+04 5.494014481504973810e+04 3.578696985011001752e-01
4.539452689803884500e-01 5.281597446965411446e-01 3.319779036143619133e-01 4.246709522211280508e-01 2.503754346415549836e-01 3.774444838679918424e-01 3.778951642495803065e-01 1.708148641585500154e+05 1.059310203229467734e+05 7.514727177992791985e+04 5.634980336222731421e+04 3.461462227787570622e-01
3.501527549132872896e-01 6.075671971812967032e-01 5.277373786320559423e-01 3.798469685347143909e-01 3.719774246171542176e-01 6.422033502996348231e-01 6.211225683680003939e-01 1.400086843152820366e+05 1.152634158497270982e+05 7.971670212826537318e+04 4.874897848695189896e+04 2.795272601329527040e-01
3.756137567947597233e-01 5.711361413337417980e-01 4.230046760918167448e-01 4.158910864279933839e-01 2.761734574919096352e-01 3.455896414818082629e-01 3.527973153956556196e-01 1.350855736947948462e+05 1.113614727811649500e+05 7.949029027950977616e+04 4.199559894590642944e+04 3.020281002329252007e-01
5.993543926974053138e-01 5.966962074944781591e-01 1.989253127927229636e-01 6.286334846968995027e-01 7.046316149209184143e-01 3.706997000498015726e-01 5.638143680657082824e-01 1.261006919188692846e+05 1.068809623561878689e+05 7.736172397082528914e+04 4.358899023135688913e+04 2.568809247918272254e-01
3.585319556008708664e-01 5.029213163909669326e-01 2.643062386731914182e-01 4.230539208060719591e-01 2.992187394204603446e-01 3.404063065196767934e-01 3.263443415990128216e-01 1.516561876604513964e+05 1.045549928046118148e+05 8.083907497456466081e+04 5.773807240575938340e+04 3.594956412212364505e-01
3.471850370657362239e-01 5.142889078958059468e-01 3.614610354739838383e-01 4.275797666827896304e-01 2.632026074874565524e-01 3.689368649291132618e-01 3.289749695506275495e-01 1.455960838530767360e+05 1.074513968406277709e+05 8.139791033639747184e+04 5.596390693568667484e+04 3.201148617936364627e-01
2.804585926837731003e-01 5.731697563809099449e-01 5.043079896104889492e-01 3.336884399218805197e-01 2.238067223088388569e-01 2.541550724464002320e-01 2.906045158445889065e-01 1.514415449023249384e+05 1.305327165037469385e+05 7.598543117821952910e+04 3.004693060977416462e+04 2.589665224959701306e-01
2.791162868794830332e-01 6.120549829309556156e-01 1.279363841327841311e-01 4.031200481727439944e-01 2.476724335270247546e-01 3.211034394805045711e-01 2.944342296578721929e-01 1.331142070359022182e+05 1.128198559947206086e+05 7.732001583574734104e+04 4.360031819443019049e+04 2.630185639190670832e-01
4.338087845419220101e-01 5.301123920440499182e-01 2.181214831153683031e-01 5.256786166417130035e-01 3.059394434707417565e-01 3.171331754299167027e-01 3.052614651710896521e-01 1.216069106085154053e+05 8.919457849592244020e+04 8.175276132998660614e+04 5.281691349059081404e+04 3.468911368691703911e-01
4.103643646760772312e-01 5.728502718626387047e-01 3.997449725629709238e-01 3.909893959354701631e-01 2.522644669343150348e-01 3.874683128246272368e-01 3.762255805699443734e-01 1.063204287952301675e+05 1.072324041121875052e+05 7.913264522778509127e+04 6.760692559963396343e+04 2.576413576844204800e-01
2.719515636619126986e-01 6.098227614311449996e-01 5.486788311366073145e-01 3.348457587528947954e-01 2.325529708131107154e-01 3.142550212350670447e-01 2.850079600685256898e-01 1.224094124900387251e+05 1.038824753414704319e+05 7.719428539267266751e+04 3.762620459033217048e+04 2.468500238396724167e-01
3.516690864440103481e-01 6.035845490259673651e-01 1.948057235453679314e-01 4.118697272470832615e-01 2.954430887485344770e-01 3.273890922836119599e-01 3.623226392476892044e-01 1.314649032193990715e+05 1.039180403441027738e+05 8.282497133368118375e+04 6.234919415055558056e+04 3.551930511862673723e-01
4.003356397360899877e-01 5.273689496285856038e-01 3.401484769491000537e-01 4.094956414826675384e-01 2.705475813359496384e-01 3.499559107623365084e-01 3.040479864247753183e-01 1.288407097261728923e+05 1.035736927661135560e+05 7.840745343846562901e+04 5.372886436262437928e+04 3.136558686664001061e-01
4.174371722270828200e-01 4.802161769840128658e-01 2.471221195763415035e-01 4.695258562649839984e-01 2.608987711030000267e-01 3.577090967290951773e-01 3.615657284942617733e-01 1.145737479988541018e+05 1.361721691236544284e+05 8.106490371192038583e+04 5.529490209683329158e+04 3.331959071868622613e-01
3.534690406605622837e-01 5.196001176739276639e-01 3.267963222054326433e-01 5.084845875963037720e-01 2.393975708224008181e-01 3.252620891633667966e-01 2.472237528370355986e-01 1.756378299701662327e+05 1.078285532495114749e+05 7.567840644023318600e+04 4.866030428529570054e+04 3.245789822384129719e-01
3.107357607301305946e-01 5.574182777592047167e-01 3.621380830074522605e-01 3.093793338633046841e-01 2.410877660811716061e-01 3.756758218735851140e-01 4.026462133035454416e-01 1.321947575614191883e+05 1.103508331558758509e+05 8.008779123719152994e+04 2.994335587888229929e+04 2.546591276084751998e-01
3.533321231235979631e-01 5.240340624257839863e-01 2.931889867659044913e-01 3.771117251659564795e-01 2.454219231560606507e-01 3.379054149695459586e-01 3.455205784166034966e-01 1.512713757042546931e+05 1.113434685078037728e+05 8.095736575870822708e+04 6.409029218229538674e+04 3.393796757907412420e-01
4.150697846361414145e-01 5.083772989426615929e-01 3.528598323488962851e-01 4.400795588653397261e-01 2.506598994486846643e-01 3.875620248271672841e-01 4.220614220755471435e-01 9.887915246745618060e+04 1.036485245098882588e+05 7.881612554407161952e+04 4.567724470497604489e+04 2.707573211609261565e-01
5.002605836048282795e-01 5.991529878175628765e-01 4.950345025973508228e-01 3.482444888762887825e-01 7.929301644394501913e-01 4.654727602369319595e-01 6.851931357999929695e-01 1.316292005334284331e+05 1.114110930910019088e+05 7.747338079687807476e+04 4.532019192020709306e+04 2.724338017995063810e-01
