3.260395950705824442e-01 5.016619756008324771e-01 3.159469346705152670e-01 4.579698234204049867e-01 2.557615790799122046e-01 3.420250102320203101e-01 3.284226545292823207e-01 1.247354275376004371e+05 1.022654996312583098e+05 7.885249479783888091e+04 6.287255525449617562e+04 4.276238644940328903e-01
4.480412385271138609e-01 6.033073279212817219e-01 5.402774024855265811e-01 3.537934100971565354e-01 2.552233586186102854e-01 3.671912747337920946e-01 3.476822955894267597e-01 1.312313966874822800e+05 1.055017378788478818e+05 8.153275775238384085e+04 4.836064049107398750e+04 4.056746569293448457e-01
9.742149168346196930e-01 -4.237454485914202151e-01 8.606477087510521207e-01 9.594033316843684212e-01 6.482684406349534800e-01 4.189227372965733109e-01 8.317924880035159063e-01 1.497989566783851478e+05 1.191665591092243558e+05 8.144358230797645228e+04 7.696067966423732287e+04 1.274098836867258444e-01
3.496102945446055710e-01 4.926636443487957262e-01 3.235425679487179407e-01 4.543284545334108637e-01 2.844570465702135342e-01 3.710045081531757050e-01 3.156203852917607300e-01 1.024027199660554179e+05 1.068322289161806548e+05 7.956569266379051260e+04 4.952559372058424196e+04 4.173398552643950432e-01
4.481625609725013448e-01 6.090242790363972203e-01 4.913388775704076727e-01 3.069713038247523507e-01 2.497563702481873371e-01 3.063162330902880481e-01 6.674006771983629349e-01 1.122183656441562489e+05 9.849648282103944803e+04 7.538149932346782589e+04 3.356360829917844967e+04 2.268431865692662197e-01
3.035762257876106762e-01 5.777708095179856507e-01 2.751166384096183082e-01 4.521238822333442653e-01 2.164199914774362077e-01 3.274925681155121393e-01 3.356995224816530232e-01 1.468483692178897327e+05 1.132128521492696309e+05 8.134949995153208147e+04 7.718433215669640049e+04 3.861288472643906733e-01
3.263306068665879911e-01 5.484699372159272945e-01 3.241160250401263210e-01 4.688670677628126726e-01 2.440537417231021800e-01 4.001511521269634497e-01 3.875568162017155038e-01 1.154409742891774513e+05 9.280233920215004764e+04 7.740878873828887299e+04 5.254102418973366730e+04 2.710473027243269772e-01
3.217396481109089934e-01 6.042474374227883027e-01 5.481448587420124641e-01 3.707751108262071216e-01 2.704644362784096034e-01 4.044629413831036246e-01 3.225862041879509756e-01 1.369114112991814327e+05 1.105098783775343181e+05 8.093473496842334862e+04 5.557687458028626861e+04 2.964244989308440492e-01
9.352748202005648492e-01 -3.984047027896715498e-01 7.165452784396856289e-01 9.337320162348062835e-01 -2.738045443030300286e-01 4.777281211424125318e-01 7.353414409026142184e-01 1.438043808253911557e+05 1.092475668739714602e+05 8.383245179378763714e+04 1.184054207814518595e+05 3.405976612481304566e-01
4.578334112468504524e-01 4.445422658220538059e-01 3.317044415710503902e-01 3.589424796629077652e-01 2.300803069643036491e-01 3.233452325250092962e-01 4.270229992508058903e-01 1.072127775851597253e+05 1.181367952872543538e+05 7.237288192899075511e+04 5.250611794757117605e+04 4.316000899480611497e-01
3.375687353033379745e-01 4.211893593853403006e-01 3.643569907072500280e-01 4.255021822247412322e-01 2.671356935922420406e-01 3.831603350877418879e-01 3.508975200730940491e-01 1.429312199988015636e+05 1.396237957880049071e+05 7.590514478041543043e+04 7.095902285730274161e+04 3.434556983883447767e-01
2.625824422020575089e-01 4.152071640369253691e-01 4.114759821798206207e-01 3.674459857394106743e-01 2.764655809440394463e-01 3.305321420640546237e-01 3.866047775418970378e-01 1.221443514303899865e+05 1.174479478444696579e+05 7.829627331379764655e+04 4.180777143532934861e+04 3.146026840900921773e-01
3.950414821901361284e-01 5.502887924192598756e-01 4.089990817894576525e-01 4.262335987647302704e-01 2.860138967600899806e-01 3.366215961656988109e-01 3.606335902057420384e-01 1.187002515446743055e+05 1.097914654449277004e+05 8.054340516414737795e+04 5.944898467413061007e+04 2.430995424894350776e-01
3.353975453671848572e-01 4.970462319354665981e-01 2.553121306319013906e-01 4.651231787827512787e-01 2.987837877569001210e-01 3.696187077686590716e-01 2.621409889593037112e-01 1.229711686346708739e+05 1.168924672244732647e+05 8.211532988783952896e+04 4.747823398969850678e+04 5.151395905403162168e-01
2.803462469591481709e-01 6.025291016491587381e-01 1.459110796026802381e-01 6.766884759175327835e-01 2.559523204891941961e-01 3.220444307017284458e-01 2.928694513296683510e-01 1.292057117819534469e+05 1.096478179440033564e+05 7.722559829286060994e+04 4.243310881067660375e+04 2.591735432753703439e-01
4.895160415838709089e-01 6.036011215814567343e-01 1.589443056841502444e-01 6.788593608995762141e-01 2.730907474422239467e-01 3.490365414990598270e-01 3.355339783843082069e-01 1.339702504475304449e+05 1.084871214917733741e+05 8.093279520101872913e+04 5.144325698623659991e+04 3.849252769905559535e-01
3.041646101851861461e-01 5.164614149927634346e-01 2.797700130826412668e-01 3.815014423891669448e-01 2.866597625872607247e-01 3.138217902695066841e-01 3.579060089504677022e-01 1.250429271509672544e+05 9.484112713646287739e+04 7.806493825783068314e+04 5.262720608321787586e+04 3.460130318400297389e-01
3.248960931086493087e-01 4.065806659383000565e-01 4.942637896956934007e-01 2.945897914718064725e-01 3.034699243913124289e-01 2.788930206203478757e-01 2.942047106160362580e-01 1.565024259252389311e+05 8.773886969368865539e+04 7.976149123411030450e+04 7.789070412755926372e+04 4.275177105363356933e-01
3.816238232296795818e-01 5.169408217091239210e-01 2.368882230320490390e-01 4.565188846934529199e-01 2.316631294144707587e-01 3.433289367548051918e-01 4.530550939306985381e-01 1.147789359973377432e+05 1.156757679068777943e+05 7.568472996734030312e+04 4.636224720060946129e+04 3.221790960506641932e-01
3.666752416692666272e-01 4.822117157629767226e-01 2.679376951422579589e-01 4.138960551445998726e-01 2.537939999557602411e-01 3.981057911727235998e-01 3.858482569352896796e-01 1.380742258673779434e+05 1.021673989255063643e+05 7.652336185345926788e+04 6.379781596120298491e+04 3.427156884317095198e-01
2.299573326061712664e-01 4.758729273782489333e-01 2.181270314572837099e-01 4.549807264656789974e-01 2.281002005001564747e-01 3.663464452481701716e-01 3.747421158587037615e-01 1.177861228194270516e+05 9.455658662435019505e+04 7.962137300522709847e+04 4.984472265264789894e+04 3.361053635381251459e-01
4.678091297525209802e-01 1.982501253650607587e-01 2.504707960639895314e-01 3.900390754145464656e-01 2.540161468921354748e-01 3.430349938209586447e-01 3.535741958161675580e-01 1.195488734992122627e+05 9.767469219116662862e+04 8.021238192367865122e+04 9.956496623801319220e+04 6.330826805626064147e-01
2.773225619243470663e-01 5.971862419285419721e-01 1.461349857569717303e-01 6.705442896674859155e-01 2.599342993467139151e-01 3.234310544729923631e-01 2.993887008362330904e-01 1.291219009313591523e+05 1.018617794192960864e+05 8.310435948916415509e+04 4.279272462919259124e+04 2.631430271136611099e-01
4.002856526874498666e-01 4.132447487456010760e-01 2.855282880159006886e-01 4.700983477239593089e-01 2.294119928485366666e-01 3.661561240907437176e-01 4.089557929432238725e-01 1.636193742924168473e+05 9.849326615379653231e+04 8.434496247096105071e+04 6.688236963772372110e+04 3.110775740245302345e-01
3.845952173622216308e-01 5.450128633835802372e-01 3.059717109811128100e-01 4.630953621826917055e-01 2.636399399907347063e-01 3.758613597258868011e-01 3.081191496185234358e-01 1.308092434050750744e+05 9.108678358627177658e+04 8.001202448835269024e+04 5.765890802456471283e+04 3.203812714975476927e-01
4.370615158671274370e-01 4.799148864926048308e-01 2.607545529081297109e-01 5.132898896145993151e-01 2.442751731308309693e-01 3.618882085067229859e-01 4.178528811534536480e-01 1.044686369738401845e+05 1.095322319142885099e+05 7.703711361717943510e+04 4.175626444396599982e+04 3.196628743079100166e-01
3.943592508621012183e-01 4.707683317392566402e-01 3.098152927671682932e-01 3.991552167344782909e-01 3.036611085130447862e-01 3.460764679815276912e-01 3.374444112430114995e-01 1.640707012968816562e+05 1.013287099116454629e+05 8.016886766231297224e+04 6.508896190254236717e+04 3.072468504305139181e-01
3.114540459472461831e-01 2.595623498041729760e-01 1.383106586576086927e-01 3.277088807365817757e-01 2.289830156460994359e-01 3.332344755374390122e-01 3.013732263816855661e-01 1.310959521785363322e+05 1.103862228067351389e+05 7.780292803427408217e+04 4.555671646487053658e+04 2.674329528085500063e-01
4.228615405297128649e-01 5.290029410186035674e-01 4.757390118269606005e-01 4.085107968767280329e-01 2.548490903903177229e-01 3.393264655247495432e-01 4.114646606391547112e-01 1.594386259395909437e+05 8.952865815102896886e+04 7.576156271515293338e+04 5.550415201078900282e+04 2.919077366620762004e-01
2.672660043697892562e-01 6.013210971686935302e-01 6.200390212217831154e-01 3.578647326530823847e-01 2.580631070370826841e-01 4.034426848239723307e-01 3.076251480786211800e-01 1.223884622662545735e+05 1.054387912182203436e+05 7.605821376064716605e+04 3.560282633331338729e+04 2.763070593601167357e-01
3.745894422132588497e-01 4.768761944544849252e-01 3.036758063174265221e-01 4.156869487818926068e-01 2.716017790835976720e-01 3.000561618028727562e-01 2.795483954321206777e-01 1.456362129713157192e+05 9.101865966034350276e+04 7.952324878973567684e+04 6.655862682851371937e+04 3.524546336091077814e-01
3.084856432159242545e-01 4.514894644063318085e-01 3.505873565770507572e-01 3.608347386916189725e-01 2.225504918418707567e-01 3.180492527799244629e-01 3.508456670381879250e-01 1.397403923170310154e+05 1.155031743117603037e+05 8.200045669955908670e+04 7.002450669219977863e+04 3.318969889032455933e-01
3.013299459909410949e-01 4.193163092295458250e-01 3.118696320487339690e-01 4.302812955614825907e-01 2.347260613641952987e-01 3.539146005366233805e-01 3.554345643925767573e-01 1.388232979998958763e+05 9.914735930368285335e+04 7.586964702733093873e+04 7.326356309617937950e+04 4.152725464939270861e-01
3.098346972303271385e-01 4.368076666009420572e-01 2.812462527600498308e-01 3.930579656193355920e-01 2.572826313399249054e-01 3.753158189980150827e-01 3.676451662325794789e-01 1.478098343726410531e+05 9.588012463551360997e+04 7.956288796359278786e+04 5.630752437883490347e+04 3.911243835745688568e-01
3.084304498494965241e-01 4.445254445756077755e-01 5.848365328117502426e-02 4.509534271389435411e-01 2.651806553256617627e-01 3.937226566237931324e-01 3.669006602414329188e-01 1.399629710599727987e+05 9.343700350851261464e+04 7.987360659234250488e+04 6.136222912886704580e+04 4.294848374369379385e-01
2.792212433115702774e-01 5.411814890329540439e-01 1.427609585443820606e-01 7.380396892612391957e-01 2.514350039173226525e-01 4.483283002214739632e-01 1.742216889631581778e-01 1.462387545854666387e+05 9.003762334669553093e+04 8.320951553105378116e+04 -1.812066664870484237e+04 3.742683562636121009e-01
2.643670015209883539e-01 4.556957593992775890e-01 3.324177653932816612e-01 3.310766432297260198e-01 2.862146007952584559e-01 3.226229772556467035e-01 3.909589616176258886e-01 1.446117405596926692e+05 1.049066895193804667e+05 7.852962600837090577e+04 7.054510481209139107e+04 4.067032918300953481e-01
2.867660725611623218e-01 5.245733589592039836e-01 2.374967086264347937e-01 3.876592300843815231e-01 2.532213329233580779e-01 3.086992816819810193e-01 3.488642558775180147e-01 1.227837547215399391e+05 1.048777289994232415e+05 8.005614363398337446e+04 7.336559484579645505e+04 3.386600912396283136e-01
2.705864590149439364e-01 5.298454672296906143e-01 8.200002748535224761e-02 4.602152940846997442e-01 2.361068473727971628e-01 3.436922187103157444e-01 3.398695182917600977e-01 1.479662655608325149e+05 1.191101766603429278e+05 8.260978734940112918e+04 9.193827641677940846e+04 4.350545309373845537e-01
3.703553527623284491e-01 5.017799395623367964e-01 2.005569846817722157e-01 3.329247523603477421e-01 2.477128696126257579e-01 3.502035534538599504e-01 3.143158490123967308e-01 1.552402062454090919e+05 1.049862026493172161e+05 8.026251954910576751e+04 7.125076309326088813e+04 3.057571967386910616e-01
3.418319958392563307e-01 6.065801434207095388e-01 8.770403192905597278e-02 7.105195762044118624e-01 3.149289048780151146e-01 6.412559914198142641e-01 3.304641817200195675e-01 1.293404128471727890e+05 1.081183970331769378e+05 7.914883244123244367e+04 5.033499331773570157e+04 3.074555588154809227e-01
3.166187200911048660e-01 5.189014272303341668e-01 3.390799849561381696e-01 4.483541815053844193e-01 2.615305588193927999e-01 3.272337433155140252e-01 3.156137119031043881e-01 1.382693513490184268e+05 9.884469045988417929e+04 7.839710054593252426e+04 5.559604384179420595e+04 3.514760144477584447e-01
2.818428086783593689e-01 6.017369322695325096e-01 5.341594647631292547e-01 3.404786847332124666e-01 2.543740628737573561e-01 3.585541560936470473e-01 2.948906289427032368e-01 1.307073389526960964e+05 1.099950917693922675e+05 7.785513285877661838e+04 4.297740322974350420e+04 2.615768200544373312e-01
2.698650261582404286e-01 4.404239356607094757e-01 3.103195362178572392e-01 6.041282084057655322e-01 2.485239698444940970e-01 3.484973543889074432e-01 3.005858951858668693e-01 1.241999736243060615e+05 9.892259043718872999e+04 8.077789121145759418e+04 4.383487818783052353e+04 4.633993568023554999e-01
5.389750449041419422e-01 3.210018122396359752e-01 2.596475644574298136e-01 2.663656096316158739e-01 2.803859336821231674e-01 4.244777852818821806e-01 5.675797590581259655e-01 1.516514792214759509e+05 1.189697158691984660e+05 8.335633153864553606e+04 9.413297265837427403e+04 3.455323309968785783e-01
5.032132452569587633e-01 3.903599617491789742e-01 3.426768519064374852e-01 5.740941024418059202e-01 2.739456647510081777e-01 2.737833800096160508e-01 4.170504032951717344e-01 9.265399280389682099e+04 9.586279470651483280e+04 8.259191705514288333e+04 7.142751736820374208e+04 4.081518186617614230e-01
4.033986417137327418e-01 2.423875787991127961e-01 1.420090745496369322e-01 2.649066780066391957e-01 1.994618937821516225e-01 3.068055755744391044e-01 2.784644681386467258e-01 1.125870094621335884e+05 9.083605882662207296e+04 8.135200643236744509e+04 3.812316280350350280e+04 2.567755498464383557e-01
3.164257754431469283e-01 5.028102815558801453e-01 3.669032237036720101e-01 3.960235923089772681e-01 2.443231630561774892e-01 3.437535730416723667e-01 3.230998267349975972e-01 1.295675632788242656e+05 1.170235849846433412e+05 8.035485226754262112e+04 5.134162669234201167e+04 3.768408017953023270e-01
4.445038180595131672e-01 4.087268836954439655e-01 3.239245253294651961e-01 4.738126079285804870e-01 2.560995632039956282e-01 2.983468906481571148e-01 3.816742405579969799e-01 1.437901725551778218e+05 1.217361212181086885e+05 8.274735374172635784e+04 5.353261511595330376e+04 3.135856208683249768e-01
4.135105478733134832e-01 5.054813390492889358e-01 1.870213319403769558e-01 3.269589903158185984e-01 1.809176102667989505e-01 3.475061097217222450e-01 2.024666832661301541e-01 1.218878703725375963e+05 1.045593076174928283e+05 8.216811887220664357e+04 6.176791090568457730e+04 2.880527866130003778e-01
4.007495870221341461e-01 5.512978750109573944e-01 3.422126886035471993e-01 4.362492551351980774e-01 2.704742633538885777e-01 3.986221453897736966e-01 3.345807173104315413e-01 1.158646344438936358e+05 1.190037375453010027e+05 8.035104229507109267e+04 8.951842348933492030e+04 4.191877559128963093e-01
3.506978549852159954e-01 4.125889272937285357e-01 5.377302695054886339e-01 3.372570023513057902e-01 2.575115308812108150e-01 3.477781124920363842e-01 3.307643815112719654e-01 1.325104744427132828e+05 8.084399425827637606e+04 7.546591021012001147e+04 5.293289343794877641e+04 3.966413396827326299e-01
2.942948228150513712e-01 4.348193944473027761e-01 4.089057037433634911e-01 4.532047477526309209e-01 2.256209073444443991e-01 3.379145948758866536e-01 3.481478745700505306e-01 1.365088215648917248e+05 1.189650021691533912e+05 7.282280159907609050e+04 5.926155398555867578e+04 3.096814952551847910e-01
3.854592283648715090e-01 6.824905013792029740e-01 2.501941535460642796e-01 3.870525882210046342e-01 2.525207402058445294e-01 3.320676663664927641e-01 3.795070812910437685e-01 1.006546199788668164e+05 1.054844027605381852e+05 8.218854101254150737e+04 7.633219294242403703e+04 3.571858852308462118e-01
3.252510531131083682e-01 4.591288691216031115e-01 2.097530089224753924e-01 4.562670291149234503e-01 1.147276697757193265e-01 1.832575629850350940e-01 3.180245443650528414e-01 1.481982568439277529e+05 1.283187924924553517e+05 7.407528265482374991e+04 3.535990803889439121e+04 3.162460556998464289e-01
3.812509256706178018e-01 5.284292377671928609e-01 3.903094517196151192e-01 5.545868489474790053e-01 2.213775827535776619e-01 3.719462741631248681e-01 4.349983520009269022e-01 1.396935106303688663e+05 1.015729117189498938e+05 8.049457929885888007e+04 4.979754482492541138e+04 3.346900580395696934e-01
4.001026450381434119e-01 5.015876215905167301e-01 3.544148564572218163e-01 4.468390739923975841e-01 2.700624437816059875e-01 3.297138195745098477e-01 3.267505231787242170e-01 1.206302546887199569e+05 8.929213615336301154e+04 7.914177875012421282e+04 4.784301619481210946e+04 3.912642678365107485e-01
3.332818809377188773e-01 4.713196100820579160e-01 3.423574439954923943e-01 4.446689804028891579e-01 2.397997320716993286e-01 3.724246009457534146e-01 2.561709996332167671e-01 1.069460533602224896e+05 1.121506423313159466e+05 8.213120276386851037e+04 6.900361279321220354e+04 3.540312672913262793e-01
2.980474998863911762e-01 4.210165937788456492e-01 3.386028257873301417e-01 4.415611332977555925e-01 2.747783359483272347e-01 3.410992829652096936e-01 3.807015050871830897e-01 1.419594519606907852e+05 1.142256183243239793e+05 8.195022762193498784e+04 8.296939137948708958e+04 3.642344873869878819e-01
3.022350243346478282e-01 4.931508791861367036e-01 1.823007680947363318e-01 5.318896940836238540e-01 2.377104879267329107e-01 3.277388584803142546e-01 2.531157561639931219e-01 1.212991088359558926e+05 9.905940738894250535e+04 8.213840107837197138e+04 4.447630715550203604e+04 3.633466603319117638e-01
2.907700838901709495e-01 5.965440905147467721e-01 5.395162678539019430e-01 2.511257334840509836e-01 2.446618985872546781e-01 3.389685722772581844e-01 2.905882290707710869e-01 1.238142106358426681e+05 1.003896141567165905e+05 8.095821057028399082e+04 3.884712115160805115e+04 2.536635526008317876e-01
4.007330075274638248e-01 4.414276793021753575e-01 1.820179227436508618e-01 5.058106140773664938e-01 2.390681198850495570e-01 2.942216180768385536e-01 4.457869802331079212e-01 1.805226255613852409e+05 9.068866909243626287e+04 8.148676992462074850e+04 8.342252905842270411e+04 3.711427327130391585e-01
3.941053737011120939e-01 4.885377631984660352e-01 3.668730065134687135e-01 4.262148083527469433e-01 2.489011915809944964e-01 3.199524448829290657e-01 3.987596186573232337e-01 1.291213989402736770e+05 1.113695777448411827e+05 8.153139049701398471e+04 5.777210865531897434e+04 4.168320844818885207e-01
4.637320847672768975e-01 4.603249050177970481e-01 3.584825734212365722e-01 5.386135402171492448e-01 2.318487281183361781e-01 3.124688332224531129e-01 2.562088197096239472e-01 9.749208567621483235e+04 8.603199558680948394e+04 7.716221857428232033e+04 4.811166413901527267e+04 3.462325569998869201e-01
3.693083271082054364e-01 5.167162810240655269e-01 2.584205000945791197e-01 4.579566974193431950e-01 2.214219392999491609e-01 3.312273130566817381e-01 3.504254210707732353e-01 1.266640032087064319e+05 1.019661613428017445e+05 8.132306311951711541e+04 3.876773306811335351e+04 3.706522456330313964e-01
3.358003857635313283e-01 5.092533920177146900e-01 3.031360479220070459e-01 3.994648021355531875e-01 2.436918404803437299e-01 3.235753092302770528e-01 4.660091959169534448e-01 1.221264890144345845e+05 8.836272382875073527e+04 8.036146864756029390e+04 5.524009503627906815e+04 3.858240024755744679e-01
2.640295792870088754e-01 5.712571765633555065e-01 2.165375340370458701e-01 3.510601635675035803e-01 2.848510467719136408e-01 3.437645139582384268e-01 3.604164909962911945e-01 1.196459414501457068e+05 9.956721474037565349e+04 7.841307374484387401e+04 9.911587767453400011e+04 3.310178188618794204e-01
3.442409835931400930e-01 5.269168294663014729e-01 3.150072230619200275e-01 4.315253000529161165e-01 2.372386136583631289e-01 3.662976647138315167e-01 3.798584721342028736e-01 1.306190425438046805e+05 1.050715831412343541e+05 8.034368127879408712e+04 5.504243148795677553e+04 4.251531239581211596e-01
3.105023119985684255e-01 5.474441236397442623e-01 1.926474022333140024e-01 3.873330143485829158e-01 2.339127271650839057e-01 3.356791635749335478e-01 1.924615429010538004e-01 1.225992114318168897e+05 1.078179262554280576e+05 8.049620219805742090e+04 3.999055270495393779e+04 4.017466168523335934e-01
2.403421081366464429e-01 3.742847205282346379e-01 2.980560292417781532e-01 3.568222359492315143e-01 1.669382543083419157e-01 2.999499284032711710e-01 4.336903551156724990e-01 1.539555583608761372e+05 1.139657731567881419e+05 7.126784245324933727e+04 4.175610858918164013e+04 5.293297209876575149e-01
3.931073913379458662e-01 2.249644860085830145e-01 3.220081432908241670e-01 3.410432608154095324e-01 2.329138736673970478e-01 2.950095068401997755e-01 3.923412562471773612e-01 1.152549875993409223e+05 1.353305872756888566e+05 7.521058678584979498e+04 7.594960342256430886e+04 2.951309954801731306e-01
3.252511234825410935e-01 3.647528208905599367e-01 5.315650989976750118e-01 7.892678626309451717e-01 2.628600432168612389e-01 3.615324853603951172e-01 2.400137852130911353e-01 1.393807574642853288e+05 1.421933793877014541e+05 8.139769576782619697e+04 5.394618806361941824e+04 1.930383333640233179e-01
2.441920105621998016e-01 4.812632446847676104e-01 3.695697394039777484e-01 4.892593485686246302e-01 2.783902110185214052e-01 3.726275615155156817e-01 4.212175425398441142e-01 1.463754810915678681e+05 8.661726291502811364e+04 7.964912225386373757e+04 5.494014481504973810e+04 3.578696985011001752e-01
3.634997342707461110e-01 4.893298726396543841e-01 -3.682131393456771016e-03 4.512809347976102226e-01 2.964525794855142338e-01 3.058534005324008431e-01 5.195445670179772435e-01 1.315329206414081564e+05 9.647561289079226844e+04 7.709205329782316403e+04 3.513463790568290733e+03 4.201939562563838382e-01
3.802940109886285835e-01 4.301932598697315591e-01 2.811354242138879855e-01 3.735921125775250040e-01 2.772601381164424561e-01 3.514181323146947644e-01 2.883123799468358395e-01 1.146620268882667442e+05 1.179340981901869236e+05 7.956830742532215663e+04 9.403259306886493869e+04 2.804616317846583828e-01
4.349878707206505379e-01 4.652069174046380429e-01 2.813680049839173414e-01 4.954558760874476775e-01 2.512984433343098400e-01 3.061003778919159646e-01 3.781256105811511281e-01 1.468915027561823372e+05 9.197491241009926307e+04 7.926742886875054683e+04 4.773747682704874023e+04 2.990937931446232545e-01
5.388132875543744094e-01 5.076177659424497834e-01 4.273034151811608283e-01 4.007780915295006685e-01 2.546971219432744848e-01 3.647604635543603147e-01 3.814798493163227833e-01 1.892588165354160883e+05 1.173512225139761576e+05 7.369675574166532897e+04 5.833640512096176826e+04 4.455674315112562178e-01
3.571394552320367177e-01 3.864247887205087828e-01 3.223065159397835999e-01 4.065889359652412605e-01 2.297319831771899301e-01 3.548739433675892618e-01 3.680755643428840207e-01 9.769000379715993768e+04 9.183579427272411704e+04 7.962587109702915768e+04 5.403296878964445204e+04 3.150922713138440412e-01
3.176792992503184587e-01 4.346545388958148459e-01 5.129494019810524330e-01 3.556676406811255520e-01 2.106300667708057572e-01 7.054927638493309061e-01 1.964541253994561976e-01 9.303779152293002699e+04 7.785540843698382378e+04 7.683130737053981284e+04 4.436410082747182605e+04 6.084567948075961796e-01
2.199305592319511782e-01 5.499896587028881845e-01 2.520737469592942981e-01 3.903039054954144382e-01 2.180829147784932032e-01 3.866149220349806570e-01 4.135943895937234660e-01 9.653509787272391259e+04 1.045326830306644697e+05 8.100402167983207619e+04 6.199739715827176406e+04 4.678221317071452057e-01
4.539452689803884500e-01 5.281597446965411446e-01 3.319779036143619133e-01 4.246709522211280508e-01 2.503754346415549836e-01 3.774444838679918424e-01 3.778951642495803065e-01 1.708148641585500154e+05 1.059310203229467734e+05 7.514727177992791985e+04 5.634980336222731421e+04 3.461462227787570622e-01
3.639906199612426563e-01 5.110160662280600619e-01 2.521751201718966384e-01 3.794371027876392577e-01 2.623774026177516649e-01 3.608138874980501010e-01 2.991101590213201544e-01 9.491302604727139988e+04 1.043041050661223708e+05 7.371389881399345177e+04 4.436042168531995412e+04 4.252559498700970164e-01
2.578570022789789529e-01 5.321710617233079699e-01 2.646415088305195673e-01 3.479679668338231391e-01 2.509445558804135334e-01 3.211140218295308602e-01 3.873973518594799881e-01 1.633852524801853579e+05 1.110473639217541931e+05 7.928950849741959246e+04 9.878424425427554525e+04 2.915771984940265238e-01
2.677196291598489264e-01 4.955901385229491973e-01 1.674606393561646200e-01 4.101525181990072766e-01 3.160306226420387943e-01 3.722515836639423981e-01 3.688923267212078638e-01 1.379027001820124569e+05 1.006552905176463682e+05 7.724989362560438167e+04 8.639709173012101382e+04 3.991774488139860910e-01
3.501527549132872896e-01 6.075671971812967032e-01 5.277373786320559423e-01 3.798469685347143909e-01 3.719774246171542176e-01 6.422033502996348231e-01 6.211225683680003939e-01 1.400086843152820366e+05 1.152634158497270982e+05 7.971670212826537318e+04 4.874897848695189896e+04 2.795272601329527040e-01
2.680892011218623527e-01 5.535841563890389061e-01 2.622572622544385723e-01 3.231544525548525337e-01 2.452037218248377670e-01 4.501176783716162033e-01 3.495375569137714744e-01 1.309942387615186017e+05 1.034260917879297776e+05 8.266870624626358040e+04 1.136695079610302346e+05 3.067596072046294697e-01
4.479224800343584167e-01 3.993027628477189839e-01 9.836863966220339706e-02 3.705303935324387732e-01 2.984974644192451843e-01 3.597043793316517246e-01 5.163998673919119042e-01 1.751395863575364929e+05 9.746398712500398688e+04 7.591431637065141695e+04 1.157905367782700196e+05 1.862227729014797328e-01
3.756137567947597233e-01 5.711361413337417980e-01 4.230046760918167448e-01 4.158910864279933839e-01 2.761734574919096352e-01 3.455896414818082629e-01 3.527973153956556196e-01 1.350855736947948462e+05 1.113614727811649500e+05 7.949029027950977616e+04 4.199559894590642944e+04 3.020281002329252007e-01
3.518091627692918055e-01 4.365949380533756252e-01 2.675734067409089589e-01 4.493466039498103526e-01 2.679186873914303213e-01 3.510594932068864527e-01 3.289290977613031908e-01 1.127518006071148266e+05 9.951375577744566544e+04 7.913823396557726664e+04 6.192292239435271040e+04 2.845646278861740375e-01
3.345358814807341541e-01 5.257225059419172730e-01 3.105764145907024543e-01 4.222880992370289244e-01 2.751972243636748305e-01 3.428756968201945310e-01 4.024000099415939724e-01 1.347032755196689977e+05 8.617908059006009717e+04 8.118638517164737277e+04 6.559934690287578269e+04 3.761767860093264138e-01
4.020741965893885328e-01 5.493839276774032943e-01 2.466632587509762220e-01 4.946587856749273260e-01 2.389271984293654394e-01 3.109856852754148138e-01 3.926891125610338928e-01 1.413206272464329959e+05 1.100301141302708565e+05 8.118589376357202127e+04 8.103974059209326515e+04 3.767985397562338967e-01
3.112027183256159679e-01 4.643832273281260914e-01 1.956162430443343647e-01 4.676020480687276271e-01 2.804138127678043602e-01 3.286133962040226897e-01 3.846887703885472631e-01 1.311436635425720597e+05 9.415114859573994181e+04 8.139687568006473884e+04 6.614663052627279831e+04 3.618876203634925903e-01
5.993543926974053138e-01 5.966962074944781591e-01 1.989253127927229636e-01 6.286334846968995027e-01 7.046316149209184143e-01 3.706997000498015726e-01 5.638143680657082824e-01 1.261006919188692846e+05 1.068809623561878689e+05 7.736172397082528914e+04 4.358899023135688913e+04 2.568809247918272254e-01
3.092798301005094674e-01 4.575415706337813138e-01 2.705331413072514235e-01 4.623793279027807457e-01 2.591808637067447574e-01 4.182330970866223741e-01 3.953265828815140104e-01 1.276842716600489075e+05 1.240839008505924430e+05 7.854310802951882943e+04 6.480760996657326905e+04 3.068187085745103237e-01
3.565883877863778029e-01 4.948273118134782766e-01 4.351690031208690357e-01 4.035147342287412342e-01 2.447498095297200860e-01 3.703774213509138380e-01 3.593258582538762513e-01 1.176774828745230625e+05 1.128500760947623785e+05 7.938731360100049642e+04 7.001277634349056461e+04 4.073464763642976050e-01
3.585319556008708664e-01 5.029213163909669326e-01 2.643062386731914182e-01 4.230539208060719591e-01 2.992187394204603446e-01 3.404063065196767934e-01 3.263443415990128216e-01 1.516561876604513964e+05 1.045549928046118148e+05 8.083907497456466081e+04 5.773807240575938340e+04 3.594956412212364505e-01
3.694262078861751952e-01 5.246460286381586791e-01 2.856868928465573498e-01 4.575347472995233145e-01 2.723499984252790718e-01 3.703200220785153873e-01 3.423102960010064866e-01 1.249471339215059270e+05 1.073744506236680463e+05 8.083172748017689446e+04 5.424894932798868831e+04 3.947344328379343570e-01
3.647014017144066811e-01 5.248320488413603657e-01 2.612258417489534690e-01 4.186229011340721895e-01 2.476537282459178313e-01 3.071609138544537654e-01 4.016245313095319069e-01 1.209843608640731836e+05 1.055349799294217810e+05 7.877429526624399296e+04 4.136500290343083179e+04 3.687939758680338076e-01
3.243938064642497010e-01 4.505876905710251568e-01 2.877525197490808373e-01 4.298598247471406841e-01 2.621687792058206012e-01 3.633196409521587955e-01 3.824537162547100855e-01 1.237400709925500123e+05 1.128524940728317888e+05 8.011319572020815394e+04 7.274613669773713627e+04 3.367811297962605699e-01
3.169444116038251380e-01 4.803742734004483039e-01 2.348172829452901400e-01 3.575258516396417896e-01 2.727785677378826712e-01 2.974648629437635639e-01 4.073231094917252326e-01 1.362468986325376318e+05 1.186526435330677050e+05 8.062429684916714905e+04 7.298408713215890748e+04 3.456922490623008937e-01
2.926151354035460006e-01 4.325944165282131770e-01 2.737209155997800125e-01 3.831564182296760546e-01 2.332801942337544565e-01 3.790931387174071299e-01 4.294095428037445483e-01 1.390455535225996864e+05 1.186150062270082417e+05 7.970375296604401956e+04 5.627456750805334013e+04 2.411440140840236113e-01
3.357005344088756504e-01 4.949657863131610713e-01 4.096062310282440611e-01 3.912128817897801425e-01 1.972424868471726322e-01 3.531408746397331488e-01 4.060865537979700957e-01 1.125209747003056109e+05 1.243615127202790463e+05 7.680556758636614541e+04 6.434833371729897044e+04 4.009832836436066361e-01
3.290466275261232365e-01 4.627537407991569873e-01 2.604192681184188118e-01 4.568418137051720174e-01 2.335908323137351472e-01 4.035654282630752321e-01 3.472237457909813640e-01 1.390881443409807107e+05 1.018141619095007773e+05 7.604881487471974106e+04 4.685916024320026918e+04 2.867523905885328017e-01
3.471850370657362239e-01 5.142889078958059468e-01 3.614610354739838383e-01 4.275797666827896304e-01 2.632026074874565524e-01 3.689368649291132618e-01 3.289749695506275495e-01 1.455960838530767360e+05 1.074513968406277709e+05 8.139791033639747184e+04 5.596390693568667484e+04 3.201148617936364627e-01
3.475484470880275678e-01 3.701263854223437733e-01 2.955303439216638850e-01 4.490054905356745119e-01 2.549917510180710334e-01 3.763820493849924231e-01 3.906357976782230401e-01 1.345235731618702121e+05 1.062527020326162310e+05 8.080087503892411769e+04 5.821577150665196677e+04 3.141576311324772997e-01
3.758260186818691562e-01 5.183545732486278812e-01 2.744768887371593080e-01 4.016692585282866657e-01 2.519150389871372409e-01 3.382327732187311864e-01 2.968390619477910830e-01 1.170711719595937029e+05 9.534170084204469458e+04 8.144870429152135330e+04 4.131036850060596043e+04 3.840860076431721892e-01
3.340494556746573807e-01 5.128777607645603753e-01 2.493646439948633275e-01 5.047808546397472007e-01 2.207698355560011316e-01 3.642225513040906471e-01 3.693768542971034852e-01 1.447013102207075572e+05 1.306810266130362143e+05 7.575155691850669973e+04 9.016775645084444841e+04 2.816822062869544507e-01
3.447656735543316864e-01 4.805983176370437482e-01 2.998415414834949000e-01 5.155760856194668840e-01 2.704599515515831443e-01 3.708243163604595938e-01 3.089411832598017438e-01 1.209165168276549666e+05 1.140821016395383485e+05 7.905944023026539071e+04 6.122152919397161168e+04 3.226691579427032330e-01
2.162019751982957871e-01 4.222847157573401677e-01 3.522651506415297451e-01 5.157310046586923713e-01 2.829801237853719620e-01 3.618212513906950978e-01 2.705238754582167671e-01 1.455768256204732170e+05 1.131668187425112119e+05 8.073578452439894318e+04 4.080068460434777808e+04 3.545800535811441945e-01
2.830095994831436923e-01 4.178387496993388184e-01 3.412704688470566960e-01 3.267360007123055743e-01 2.888087969530320209e-01 2.906713002097680576e-01 2.974301016548648868e-01 1.804026679676412314e+05 1.023269330445396336e+05 7.849071164742592373e+04 2.918062226847382408e+04 2.964039457033789127e-01
3.825689648149370736e-01 4.801881444873399851e-01 4.467514835548003771e-01 3.987268332481578859e-01 2.037651989160471910e-01 3.590511474452295348e-01 3.611332579532753329e-01 1.315296030526179529e+05 1.071251882875584270e+05 8.264010387360911409e+04 6.200228313044417882e+04 3.100327023210927013e-01
2.804585926837731003e-01 5.731697563809099449e-01 5.043079896104889492e-01 3.336884399218805197e-01 2.238067223088388569e-01 2.541550724464002320e-01 2.906045158445889065e-01 1.514415449023249384e+05 1.305327165037469385e+05 7.598543117821952910e+04 3.004693060977416462e+04 2.589665224959701306e-01
1.961569512062482923e-01 3.539710639574416007e-01 1.574755463059903660e-01 3.974450548919291060e-01 2.518455095989012293e-01 3.560970520562228292e-01 3.477854571846145104e-01 7.088499254179930722e+04 1.123029538462519995e+05 8.069881458489691431e+04 3.799505449588349438e+04 4.768696563637626618e-01
2.576596085367131583e-01 4.329108640107346417e-01 2.751556277840703779e-01 4.717547189958524734e-01 3.546498568627736714e-01 2.366053164896641803e-01 1.039143161790490183e-01 9.721210276759004046e+04 1.252071503302851197e+05 7.369884007138194283e+04 2.996567694509060675e+04 4.490747453338223560e-01
2.791162868794830332e-01 6.120549829309556156e-01 1.279363841327841311e-01 4.031200481727439944e-01 2.476724335270247546e-01 3.211034394805045711e-01 2.944342296578721929e-01 1.331142070359022182e+05 1.128198559947206086e+05 7.732001583574734104e+04 4.360031819443019049e+04 2.630185639190670832e-01
3.569375557342913119e-01 4.683711784356333618e-01 1.835706282235417541e-01 5.386305653344177768e-01 2.742062080020402637e-01 3.743582258838021870e-01 3.092407228094831706e-01 1.071521632369288563e+05 1.208988164778255887e+05 7.797299709611707658e+04 4.927473811432837829e+04 3.885973368610319278e-01
3.210874366216635578e-01 5.393332419112479847e-01 3.418998062530405058e-01 4.054664787669243764e-01 2.129215341126033667e-01 2.806268938938357715e-01 3.123946300359364270e-01 1.181817763816111838e+05 1.175687697648269241e+05 8.004594325264454528e+04 6.109440019954572199e+04 3.861520583017510888e-01
3.123587445767394555e-01 4.844668791848696365e-01 1.921547667221880640e-01 4.633852128997665298e-01 2.521010103814305126e-01 3.238198525850425891e-01 4.522308647710314711e-01 1.258044526125662087e+05 8.928541407127665298e+04 8.207862325709983998e+04 6.456561668522164837e+04 3.784692886777021870e-01
3.317018677125774806e-01 4.169626058991117157e-01 2.931400657073968685e-01 5.939299434400544531e-01 2.641033174143795903e-01 3.460741353083723326e-01 2.331896199611258880e-01 1.293120580669473711e+05 9.138931453204210266e+04 7.429028586311161052e+04 5.382484185681016243e+04 3.787566121631147364e-01
4.338087845419220101e-01 5.301123920440499182e-01 2.181214831153683031e-01 5.256786166417130035e-01 3.059394434707417565e-01 3.171331754299167027e-01 3.052614651710896521e-01 1.216069106085154053e+05 8.919457849592244020e+04 8.175276132998660614e+04 5.281691349059081404e+04 3.468911368691703911e-01
4.015057406251889005e-01 4.585811357460964910e-01 6.838959987886339409e-02 4.992319197005226639e-01 2.767653552885759871e-01 3.566096838791685819e-01 4.488089957771265182e-01 1.184273783183129563e+05 1.059701385160842183e+05 8.408372218338752282e+04 6.572150955611720565e+04 4.312297290688129614e-01
4.191489179057181769e-01 5.733954893371792094e-01 3.614153578322932825e-01 4.650154535649317356e-01 2.477523804561460319e-01 3.705005130960493109e-01 3.320100401895645925e-01 1.139173795493055368e+05 1.162061685701424285e+05 8.141788833132304717e+04 4.080257892583893408e+04 3.691875393736357425e-01
3.225792607118110333e-01 4.349494356698327957e-01 3.831065314255187038e-01 4.397463160034341678e-01 2.386548136386025809e-01 3.920873724133295268e-01 3.100403504750158246e-01 1.036072832290952065e+05 1.036813490475919971e+05 8.043361402381215885e+04 6.162357086357450316e+04 3.996006993569295451e-01
4.032915002458786202e-01 4.950723896863065687e-01 2.223495098579461593e-01 3.982926725193640660e-01 2.413638462806202423e-01 3.480950371631275631e-01 3.255455372265224634e-01 1.514745843223507691e+05 1.143857207434156589e+05 7.385964169997366844e+04 6.676314256704669970e+04 3.473837003232788656e-01
2.841643228139917321e-01 2.856014760037449141e-01 1.495021551695398521e-01 3.475964023487239096e-01 2.407789055021105629e-01 4.049758276639360832e-01 3.153100019273925025e-01 1.227851540481581033e+05 1.053034754012581834e+05 7.641451776846885332e+04 3.368156925938987843e+04 2.863080143211803597e-01
3.843734707866026112e-01 4.383666976723372133e-01 2.975646608184124853e-01 3.691817107060599845e-01 2.464238471009941311e-01 3.621299856097758285e-01 3.185143645355228426e-01 1.070927861914730456e+05 1.023096329375528294e+05 8.087020482957268541e+04 4.218465315426647430e+04 3.854897227500800327e-01
4.103643646760772312e-01 5.728502718626387047e-01 3.997449725629709238e-01 3.909893959354701631e-01 2.522644669343150348e-01 3.874683128246272368e-01 3.762255805699443734e-01 1.063204287952301675e+05 1.072324041121875052e+05 7.913264522778509127e+04 6.760692559963396343e+04 2.576413576844204800e-01
3.632077858247441671e-01 4.965291829304602778e-01 2.757115935117044891e-01 4.804015658570227054e-01 2.884636644403845707e-01 3.622255364450053805e-01 2.694259769826529149e-01 1.355909959642374597e+05 1.218752560938668757e+05 7.869841577240425977e+04 7.128321095007695840e+04 4.017749403045782208e-01
4.043174102370335476e-01 4.558107154473557410e-01 2.812711159798839677e-01 4.136741216848616176e-01 2.608337875702062547e-01 3.761442850968282348e-01 3.015599402882266356e-01 1.214517485384391475e+05 9.752492214519032859e+04 8.276852448768886097e+04 7.228282955542531272e+04 3.914732231629005077e-01
4.046209364071169379e-01 5.309490201821280841e-01 3.399891679848032755e-01 4.385059522063653459e-01 2.627320701326207320e-01 3.743321879489732162e-01 3.733359397133816926e-01 1.181449612656563550e+05 1.091720976972240169e+05 7.762231661372908275e+04 2.639839963279360018e+04 3.745235536332345294e-01
3.494458290809736023e-01 5.627235821273834926e-01 2.940268295922391917e-01 4.736230227801976334e-01 2.785460423922331841e-01 3.380955652587440685e-01 3.501318736697351386e-01 1.426148674223003036e+05 1.004695183269748522e+05 8.024262097652707598e+04 7.049600810693632229e+04 3.681702684095695122e-01
3.611418586573914569e-01 4.425064168239857820e-01 3.430411113554820979e-01 5.152837893532208335e-01 2.900874094676959003e-01 4.206572781665227634e-01 3.255180074626714548e-01 1.158763593049882911e+05 1.043416186354430538e+05 8.195548533311032224e+04 3.934844528635693132e+04 4.329877823023645655e-01
4.525858745808857830e-01 4.257150389187463468e-01 3.061070602850980427e-01 4.513397831748484079e-01 2.635024116068390154e-01 3.473331143846183910e-01 4.241452554043292356e-01 1.430957860710872046e+05 9.904625389279390220e+04 8.246724065506376792e+04 5.894085614543545671e+04 4.801845082355614136e-01
2.891932142189952426e-01 4.941076391831974446e-01 3.839076384814886223e-01 4.011729316750419216e-01 2.593007777517833401e-01 3.782952967769252495e-01 3.121862324303698588e-01 1.250111890448251506e+05 1.052685079034526716e+05 8.132087658117002866e+04 6.794183759069428197e+04 2.854530949139583162e-01
3.708869019071112660e-01 3.944548363305729333e-01 2.689903618011786346e-01 3.895168131531253630e-01 2.403708068998267056e-01 3.337767724366048627e-01 4.435528017216480157e-01 1.206130615100346185e+05 1.365814197032455122e+05 8.039895713864798017e+04 4.059378692423721077e+04 3.493193974113396050e-01
3.405026643011137555e-01 4.880224288860212090e-01 3.011098775122007520e-01 4.494297603798445007e-01 2.185726307108889488e-01 3.862999176951127933e-01 3.231698095252370506e-01 1.050359554904296383e+05 8.495011642484590993e+04 8.017080666564260900e+04 7.169229318856899044e+04 4.063034300563150292e-01
3.386547167216640841e-01 4.226455547328024087e-01 -2.695569467075733389e-02 5.087629080371378620e-01 2.655722185728116025e-01 4.009284796183562594e-01 3.864240594766837344e-01 2.223541821230339119e+05 9.590159656492376234e+04 8.088233919761434663e+04 6.195796168706102617e+04 3.921195338680105169e-01
3.791689449253556887e-01 5.142530956945167153e-01 2.324433627654967915e-01 4.925850289531895632e-01 2.455207641934371299e-01 3.242853681928590803e-01 4.017377301201049411e-01 1.200422277041214547e+05 1.080804165738307347e+05 7.781360877676804375e+04 7.153147281822991499e+04 3.633343201675913736e-01
2.719515636619126986e-01 6.098227614311449996e-01 5.486788311366073145e-01 3.348457587528947954e-01 2.325529708131107154e-01 3.142550212350670447e-01 2.850079600685256898e-01 1.224094124900387251e+05 1.038824753414704319e+05 7.719428539267266751e+04 3.762620459033217048e+04 2.468500238396724167e-01
3.516690864440103481e-01 6.035845490259673651e-01 1.948057235453679314e-01 4.118697272470832615e-01 2.954430887485344770e-01 3.273890922836119599e-01 3.623226392476892044e-01 1.314649032193990715e+05 1.039180403441027738e+05 8.282497133368118375e+04 6.234919415055558056e+04 3.551930511862673723e-01
2.201432941236634300e-01 6.028573019043590442e-01 2.262542530842458766e-01 8.782098738512214009e-01 4.618551443833970871e-01 3.892629714718136569e-01 4.556899048013376419e-01 1.568330979793547012e+05 1.521789324245506432e+05 6.993154586097842548e+04 5.682570006557368470e+04 4.912270912223158370e-01
3.048583544733761141e-01 5.207423877581816019e-01 3.492167629501639614e-01 5.522508830036545469e-01 2.368423616615504268e-01 3.253340977175471216e-01 3.311573822890636065e-01 1.442826578234926856e+05 1.194684746645953710e+05 8.143338487199252995e+04 4.216871600370145461e+04 3.701908847802456437e-01
3.206904195038749461e-01 5.962477436268229791e-01 2.862744568806576129e-01 5.513493145137446927e-01 2.636230943529259130e-01 3.121524290343216657e-01 3.782966186555619670e-01 1.195380127259036090e+05 8.788858880644409510e+04 7.880921414449752774e+04 1.916394267264347218e+04 3.889421994556171436e-01
2.967280496009601087e-01 5.271764642300391657e-01 3.424465564675471807e-01 4.719888927375286425e-01 2.080781652276526006e-01 3.228935828003587916e-01 3.680612470014753557e-01 1.401877940291260311e+05 1.082016918704246491e+05 8.024596861551376060e+04 7.446704441062080150e+04 4.649433476170277135e-01
4.003356397360899877e-01 5.273689496285856038e-01 3.401484769491000537e-01 4.094956414826675384e-01 2.705475813359496384e-01 3.499559107623365084e-01 3.040479864247753183e-01 1.288407097261728923e+05 1.035736927661135560e+05 7.840745343846562901e+04 5.372886436262437928e+04 3.136558686664001061e-01
3.828474497048078851e-01 4.233453497076740679e-01 4.165795836219244319e-01 4.147002255654561598e-01 2.092358143473624921e-01 3.153677826189057454e-01 3.195280835373979222e-01 1.338603973129194928e+05 9.315613113337963296e+04 8.359680297720004455e+04 5.773678952029343054e+04 4.575316390806246081e-01
3.715346639610704882e-01 4.645122825943800438e-01 2.731201952792937093e-01 4.211464252782164963e-01 2.237273579695971404e-01 3.652935751717042989e-01 3.396036208709756199e-01 1.013361929190065566e+05 1.113045996646740095e+05 7.666924404585790762e+04 5.159690840398732689e+04 4.005955317610835342e-01
3.579930556181876722e-01 5.009458428175274092e-01 3.748324035146594624e-01 4.604081243921793187e-01 2.708865424156641222e-01 3.564090104553387928e-01 3.219315122520225447e-01 1.192045667721490900e+05 9.823699773649990675e+04 8.090123977109120460e+04 4.784729459979302192e+04 3.682692458586601103e-01
3.358323262119417563e-01 4.505793256396065649e-01 1.855646310668024324e-01 5.033028021446590561e-01 2.665909578630898391e-01 3.341874699533542437e-01 5.165770385926714559e-01 1.308935704184539791e+05 1.127671589691306581e+05 8.302322532354663417e+04 5.338695137046286254e+04 3.301992864056887966e-01
4.174371722270828200e-01 4.802161769840128658e-01 2.471221195763415035e-01 4.695258562649839984e-01 2.608987711030000267e-01 3.577090967290951773e-01 3.615657284942617733e-01 1.145737479988541018e+05 1.361721691236544284e+05 8.106490371192038583e+04 5.529490209683329158e+04 3.331959071868622613e-01
4.303005379786201678e-01 3.896802325689944779e-01 5.752911562047157562e-02 3.683727528103467597e-01 2.637734675969439779e-01 3.460857793407433047e-01 4.770385645534034325e-01 1.083925478234641487e+05 1.012104135018135566e+05 7.729129445592199045e+04 5.136275711018042057e+04 2.908192056426504024e-01
2.853122062973596496e-01 3.626779822365644446e-01 1.107801227601870470e-01 3.638181763815738767e-01 2.220027810407790569e-01 3.673015039115849478e-01 3.977506303069000548e-01 1.468943766221845581e+05 9.721629867775764433e+04 8.273176836098355125e+04 4.550127924133300985e+04 2.733572060568359996e-01
3.534690406605622837e-01 5.196001176739276639e-01 3.267963222054326433e-01 5.084845875963037720e-01 2.393975708224008181e-01 3.252620891633667966e-01 2.472237528370355986e-01 1.756378299701662327e+05 1.078285532495114749e+05 7.567840644023318600e+04 4.866030428529570054e+04 3.245789822384129719e-01
3.440086176464067225e-01 4.973372870654438338e-01 3.181792198518578751e-01 4.420641903760110236e-01 2.591832681155870621e-01 3.700823115275316821e-01 3.459682689123579347e-01 1.395639947723021614e+05 1.098217941867988702e+05 7.980436991640627093e+04 4.703118391379787499e+04 3.694974786948816425e-01
4.143323388433555743e-01 4.592279586462508223e-01 1.199118815072166694e-01 3.222451780731697135e-01 2.395984062388522295e-01 3.427011160708934301e-01 2.439856173435074327e-01 1.254225160624748678e+05 1.152519467681965907e+05 8.334953399119645474e+04 4.488857737651501520e+04 4.214075737681323153e-01
3.769934038080455241e-01 5.153342049447404705e-01 2.655352257867952814e-01 3.969885258562336205e-01 2.073169563109740487e-01 3.471692541000130361e-01 3.615983962887491798e-01 1.442473941895339231e+05 1.090467099289354810e+05 7.734838127285247901e+04 2.137333377568011929e+04 3.787806398067315450e-01
3.107357607301305946e-01 5.574182777592047167e-01 3.621380830074522605e-01 3.093793338633046841e-01 2.410877660811716061e-01 3.756758218735851140e-01 4.026462133035454416e-01 1.321947575614191883e+05 1.103508331558758509e+05 8.008779123719152994e+04 2.994335587888229929e+04 2.546591276084751998e-01
3.564178110043857983e-01 5.819861861358025523e-01 2.303440375700490650e-01 3.096667163580162918e-01 2.580480151361849717e-01 3.049854660625188063e-01 3.093408950192174101e-01 1.116300598044909566e+05 1.139366387078810658e+05 8.311298053751775296e+04 7.122430715569452150e+04 3.841294185088235946e-01
2.903250586017855350e-01 4.891539850782272159e-01 3.421431185070474834e-01 5.156128044451766534e-01 2.609143810931159879e-01 3.664878888866748841e-01 3.353714181231154390e-01 1.465283085518013395e+05 1.045209995241577708e+05 8.057026271460736461e+04 6.352301653194719984e+04 3.013450438542807364e-01
3.170900954483215628e-01 3.118834319221929774e-01 2.148886515240974460e-01 2.826291632287745714e-01 2.196892100435693940e-01 4.589426820206195246e-02 2.957564689449702078e-01 1.660864503270528512e+05 1.321086985919403378e+05 8.285359346262416511e+04 7.376841939246207767e+04 6.660625131461407333e-01
3.533321231235979631e-01 5.240340624257839863e-01 2.931889867659044913e-01 3.771117251659564795e-01 2.454219231560606507e-01 3.379054149695459586e-01 3.455205784166034966e-01 1.512713757042546931e+05 1.113434685078037728e+05 8.095736575870822708e+04 6.409029218229538674e+04 3.393796757907412420e-01
3.880889385206394704e-01 5.340729121851814920e-01 2.494869906102142321e-01 3.919571399784270715e-01 2.327598340892276518e-01 3.207062802574372484e-01 3.968052819297814282e-01 1.352728542769422638e+05 1.037040347047100222e+05 8.015691232345189201e+04 4.368823184726639010e+04 4.076163612856385510e-01
3.896959800746080393e-01 4.655077775503829174e-01 3.559837658927030857e-01 4.305550050201198964e-01 2.529435692221551624e-01 3.633829197951488066e-01 3.784960621590934826e-01 1.597597987550611724e+05 9.999308104961445497e+04 8.093341875654866453e+04 5.850460427663768496e+04 3.168122452230373032e-01
4.150697846361414145e-01 5.083772989426615929e-01 3.528598323488962851e-01 4.400795588653397261e-01 2.506598994486846643e-01 3.875620248271672841e-01 4.220614220755471435e-01 9.887915246745618060e+04 1.036485245098882588e+05 7.881612554407161952e+04 4.567724470497604489e+04 2.707573211609261565e-01
3.759154121844500707e-01 5.102181630595790107e-01 1.779879206563246274e-01 4.845887752173276830e-01 2.507820699647180795e-01 3.627638954181123254e-01 3.858620582600120752e-01 1.287250492174420651e+05 9.956594873803220980e+04 8.192304473419376882e+04 8.238145929981117661e+04 3.427550774780417919e-01
3.321876031359608517e-01 4.516895249620682118e-01 3.034875552161644396e-01 4.210983654118710673e-01 2.452721484729469270e-01 3.287185030026378296e-01 3.634534987723223032e-01 1.133157477598655823e+05 1.072936586607191566e+05 8.175037283985236718e+04 5.381258419507378858e+04 3.116890696517013448e-01
3.620538705238082189e-01 4.672177813300892324e-01 4.293945839562872124e-01 4.644703557940366712e-01 2.794716936512324779e-01 3.230167481799522955e-01 3.900118554434894858e-01 1.144389343881361710e+05 1.256140199837929977e+05 7.775772765334995347e+04 1.076089617294230120e+05 3.519595417784685543e-01
3.576289990680502351e-01 4.880385618269936776e-01 2.152566799663264141e-01 4.976688343537430392e-01 2.228451192983789686e-01 3.507242143109625121e-01 3.959004691012514843e-01 1.308355065326060576e+05 9.989279733930926886e+04 8.036111485813021136e+04 6.687462753595436516e+04 2.959543211668565488e-01
3.274984364259994618e-01 4.159098804829673424e-01 1.947387349300098436e-01 5.213933535034671607e-01 2.241172990777473006e-01 3.619372346164748677e-01 3.677083842333690455e-01 1.201031622877126356e+05 9.622666637128278671e+04 7.832709165320964530e+04 4.621180618985435285e+04 3.459428327250533841e-01
3.011490306762779068e-01 4.770762065983935596e-01 2.846204959761907682e-01 3.823405301974089343e-01 2.538239273984113642e-01 3.687528797968515626e-01 3.605152985635409202e-01 1.435674564002133557e+05 9.291727272243944753e+04 7.861380434745305683e+04 7.278897091625691974e+04 4.393557725829712046e-01
4.697049507970596505e-01 4.501969865350244349e-01 3.039066243695095482e-01 5.234625968710179267e-01 2.487633878204569549e-01 3.245257836974807519e-01 3.383146847051478612e-01 3.417915878457600047e+04 9.056841736134642269e+04 7.875482511192698439e+04 8.833338355748058530e+04 3.052533708404762680e-01
5.002605836048282795e-01 5.991529878175628765e-01 4.950345025973508228e-01 3.482444888762887825e-01 7.929301644394501913e-01 4.654727602369319595e-01 6.851931357999929695e-01 1.316292005334284331e+05 1.114110930910019088e+05 7.747338079687807476e+04 4.532019192020709306e+04 2.724338017995063810e-01
