3.368912682286150928e-01 5.498377983760633914e-01 5.061163534420806132e-01 5.383901100334175238e-01 2.548760336261955972e-01 3.383133849652645853e-01 2.866538518698339422e-01 1.392736642564503418e+05 1.134067630424245144e+05 8.141752739835981629e+04 2.990686379138304255e+04 3.046120263480111556e-01
3.559965693936872899e-01 6.327718189594268017e-01 4.540263942459343838e-01 5.785187467568316810e-01 6.032091996209202334e-01 4.720011476686188923e-01 3.734893625124077743e-01 1.304329722366334754e+05 1.083648243412559677e+05 7.854377403724259057e+04 4.188338819555474038e+04 3.002655183276836670e-01
3.666566186977247011e-01 4.742887815350702585e-01 3.348932518541253289e-01 3.755144454521706643e-01 2.460744395542882323e-01 3.308996458151376441e-01 3.430344725160749952e-01 1.328108542054025456e+05 9.225385951155802468e+04 7.837404408080418943e+04 4.487870253369165584e+04 3.332246457427844866e-01
4.059201608379782167e-01 4.473120380249077654e-01 2.979397196045361906e-01 4.158064551692435828e-01 3.144978997645939689e-01 2.916421912629356683e-01 3.410082473273947090e-01 1.224128518449627009e+05 9.983393391942443850e+04 7.987974855253593705e+04 8.326845554644883669e+04 2.651466854750475499e-01
4.185423879530774105e-01 4.970872845997548750e-01 3.459998683688740306e-01 3.981700507930249211e-01 2.837186057199918010e-01 3.222956754715367578e-01 3.879358921584097342e-01 9.062352924502582755e+04 8.888349717640792369e+04 7.826435911657818360e+04 6.760773354871083575e+04 3.215793651545063025e-01
3.301041446386683842e-01 5.798258561529606725e-01 5.776078695932436169e-01 3.561772198368464148e-01 2.413456719330697720e-01 2.353798807539427829e-01 2.810138704483747807e-01 1.419163773917523504e+05 1.212595634675994952e+05 7.665747665493619570e+04 3.160362389046308454e+04 2.556418095638756105e-01
4.589027937746700814e-01 4.938839782248033439e-01 5.184846464016961143e-01 4.508458909762814160e-01 2.905223269760612848e-01 2.837952309954737129e-01 3.360129719713885743e-01 1.381156626355762419e+05 1.029781592567742773e+05 7.949756302473075630e+04 5.631389931937222718e+04 2.552199462624500925e-01
4.224711069417362852e-01 5.899111344272491841e-01 4.462158786218934914e-01 3.715652233391598669e-01 2.524092449374309988e-01 3.067062262318701049e-01 2.238692074452400260e-01 1.335771938775505987e+05 9.778297691347234650e+04 7.833270042554471001e+04 4.217278237099387479e+04 2.980611384743277470e-01
3.704956949319159198e-01 4.760688678032287680e-01 2.433935748139463007e-01 3.695120142110014938e-01 2.670193205196896846e-01 3.085468053884738437e-01 3.769414917686966238e-01 1.181321031800373457e+05 9.729373774512083037e+04 7.904650415448605781e+04 1.407872541826856832e+04 2.814745530600520351e-01
3.864500882482358457e-01 4.543438317765258194e-01 3.710040608324758904e-01 4.484852099842415174e-01 3.197981768299184013e-01 3.226689104153524501e-01 3.340288262757200588e-01 1.343972788359767874e+05 9.966622634506018949e+04 8.337474339243843860e+04 6.783940933416123153e+04 3.188933666102909958e-01
3.315771071797271041e-01 6.096855393797894207e-01 9.126623857214692659e-02 6.714406768662678493e-01 2.477523045606770946e-01 3.024884279458766589e-01 2.815260065898451125e-01 1.222928353750630049e+05 1.035483594704220450e+05 7.742573668260006525e+04 4.352265906571061350e+04 2.533987964073352583e-01
3.124991055206804980e-01 2.909094062324012464e-01 1.435319756237670996e-01 3.163052850812579919e-01 2.268221485336442411e-01 3.018318556183336998e-01 2.951338001786537601e-01 1.071609591956181830e+05 8.430700824343186105e+04 8.320035524318632088e+04 5.177916162052548316e+04 2.612175083847339541e-01
3.604086486816150403e-01 5.332660819374832606e-01 3.667023333535106566e-01 4.805602976601185405e-01 2.812872772156943535e-01 2.774446520544140982e-01 2.337046663529506740e-01 1.112387690010360384e+05 1.082204297873848845e+05 7.953423098516526807e+04 4.562820465409283497e+04 3.037752859687056772e-01
4.124937210615486349e-01 5.423389892858820893e-01 4.980943364538162332e-01 4.090509279987596392e-01 2.940127896895872728e-01 3.143803902347981905e-01 2.531248333007167783e-01 1.536371722707639565e+05 9.538713848587266693e+04 8.084147927851787244e+04 5.388394478742455976e+04 2.668699179211391215e-01
3.343035596360441897e-01 5.837893747637332709e-01 2.392899543949915664e-01 4.460985748459592171e-01 2.957121900558736804e-01 3.304422387052425858e-01 2.594813108153181114e-01 1.144507574688021850e+05 9.718333245439639722e+04 8.113840891117427964e+04 6.069187028602835926e+04 3.561023996693492566e-01
4.022853721145848716e-01 5.277092184353306958e-01 3.083783691747241651e-01 4.848308780500921178e-01 2.660183142773209219e-01 3.039422891121562609e-01 3.616774847638125068e-01 1.148759864129403286e+05 1.131145072207885969e+05 8.225985590324648365e+04 6.465652228145168920e+04 2.922285820085973040e-01
4.437930684714196383e-01 5.791949489219195835e-01 2.349329504830874604e-01 4.719538088874651316e-01 2.941753234624739921e-01 3.585540043956308986e-01 2.328764870415942767e-01 1.557630040175902541e+05 1.016051684938989783e+05 8.136643308953795349e+04 4.313832928407037980e+04 2.260306949959297595e-01
4.671606412603086511e-01 3.427299457426006279e-01 1.890484780755163352e-01 3.814769384712256017e-01 2.787543744286567482e-01 3.512055792608470561e-01 3.263202526208886511e-01 1.319811700673588202e+05 1.062593408073764731e+05 8.134551075988603407e+04 7.311071858549023455e+04 3.022608627746209975e-01
6.350361213620077105e-01 2.991210210566320193e-01 1.894160119209822579e-01 -6.503896951915741353e-02 2.589063145572958469e-01 2.973789960724682047e-01 2.609883423932702895e-01 1.175761803932333132e+05 9.954001354850601638e+04 7.777662740241564461e+04 4.265820727386095678e+04 2.670232842178595356e-01
4.499399713775376619e-01 5.471952136721860427e-01 4.550978939699165116e-01 3.942465484618747351e-01 2.776131462223356827e-01 3.259856795685901476e-01 3.430593500973377896e-01 1.167501697113432601e+05 1.004248278630487475e+05 8.327606411768324324e+04 5.756724877534353436e+04 2.951574230922055508e-01
3.632650917595844908e-01 6.254595276590402264e-01 6.300268198140641651e-01 4.117690832880707141e-01 2.785394992821107474e-01 3.258160133632251321e-01 3.048403950857151989e-01 1.121244320928149828e+05 8.976306215015459748e+04 8.193966729949222645e+04 5.431200138681322278e+04 2.750688625394993592e-01
4.172030827279007981e-01 5.328116323929185105e-01 5.099635038464663817e-01 5.225688899687866984e-01 2.312540482519464258e-01 2.979617586940415674e-01 3.894585008287624883e-01 9.687667061961005675e+04 9.508099115226218419e+04 7.743044722261760035e+04 4.974961752056031401e+04 2.913946918345245995e-01
3.295957700533483359e-01 5.617750248391230050e-01 4.602248639848102729e-01 3.713486009118486253e-01 2.837437103812504580e-01 3.046518087920617734e-01 2.974217697660360704e-01 1.150148731446819438e+05 9.318107379753995338e+04 8.225358201201021438e+04 7.780094100872955460e+04 2.949373525552377862e-01
3.929190491937066820e-01 5.395305251906024058e-01 3.824685626229292201e-01 4.351796804787456119e-01 2.766132587423426603e-01 3.344044217146698861e-01 3.400358616776339993e-01 1.323139909931046132e+05 1.065279742611886031e+05 7.861529092493680946e+04 6.479948323972390062e+04 3.428198384431622725e-01
2.320662426428397040e-01 4.904742293513916773e-01 4.625916325025830611e-01 3.806542540858832702e-01 2.281206970445860127e-01 3.276737014698312689e-01 3.405610416184662870e-01 1.048461513447856705e+05 9.970911421363463160e+04 7.495307487956911791e+04 4.584368892670897912e+04 2.579340928743527606e-01
3.223705161082204285e-01 5.378883516305164036e-01 3.999737288699800053e-01 5.248611665305900065e-01 2.317173845554875156e-01 2.985165017496662077e-01 2.411090160793412374e-01 1.126055549714316439e+05 1.090598067599551869e+05 8.038573061799735297e+04 5.632893701845494070e+04 3.383681104782689242e-01
3.887871128214754335e-01 4.955654309571593807e-01 3.452057676923277474e-01 4.153626590221828896e-01 2.617908278968718583e-01 3.103217066082972209e-01 2.652301757699158657e-01 1.054061542780943564e+05 1.017047044170925947e+05 8.374107776415944682e+04 5.484778590680127672e+04 3.297778306401159543e-01
3.373903160335091078e-01 6.171720075457445276e-01 6.118845897948709256e-01 3.868901525687259424e-01 2.628772553093773889e-01 2.954694321094472609e-01 2.797084016277275875e-01 1.176906883362832305e+05 9.918053337722875585e+04 7.775950482687591284e+04 4.174949135264602228e+04 2.542516873214981654e-01
3.876501654156032095e-01 6.800049214042833690e-01 3.402302745710994447e-01 5.693113239022565830e-01 2.637603477484928294e-01 2.810362208878977031e-01 3.348334337908330793e-01 9.372367236597856390e+04 8.484950791564901010e+04 7.574833771116896241e+04 5.156056013635871932e+04 2.971827412242148414e-01
4.457857496571108191e-01 4.330794808156548936e-01 3.367912229797924151e-01 4.224114361286414043e-01 3.016316271452461062e-01 2.944485500203242179e-01 3.442234058767810190e-01 1.287869728386704664e+05 8.961793215157062514e+04 8.075679833537020022e+04 6.785694995903404197e+04 3.622625433351253088e-01
3.332207927872887221e-01 5.953390947271950395e-01 3.701704643183390542e-01 5.041767872564600905e-01 2.864953379047235904e-01 4.295644347391160967e-01 2.958137946672849128e-01 1.199706313110844349e+05 1.023901368109215982e+05 7.680985314099836978e+04 3.894071023221133510e+04 2.761704000223793032e-01
7.644877449887161891e-01 5.943925390130366804e-01 2.607668052102963263e-01 5.045848472448121180e-01 5.558109757791100947e-01 3.039149236626120798e-01 4.098233717045653424e-01 1.237504926060974103e+05 1.052927660080653004e+05 7.696436823232140159e+04 4.339212214833774487e+04 2.658098918994596382e-01
4.122198171220011753e-01 4.905636401825665960e-01 2.018818454929425521e-01 4.820669635416572341e-01 2.031980795994559885e-01 3.147048416446189267e-01 3.575194078619826632e-01 1.147538684757624142e+05 1.025876750041384657e+05 8.087524070751406543e+04 6.141032993100978638e+04 3.111521319804414487e-01
4.462943155323880751e-01 4.182876295231792163e-01 2.897040641243947556e-01 4.417218009045726923e-01 2.527397541330061448e-01 3.453492130828524909e-01 3.410852559105519988e-01 1.406412288291750592e+05 1.195337748797851818e+05 7.961241537112976948e+04 6.497629305057966121e+04 3.568916836801983017e-01
3.739511686977741167e-01 6.161104956573497660e-01 3.399394125461391303e-01 3.946035467343657621e-01 2.332203323067948975e-01 3.207233971323413813e-01 2.875166875972217095e-01 9.779209202986757737e+04 9.839275910379097331e+04 7.214571448936454544e+04 6.863819319510302739e+04 3.287688865042253106e-01
3.879499492970912011e-01 5.233572631691847388e-01 3.553821884844826640e-01 4.979193927476839310e-01 2.736331558434784705e-01 3.259930868565813489e-01 3.561505646409039993e-01 1.153870416540470032e+05 9.695579429391218582e+04 7.844588636803491681e+04 6.540522030920957332e+04 3.471275338850270953e-01
4.018073783152220080e-01 5.739257543515866589e-01 2.267713098639438096e-01 4.050449064582510861e-01 2.455436930561206710e-01 2.914774915871605199e-01 3.598648155372551338e-01 1.208669518417950312e+05 1.025377869880109793e+05 7.808315118245303165e+04 6.013396680274834944e+04 2.651221206504617567e-01
4.050689762901249491e-01 5.631962281744570253e-01 4.622092698886534623e-01 5.321027408195759811e-01 2.449891630834942213e-01 3.252905642085167637e-01 3.958186237059861390e-01 1.419154316514758393e+05 8.898682235580369888e+04 8.121032386601009057e+04 5.721417519011358672e+04 2.846802941831818590e-01
3.455633648099533661e-01 3.232899128405433697e-01 1.539346776553009999e-01 3.770704696119533961e-01 2.486476201223185578e-01 3.271230978406452494e-01 3.317423063970635910e-01 1.414282492373301066e+05 1.113940844362180651e+05 8.336336042651602475e+04 5.130256097394554672e+04 2.913023506866906365e-01
3.716551752534902886e-01 5.853541032502916908e-01 1.929375020825634945e-01 5.095319882212455687e-01 2.924011078493664040e-01 2.761136655574263910e-01 3.009651127299095563e-01 1.149136835525483766e+05 9.252026900458702585e+04 8.452594084821922297e+04 5.412119060708778852e+04 2.719229293154820093e-01
4.169317862639589367e-01 4.847204413502121945e-01 3.499505905884008894e-01 4.425085571920467364e-01 2.501449571742864197e-01 3.229702721138963950e-01 3.027766564034031216e-01 1.115300671174675081e+05 9.965820499700341315e+04 7.832753638234274695e+04 6.427772689043278660e+04 3.302939504541662075e-01
3.987933314781680894e-01 5.913640012387367806e-01 2.077102341516054163e-01 5.339938339608568674e-01 3.105698874589152281e-01 2.738075564708856158e-01 3.179153434554486957e-01 1.015925478712789918e+05 1.102405365106458630e+05 8.250686103140248451e+04 7.710891327080501651e+04 3.267208212260359623e-01
4.083145604149966412e-01 5.025154264517541769e-01 3.206560477296520051e-01 5.113329866978911786e-01 3.006392240579960351e-01 3.492951548200132206e-01 3.371833474060532687e-01 1.038484377043451386e+05 9.835495071510670823e+04 8.288381503237805737e+04 3.992192788201687654e+04 3.212531315489962069e-01
3.471036849871381724e-01 6.425201868169821973e-01 4.796634032622102417e-01 4.217918033805345135e-01 2.354687602857848394e-01 2.812353326108316676e-01 2.771024659535035184e-01 1.417746349904309318e+05 1.020046949380724545e+05 8.077050059175724164e+04 5.887063191769002151e+04 3.525524358224575439e-01
4.166177158756733112e-01 5.730291063583883293e-01 5.309192090893886107e-01 4.252710595973565044e-01 2.725538917889126500e-01 3.159642450630342214e-01 3.915486736112251398e-01 1.246690049290341558e+05 9.528573269386823813e+04 7.892773708936892217e+04 5.005782464169306331e+04 3.260590679213669074e-01
3.792029343135513986e-01 4.847171386229170986e-01 2.203554997330070264e-01 4.159496174652540512e-01 2.858516482831766070e-01 3.418665584609156816e-01 3.552377778791541152e-01 1.262100749514972267e+05 9.083755142245179741e+04 7.637305496877151018e+04 6.880662479227370932e+04 2.344120740631710775e-01
3.878400311223555996e-01 5.141680293327176576e-01 2.954296801793697691e-01 3.913320506458194403e-01 3.165478934083305051e-01 3.168799560667129867e-01 4.174108015287073536e-01 1.147773929010812717e+05 9.777156292344245594e+04 8.060806445815615007e+04 7.260583498507725017e+04 3.252966727259812285e-01
3.061011304902430119e-01 4.378136708728300741e-01 3.809007593209961517e-01 4.469528729164774505e-01 2.277925905948895158e-01 3.278564965742111759e-01 3.105761981231870417e-01 9.623145628570100234e+04 1.025616676354569936e+05 7.941418937675685447e+04 5.644732295038907614e+04 2.929489353558791809e-01
3.433946299539272218e-01 5.572404142930714732e-01 2.999264965311864706e-01 4.808253775538223196e-01 2.756081017595784499e-01 3.409721064236339583e-01 3.564536906537760785e-01 1.149247711817402014e+05 1.008576148135501280e+05 8.049002608976226475e+04 7.651931624064965581e+04 2.855545148610916795e-01
4.315394810381609769e-01 5.241683290080773050e-01 3.524268922024914596e-01 4.004601985878574744e-01 2.747219414857969277e-01 3.105882090117623173e-01 3.844751382480517954e-01 1.001186263746375043e+05 8.859760613343332079e+04 7.725157507899944903e+04 5.097605014007049613e+04 3.355611040731645844e-01
3.362847424057390788e-01 2.852728286148136227e-01 1.397786915459493240e-01 3.330752811533745361e-01 2.360868874322571698e-01 3.010203470952153015e-01 2.929296352370953649e-01 1.249513289482745022e+05 1.056841781599221431e+05 7.744853102998044051e+04 4.519234289271198213e+04 2.666128130299642018e-01
4.095493722202368514e-01 4.078575745301186717e-01 2.985474008195354023e-01 4.263160289397459612e-01 2.913204546242841309e-01 3.124207031600290674e-01 3.110672035030090932e-01 1.471982979780042078e+05 8.759431860931016854e+04 7.868041169236783753e+04 3.886138904423938948e+04 3.311289287906423184e-01
4.460105899762520920e-01 5.151515584115019530e-01 3.966825871849146701e-01 5.210537660776617397e-01 3.355934583953499306e-01 3.609172092773063611e-01 2.313461088932844689e-01 1.312717189515385835e+05 9.149420119513988902e+04 7.721501928727632912e+04 6.403129689447848068e+04 3.557954214602898624e-01
4.391509133753556671e-01 5.797536893714239081e-01 2.909244150617230074e-01 4.754466447650992911e-01 2.463564842472541760e-01 3.260204552592695926e-01 3.428639101295516967e-01 1.008219103679046384e+05 9.996660661103179154e+04 7.742156243181963509e+04 6.450070737803777592e+04 3.577689465265627700e-01
3.131591413599348339e-01 5.309733674501319056e-01 4.141318410045712328e-01 4.257783158058857098e-01 2.574039353881217851e-01 3.079880154282761406e-01 3.483556320390068795e-01 1.171214292846502358e+05 1.051344508356854203e+05 7.974892015361282392e+04 4.416044060514614102e+04 3.344181093468914234e-01
5.918296591234729620e-01 5.989690099277230617e-01 1.637032282862886934e-01 6.213447373083273995e-01 7.565763602887224382e-01 3.454176340839364978e-01 5.646141666348044597e-01 1.253639544584507530e+05 1.059082964618321130e+05 7.768455114534310997e+04 4.571764522404834861e+04 2.599457537917889138e-01
3.698178147105105618e-01 4.164839205761894370e-01 2.472344922600757389e-01 5.136729952807069788e-01 2.865981767917387124e-01 3.383617938473559850e-01 2.971376781454010407e-01 1.257981446545228391e+05 9.979257652153904201e+04 8.031899041255288466e+04 7.404258302655856824e+04 2.727908129825233896e-01
3.856903479625247155e-01 5.098133627831185066e-01 3.624603974878292112e-01 4.768716837152534027e-01 2.790639055000074253e-01 3.123979620838000515e-01 3.265454303325986962e-01 1.138747537848678912e+05 8.392586846735909057e+04 8.238454890098422766e+04 5.317887609238217556e+04 3.528340489905483768e-01
3.704495991063527782e-01 5.192949331689615811e-01 2.333561861202963494e-01 4.669890081272746740e-01 2.935133406965982905e-01 3.294757282105766905e-01 3.415862744948627294e-01 1.135085471053289657e+05 9.006703716390166664e+04 7.963626656724874920e+04 7.963903332620278525e+04 3.010071488375143378e-01
4.294010719799740139e-01 5.468334842727791134e-01 2.898416053123640257e-01 4.655490569482816365e-01 2.473526896874865821e-01 2.841867295430197671e-01 3.278253529582763615e-01 1.074724309199226991e+05 8.839174792104208609e+04 8.342370471274240117e+04 5.509371811523645010e+04 3.286744842071079864e-01
3.539134330754670765e-01 5.545847745263228212e-01 3.467663699593752091e-01 5.032453126722947756e-01 2.680960834752655897e-01 3.377313386245630600e-01 3.646953875424462921e-01 1.380574284879644983e+05 9.945186718577693682e+04 7.798558181297220290e+04 5.029369032286950096e+04 3.067983498945158760e-01
3.860937049549225120e-01 4.396064574487434928e-01 4.178784912536359086e-01 5.464651095605620457e-01 2.529643040161235756e-01 3.007824235590357831e-01 3.284800156786334413e-01 1.100510606233174040e+05 9.439334432334745361e+04 7.576917700353036344e+04 5.309434948685279232e+04 3.462968118663825035e-01
2.939892546136799734e-01 5.302807368843541758e-01 3.402699248474027605e-01 5.208459465664244670e-01 3.212564073848460100e-01 3.218376897038816575e-01 2.947187183167207514e-01 8.564084468767423823e+04 1.070233893548178603e+05 7.849480032254065736e+04 5.697796173339543748e+04 3.374364950514200379e-01
3.211450174705348104e-01 5.589839076625842118e-01 3.973254325531178077e-01 5.180660485144139571e-01 3.325386322169521236e-01 3.168492779360095324e-01 2.710830036748224092e-01 1.206820074901558837e+05 1.043841039242934639e+05 7.437083168236416532e+04 4.596302173422982014e+04 2.657126892824213660e-01
4.203811429750297646e-01 5.415998335005743902e-01 3.523590835185420045e-01 4.790298364528806085e-01 3.013938786690336658e-01 2.985824957747091890e-01 3.290180319520195629e-01 1.222860509294698131e+05 9.733628230844157224e+04 7.956747309028195741e+04 3.838696938888615114e+04 3.200902490500764364e-01
4.421671789754626491e-01 5.133147838775786731e-01 3.137628748644539778e-01 4.711784671934221569e-01 2.260887133317252273e-01 3.160846148665978350e-01 3.209939894522126913e-01 9.910939063707320020e+04 1.106239911824664596e+05 7.751217298032250255e+04 5.883340437593755632e+04 3.328264363708893780e-01
3.922188127669009039e-01 5.304355530263776819e-01 3.473962944903330463e-01 5.672219037444022893e-01 3.057983818634280038e-01 2.822909729112721977e-01 3.602672569965633120e-01 1.225973928342109575e+05 1.092524359587395884e+05 7.903663520181174681e+04 5.859252903309242538e+04 3.406350779762922221e-01
3.307413641796254078e-01 6.129178598607168960e-01 2.202999694458092905e-01 4.075062163902143375e-01 2.526532389004809143e-01 2.958970469769874878e-01 2.827171828623954997e-01 1.259595189759775385e+05 1.067007459634213883e+05 7.737878046982508386e+04 4.282546335254138103e+04 2.563995540991214073e-01
1.539297632094433765e-01 6.475997957095158686e-01 3.780078369429053231e-02 3.854126743480651984e-01 3.205352694793366375e-01 2.708726243359277919e-01 3.489830410919934622e-01 1.037856142138235300e+05 1.074110137960377760e+05 7.700642401836912904e+04 5.358463324568704411e+04 3.282877858589798858e-01
4.093502912663155580e-01 4.709761235329502638e-01 2.542325236290045032e-01 4.428321576214409028e-01 2.213212373521285803e-01 3.215626953657560461e-01 3.426285326119575814e-01 1.302782091307071969e+05 9.448923720524435339e+04 8.001920417553848529e+04 4.507843921148388472e+04 3.383448218042215405e-01
3.858776153607616499e-01 5.808329998611619915e-01 3.575868798358146639e-01 5.674556167338331569e-01 2.585201797034203386e-01 2.785272549634986161e-01 3.359993067845832293e-01 1.063931493428086978e+05 1.061205747714593890e+05 8.108020210313142161e+04 3.020263275561420232e+04 3.064599051876911728e-01
4.259309199817110647e-01 5.793239116800047439e-01 4.811567841716126170e-01 4.970258988773545439e-01 2.731785262577302587e-01 2.937379067543750555e-01 3.518348402792924601e-01 1.147603036146886589e+05 1.039575629527020064e+05 7.908658258430547721e+04 4.980263075775229663e+04 3.069022657809670207e-01
3.987594674855868271e-01 4.758461216177067854e-01 3.980701434799900351e-01 3.823334137519446840e-01 2.615458731051734098e-01 3.246473828045291499e-01 3.817496348137853213e-01 1.362728940527655650e+05 1.072501111169899668e+05 7.666859454831281619e+04 7.099141747691277124e+04 3.355206579208326878e-01
3.896328806100338715e-01 4.834720054763455011e-01 1.492168575989886448e-01 5.276832311489033644e-01 2.535538196230978092e-01 3.053048244611655249e-01 2.986747543112718839e-01 1.149835678545424162e+05 8.503865909834590275e+04 7.674225997948300210e+04 5.974567697964241961e+04 3.435940315307508541e-01
3.973221632340975806e-01 4.952788203698741953e-01 2.252279724214968637e-01 4.814776063761047609e-01 2.544353970616300420e-01 3.742280876114630894e-01 3.641187372631404795e-01 1.227347271512792213e+05 1.133557528874664131e+05 7.366656901669938816e+04 5.413658216150255612e+04 2.486060265642922873e-01
3.620201248244185877e-01 3.769614289625022874e-01 2.049314039118089459e-01 3.921633775992509063e-01 2.832058164428146174e-01 3.282102073579272750e-01 2.787917198400070573e-01 1.388729258061110158e+05 8.429141976007018820e+04 7.416363551479169109e+04 6.299937984004530153e+04 3.435337364440572694e-01
3.358482319269643357e-01 6.161307626337318988e-01 6.000229379411567976e-01 3.001048185087336062e-01 2.593867105909359871e-01 2.740912342728219486e-01 2.535939996443097311e-01 1.058372216624940629e+05 8.728414505966544675e+04 7.958150655489493511e+04 3.496267617830326344e+04 2.378628832976291685e-01
4.171693726636324095e-01 5.004272930157341870e-01 2.366964937388077450e-01 5.282138651732608547e-01 2.428707129744640536e-01 3.294715777276116531e-01 3.967817381023716061e-01 1.225133574776323367e+05 1.183301232135779574e+05 7.198299117336689960e+04 6.560750388255406870e+04 3.485702693116756734e-01
3.986523878020926115e-01 5.224970900327283729e-01 4.157970764363645433e-01 4.114620181019523759e-01 2.693821135751631735e-01 3.184954623110565763e-01 3.549290422285957813e-01 1.263572028081196913e+05 9.804500316305257729e+04 8.168494746791385114e+04 5.636059518448533345e+04 3.474403124471654447e-01
3.912430886558740939e-01 5.464458651572224879e-01 3.566765045722716243e-01 4.788327538663357252e-01 2.925109174662574585e-01 3.244159599700499608e-01 3.325497459517769427e-01 1.312283484262795246e+05 8.807440390894527081e+04 8.344546847870675265e+04 6.349586661912778072e+04 2.473400411054507697e-01
3.470222139907378489e-01 5.267339910978410256e-01 2.752639682404656174e-01 5.186467270762716852e-01 3.112764787359961205e-01 3.194301480883529054e-01 3.948183841816162443e-01 1.273423565405632689e+05 1.062934321307594073e+05 8.251018083201110130e+04 7.377982795077843184e+04 3.518240962723692133e-01
4.187625548384447671e-01 5.327453029378910188e-01 3.943427563132312352e-01 5.236127059741542134e-01 3.012637198489295787e-01 3.153460609442113038e-01 2.730057694083939390e-01 1.210118301441351359e+05 9.995158106964296894e+04 7.881410813364159549e+04 5.991412271591182798e+04 3.397693937701981026e-01
3.878840687151579036e-01 4.720185151907966281e-01 2.905386581100575794e-01 5.156784481206649895e-01 3.108359697461484106e-01 3.501991034050309093e-01 2.863550203523876347e-01 1.162669886526782211e+05 9.788831220317403495e+04 7.601156719561856880e+04 8.036161154824597179e+04 3.311505770979519259e-01
5.515885790820493906e-01 6.121153407498515220e-01 5.441705637549607566e-01 4.641199918638136968e-01 8.672322643977500300e-01 3.003834822519699244e-01 7.164432154572977218e-01 1.265473994865083077e+05 1.061470113575500873e+05 7.831954393884098681e+04 4.681538173238933086e+04 2.847043502605108856e-01
4.315242368705960452e-01 4.833398950530646832e-01 2.874488766759523140e-01 5.130758699116936272e-01 2.840236958677688772e-01 3.492659469938121930e-01 2.575081556544254191e-01 1.100359883574048581e+05 8.517111934232796193e+04 7.945845783744602522e+04 7.077011425707161834e+04 3.593636283853621771e-01
4.030597613492081788e-01 5.926408213433275174e-01 2.473356229436439457e-01 4.627960637775027086e-01 2.845602574341981605e-01 3.174946473898460630e-01 3.495487589867290468e-01 9.543982875831372803e+04 9.836321042181718803e+04 7.827003559873365157e+04 6.626011596035886032e+04 2.638930943873852297e-01
2.791666212003738878e-01 5.415448634903963221e-01 3.401462831991790975e-02 5.436742214097570747e-01 2.515528786980176235e-01 3.481613488396713696e-01 3.992272396258622069e-01 1.268462553811717953e+05 1.135492997285902529e+05 7.633372536986731575e+04 5.606944456696876296e+04 2.332697901256330641e-01
3.522114404052981707e-01 4.932864279016414000e-01 3.962378759228186720e-01 5.081336037502931502e-01 2.620032441766307341e-01 3.913527978053245038e-01 3.584283707741314218e-01 1.253543903325102729e+05 9.004220449270722747e+04 8.269146346310402441e+04 5.756490031820209697e+04 3.112419704458999625e-01
4.019774870917962040e-01 5.141829023165697121e-01 2.800747889092572440e-01 5.369204603196039427e-01 3.063146466468003037e-01 3.275234944970200068e-01 3.345855773784717768e-01 1.288790937531275704e+05 1.083360280819170002e+05 7.938660775777096569e+04 7.433793033203837695e+04 3.539355597243079021e-01
4.323690088707097812e-01 4.786542350309331284e-01 3.486978029411212376e-01 4.024274236042061359e-01 2.729860101698250441e-01 3.197113158442771441e-01 2.721873591469053388e-01 1.245916683504574903e+05 8.913508183851350623e+04 7.702865331584359228e+04 6.437475504941835970e+04 3.040132687218566887e-01
4.425749158343043610e-01 5.124703298178043820e-01 4.365052228774538023e-01 4.587216122223841119e-01 2.545532257831574774e-01 3.230676434101456551e-01 3.012037740615321479e-01 1.178245407886146568e+05 8.867701977827103110e+04 7.901403943273641926e+04 6.228394762120744417e+04 2.522576801566821514e-01
4.764004090723919504e-01 5.915733633927999779e-01 5.403316190109586081e-01 4.491298887991781452e-01 7.731585313741752286e-01 5.362965790225431295e-01 6.576571291054053026e-01 1.212269151438818080e+05 1.031450298556180642e+05 7.727744092992681544e+04 4.734795196694823244e+04 2.685304577455281949e-01
4.933618752099047100e-01 5.878138373013002127e-01 5.227443572943214489e-01 5.013739982173744947e-01 2.456301103304272260e-01 3.131728408750548698e-01 2.555414544927092635e-01 1.679444354974253220e+05 8.842097699928183283e+04 8.255271357237860502e+04 6.745431516216839373e+04 2.438943220574570359e-01
3.278343945146233729e-01 6.085860254990709262e-01 1.111463370042409665e-01 6.620192961899605821e-01 2.520965751077069994e-01 3.029118646531949177e-01 2.788105037013116072e-01 1.106996667562914663e+05 8.858270076624389912e+04 8.183836821525049163e+04 4.076264780226994480e+04 2.493699372249072177e-01
3.931755212881440364e-01 5.123689728285919509e-01 3.059194043620020453e-01 5.073156482273690759e-01 2.521212210615345617e-01 3.170656131851844473e-01 3.432214555553001478e-01 1.110125347737803095e+05 9.261853017218738387e+04 8.162354209214274306e+04 7.977928967189091782e+04 2.721115260305016492e-01
