3.368912682286150928e-01 5.498377983760633914e-01 5.061163534420806132e-01 5.383901100334175238e-01 2.548760336261955972e-01 3.383133849652645853e-01 2.866538518698339422e-01 1.392736642564503418e+05 1.134067630424245144e+05 8.141752739835981629e+04 2.990686379138304255e+04 3.046120263480111556e-01
3.301041446386683842e-01 5.798258561529606725e-01 5.776078695932436169e-01 3.561772198368464148e-01 2.413456719330697720e-01 2.353798807539427829e-01 2.810138704483747807e-01 1.419163773917523504e+05 1.212595634675994952e+05 7.665747665493619570e+04 3.160362389046308454e+04 2.556418095638756105e-01
4.589027937746700814e-01 4.938839782248033439e-01 5.184846464016961143e-01 4.508458909762814160e-01 2.905223269760612848e-01 2.837952309954737129e-01 3.360129719713885743e-01 1.381156626355762419e+05 1.029781592567742773e+05 7.949756302473075630e+04 5.631389931937222718e+04 2.552199462624500925e-01
4.124937210615486349e-01 5.423389892858820893e-01 4.980943364538162332e-01 4.090509279987596392e-01 2.940127896895872728e-01 3.143803902347981905e-01 2.531248333007167783e-01 1.536371722707639565e+05 9.538713848587266693e+04 8.084147927851787244e+04 5.388394478742455976e+04 2.668699179211391215e-01
4.499399713775376619e-01 5.471952136721860427e-01 4.550978939699165116e-01 3.942465484618747351e-01 2.776131462223356827e-01 3.259856795685901476e-01 3.430593500973377896e-01 1.167501697113432601e+05 1.004248278630487475e+05 8.327606411768324324e+04 5.756724877534353436e+04 2.951574230922055508e-01
3.632650917595844908e-01 6.254595276590402264e-01 6.300268198140641651e-01 4.117690832880707141e-01 2.785394992821107474e-01 3.258160133632251321e-01 3.048403950857151989e-01 1.121244320928149828e+05 8.976306215015459748e+04 8.193966729949222645e+04 5.431200138681322278e+04 2.750688625394993592e-01
4.172030827279007981e-01 5.328116323929185105e-01 5.099635038464663817e-01 5.225688899687866984e-01 2.312540482519464258e-01 2.979617586940415674e-01 3.894585008287624883e-01 9.687667061961005675e+04 9.508099115226218419e+04 7.743044722261760035e+04 4.974961752056031401e+04 2.913946918345245995e-01
3.295957700533483359e-01 5.617750248391230050e-01 4.602248639848102729e-01 3.713486009118486253e-01 2.837437103812504580e-01 3.046518087920617734e-01 2.974217697660360704e-01 1.150148731446819438e+05 9.318107379753995338e+04 8.225358201201021438e+04 7.780094100872955460e+04 2.949373525552377862e-01
2.320662426428397040e-01 4.904742293513916773e-01 4.625916325025830611e-01 3.806542540858832702e-01 2.281206970445860127e-01 3.276737014698312689e-01 3.405610416184662870e-01 1.048461513447856705e+05 9.970911421363463160e+04 7.495307487956911791e+04 4.584368892670897912e+04 2.579340928743527606e-01
3.373903160335091078e-01 6.171720075457445276e-01 6.118845897948709256e-01 3.868901525687259424e-01 2.628772553093773889e-01 2.954694321094472609e-01 2.797084016277275875e-01 1.176906883362832305e+05 9.918053337722875585e+04 7.775950482687591284e+04 4.174949135264602228e+04 2.542516873214981654e-01
3.471036849871381724e-01 6.425201868169821973e-01 4.796634032622102417e-01 4.217918033805345135e-01 2.354687602857848394e-01 2.812353326108316676e-01 2.771024659535035184e-01 1.417746349904309318e+05 1.020046949380724545e+05 8.077050059175724164e+04 5.887063191769002151e+04 3.525524358224575439e-01
4.166177158756733112e-01 5.730291063583883293e-01 5.309192090893886107e-01 4.252710595973565044e-01 2.725538917889126500e-01 3.159642450630342214e-01 3.915486736112251398e-01 1.246690049290341558e+05 9.528573269386823813e+04 7.892773708936892217e+04 5.005782464169306331e+04 3.260590679213669074e-01
4.259309199817110647e-01 5.793239116800047439e-01 4.811567841716126170e-01 4.970258988773545439e-01 2.731785262577302587e-01 2.937379067543750555e-01 3.518348402792924601e-01 1.147603036146886589e+05 1.039575629527020064e+05 7.908658258430547721e+04 4.980263075775229663e+04 3.069022657809670207e-01
3.358482319269643357e-01 6.161307626337318988e-01 6.000229379411567976e-01 3.001048185087336062e-01 2.593867105909359871e-01 2.740912342728219486e-01 2.535939996443097311e-01 1.058372216624940629e+05 8.728414505966544675e+04 7.958150655489493511e+04 3.496267617830326344e+04 2.378628832976291685e-01
5.515885790820493906e-01 6.121153407498515220e-01 5.441705637549607566e-01 4.641199918638136968e-01 8.672322643977500300e-01 3.003834822519699244e-01 7.164432154572977218e-01 1.265473994865083077e+05 1.061470113575500873e+05 7.831954393884098681e+04 4.681538173238933086e+04 2.847043502605108856e-01
4.764004090723919504e-01 5.915733633927999779e-01 5.403316190109586081e-01 4.491298887991781452e-01 7.731585313741752286e-01 5.362965790225431295e-01 6.576571291054053026e-01 1.212269151438818080e+05 1.031450298556180642e+05 7.727744092992681544e+04 4.734795196694823244e+04 2.685304577455281949e-01
4.933618752099047100e-01 5.878138373013002127e-01 5.227443572943214489e-01 5.013739982173744947e-01 2.456301103304272260e-01 3.131728408750548698e-01 2.555414544927092635e-01 1.679444354974253220e+05 8.842097699928183283e+04 8.255271357237860502e+04 6.745431516216839373e+04 2.438943220574570359e-01
