3.868344881351182263e-01 6.170796025361543480e-01 7.260826595480253109e-01 3.168117160906682162e-01 2.443226242559157491e-01 3.044027424834513385e-01 2.402719916351551965e-01 1.278698217696254287e+05 1.121562944739115774e+05 7.496891084149271774e+04 4.248807648945465917e+04 2.478226415940441296e-01
4.746200962956856895e-01 6.320702669262110440e-01 7.301907227990362959e-01 4.023212727586140125e-01 2.499173846227158158e-01 3.624695244385054416e-01 3.320798602673838973e-01 1.098060120606815472e+05 9.424072318303125212e+04 7.695356295077115647e+04 4.230049259549565613e+04 3.763502369666650860e-01
4.673130266369413532e-01 6.359496939073018273e-01 6.510852332987324687e-01 4.177244900130553940e-01 2.261097350356484348e-01 3.408247668880305392e-01 3.334670580508137250e-01 1.162062049655129085e+05 1.199878498652584967e+05 7.439281216304600821e+04 6.215391202322130266e+04 3.917738603390140684e-01
3.373769101683947169e-01 7.397364395996361974e-01 6.384633345398806892e-01 4.065464187285294795e-01 2.153205289306505399e-01 3.397554656309960119e-01 2.356181560372274664e-01 1.690187810395940032e+05 1.099781711522896367e+05 7.614254221094149398e+04 4.219093522572307120e+04 3.164829873643102975e-01
3.858320607630744692e-01 6.515512621540945348e-01 7.580268590779324356e-01 3.990127834735408552e-01 2.592299391177026457e-01 3.439751585447192173e-01 2.488527921815799626e-01 1.267089299432855478e+05 1.109534119673841633e+05 7.490073889052258164e+04 4.569136664127682161e+04 2.527955038632646589e-01
4.757461564567596057e-01 6.250812901452138526e-01 6.990676390853713951e-01 4.123665674653064772e-01 3.101206800661078233e-01 3.193565490405005924e-01 3.539125516560373552e-01 1.323047984831989743e+05 9.107921205073122110e+04 7.829932954077339673e+04 2.374359287764662076e+04 2.746328676936390933e-01
4.930016915126163024e-01 6.503792701361645889e-01 7.584997406239898377e-01 4.175717064273981038e-01 2.649697943794595001e-01 3.497808149398382027e-01 2.719524982535048152e-01 1.435690939185362950e+05 1.187684034942192084e+05 7.935655593739666801e+04 5.222562615197442210e+04 3.250187933873037727e-01
5.379391700206789251e-01 6.622763851118155243e-01 6.971567824410730418e-01 4.514682610357672043e-01 2.863247266219727805e-01 2.970361955904907147e-01 3.181167489595581599e-01 1.501566060152450809e+05 1.193667022177365288e+05 7.326175123275379883e+04 6.556978282619648962e+04 3.349712072286950559e-01
4.440959239198422059e-01 5.949522191679922356e-01 6.596700289251132832e-01 5.329791007450329632e-01 3.210335541148707783e-01 3.290736907611712114e-01 2.853637386125764674e-01 1.222788170710885024e+05 8.786720309121187893e+04 7.602091447466089448e+04 4.667758033505444473e+04 2.204647866599042660e-01
3.938958604124380702e-01 5.884394221789926993e-01 6.415763241586490695e-01 5.541479148795458443e-01 2.289562725799650089e-01 3.114193492095520543e-01 3.785235161405799964e-01 1.310666598538597173e+05 1.064554534313475597e+05 7.472370308812450094e+04 5.542000532933719660e+04 2.258250535170142348e-01
4.084439935720766135e-01 6.971555330409063833e-01 6.662552155290680789e-01 4.672733801136083054e-01 2.183565138759264446e-01 3.292789898955147398e-01 4.077866938716900314e-01 9.979551419691821502e+04 1.125024915662381682e+05 7.738647661593335215e+04 5.467322354106284911e+04 3.451445784877668066e-01
4.551149478453293540e-01 6.740673834620578564e-01 6.205627709217186316e-01 4.576143793219041300e-01 3.054370914696548089e-01 3.531592569790615865e-01 2.736071566105227615e-01 1.105844228357146349e+05 9.938528176182589959e+04 7.816321634453700972e+04 6.528289703196324990e+04 2.363219696803336989e-01
4.906299292379062149e-01 6.227253142702726674e-01 6.995358015824502118e-01 4.769787853488808294e-01 2.391955820716999137e-01 3.407799538724348154e-01 2.659442999937291496e-01 1.177858760063843365e+05 1.430883673152002448e+05 7.758505836437345715e+04 6.102043543354065332e+04 2.643997584622980734e-01
6.074845581841218367e-01 6.477438101724354302e-01 6.991589310180882366e-01 4.844360704721989985e-01 8.907346632836644629e-01 4.852339750323838574e-01 7.393289497392048215e-01 1.368592146570727054e+05 1.201898063415903162e+05 7.500145306990627432e+04 4.699106318351213849e+04 3.502674668603815711e-01
3.793610250650101268e-01 6.320227314377806493e-01 7.323932442004336130e-01 3.917643460783012399e-01 2.394536572308534617e-01 2.936068666830674578e-01 2.448514195078385913e-01 1.617832952222749882e+05 1.447720429270094319e+05 7.324982356442292803e+04 3.619479081668498111e+04 2.490248015577087026e-01
