3.792414643737380131e-01 5.713766631811225682e-01 4.233330512892897329e-02 6.147634489654979495e-01 2.119524156597888676e-01 3.728435366795060935e-01 2.579602747318035516e-01 7.448683811601903290e+04 5.789624644449131301e+04 8.576621987558576802e+04 4.217564413517760113e+04 1.292859938313538071e-01
3.580685492768111433e-01 2.084697330672399262e-01 3.316276800996066365e-01 3.547655713008562861e-01 1.924485828924794584e-01 2.488145029099173566e-01 2.405356032790151033e-01 9.006106978018103109e+04 7.620175826224470802e+04 7.795330831689057231e+04 5.238207646097569523e+04 3.575580248349175538e-01
4.834106724804674848e-01 5.860426322545013722e-01 5.849210634557618915e-01 4.986401929169885783e-01 2.749704656424174498e-01 3.695318663926765446e-01 3.199507510707308433e-01 1.436783706479065004e+05 1.190931772011224239e+05 7.836480067779141245e+04 6.706708679761015810e+04 3.182673841550491822e-01
3.868344881351182263e-01 6.170796025361543480e-01 7.260826595480253109e-01 3.168117160906682162e-01 2.443226242559157491e-01 3.044027424834513385e-01 2.402719916351551965e-01 1.278698217696254287e+05 1.121562944739115774e+05 7.496891084149271774e+04 4.248807648945465917e+04 2.478226415940441296e-01
4.119952002093253962e-01 6.678623764614445291e-01 4.784063179087031381e-01 5.144396731236464682e-01 2.357954298802451276e-01 3.481094588226736897e-01 2.684407741580939755e-01 1.227304422554819612e+05 1.195171138744878990e+05 7.452894326698413352e+04 4.780743034605085268e+04 2.886823308887978556e-01
3.567262695692224317e-01 4.323200154257216821e-01 2.242665960150646842e-01 4.086192741108309323e-01 1.982143119335579851e-01 2.783588382016798368e-01 2.611282433188357177e-01 1.513271188266869867e+05 1.332493849839193281e+05 7.452423351688031107e+04 4.846888489674167795e+04 2.212974548588351187e-01
4.679313393510675656e-01 4.711460875528341585e-01 4.076717514074479354e-02 3.668014736412892884e-01 1.768325468610081053e-01 8.583146526220446215e-02 2.640835166220621977e-01 1.321075178784863383e+05 1.175286256643637316e+05 7.385629843683549552e+04 3.885006471458033775e+04 2.628879627349287040e-01
6.560630089419086097e-01 5.634002198763389258e-01 5.078422941481409714e-01 6.015939908555092419e-01 3.157263183111951310e-01 4.212824759397246766e-01 4.814120417183812006e-01 1.754342384772934893e+05 1.297324764107702358e+05 8.918052603669633390e+04 1.302027233186315570e+05 4.763979259306646008e-01
6.602763685353214562e-01 6.210635890053753938e-01 6.271394368085406734e-01 5.622491322718714546e-01 3.190473188289619788e-01 4.644382014147997451e-01 4.007330763744885727e-01 1.652471895343670330e+05 1.029476733621591702e+05 1.052794010381189582e+05 1.531693885914019484e+05 6.217272082734589533e-01
6.020534702875470767e-01 5.491168514960975688e-01 6.169227544683567599e-01 5.401785381765964456e-01 3.126152185111669146e-01 4.501449666182013032e-01 6.162871681619259689e-01 2.316138238274069154e+05 1.835227217461441178e+05 8.292628593459184049e+04 1.390903021908344817e+05 3.802397007023010644e-01
4.922636579949431490e-01 5.793894372029138040e-01 5.235043599937135861e-01 5.250161133805749669e-01 3.041055663358879224e-01 4.051365038969534926e-01 3.741333303542521138e-01 1.832171814645318955e+05 1.523725977063974424e+05 7.896159952571052418e+04 1.156928976945520408e+05 3.515570497578136000e-01
3.297038758933534819e-01 5.661849419508432346e-01 3.809789397403212652e-01 4.140308484202066541e-01 2.591357138286280448e-01 2.954865972686339104e-01 2.114935923668616879e-01 9.787316372660208435e+04 8.998106995204459236e+04 7.137664079972998297e+04 3.324948279302740411e+04 2.302358463737081973e-01
5.531544996579148554e-01 2.723636769290004311e-01 4.711077314966744534e-01 4.914790769323307273e-01 2.261503431180923174e-01 3.230033007280962432e-01 3.851876517572653813e-01 4.909227993244301615e+04 4.393136485230111430e+04 7.454722113562223967e+04 7.314486965833000431e+04 2.906307122585624625e-01
4.352004208664544405e-01 6.324906751193057897e-01 6.993426586811197776e-01 4.569263089134015243e-01 2.619513685150023363e-01 2.858098929781806019e-01 3.199950787799678564e-01 1.084433140282957611e+05 1.012447592737194645e+05 7.411901336273366178e+04 9.196407513644994469e+04 3.405058980455537010e-01
4.039795839868338678e-01 6.335857607544790326e-01 5.244627022738985733e-01 4.621864887371516240e-01 2.395107965473823319e-01 3.400885466109410671e-01 3.277672247842512987e-01 1.344512674543778994e+05 1.249130870648313430e+05 7.495894249891929212e+04 6.919714541259355610e+04 3.094528959600687523e-01
4.895018646819651043e-01 6.033651211288851846e-01 4.868377514423130048e-01 5.223113911997856462e-01 2.479297254436907127e-01 3.602353359652411546e-01 3.350173913005314308e-01 1.298446544989406684e+05 1.219761969184978661e+05 7.947265641392114048e+04 6.524352445569221163e+04 2.707727933274154397e-01
4.518011832280812712e-01 4.853968462966149477e-01 6.310498316992027013e-01 4.573332016533629418e-01 2.201396423097884969e-01 3.109996978687220581e-01 3.225666595344144350e-01 1.417340933333727589e+05 1.145376711050474114e+05 7.237002871791129292e+04 4.556546706837694364e+04 2.935860353851413307e-01
4.785242579378905514e-01 6.562680292019105188e-01 5.514513399504857860e-01 5.859684741496729021e-01 3.073990050425265963e-01 3.935479169807434285e-01 3.101883634175150450e-01 1.779037089191338746e+05 1.245223650240893039e+05 9.390005979941581609e+04 8.145219627225084696e+04 4.756628110992485170e-01
3.556177183164382360e-01 6.151675817871284924e-01 4.661018315506553211e-01 4.524511787803573437e-01 3.143442000501586175e-01 3.528675414394711884e-01 2.852092015310205841e-01 1.400026989354149555e+05 1.240220863525194873e+05 7.410565110692866438e+04 3.723825322917931044e+04 2.628685207359935383e-01
5.010372441307994196e-01 4.901113049366934149e-01 1.002793829302135037e-01 4.717115078975382403e-01 1.599871857123383589e-01 3.696205269100159008e-01 5.044146404541013373e-01 1.635808354909850750e+05 1.387629291244483611e+05 7.589601535957341548e+04 6.526294274221068190e+04 1.772131160983657916e-01
4.746200962956856895e-01 6.320702669262110440e-01 7.301907227990362959e-01 4.023212727586140125e-01 2.499173846227158158e-01 3.624695244385054416e-01 3.320798602673838973e-01 1.098060120606815472e+05 9.424072318303125212e+04 7.695356295077115647e+04 4.230049259549565613e+04 3.763502369666650860e-01
3.849828932189913733e-01 5.399575809645368318e-01 4.714723729952334241e-01 5.087859614031421396e-01 2.814960847356616780e-01 3.338649264484335744e-01 2.430907792160379721e-01 1.505438106745058321e+05 1.102193658006297628e+05 7.802651643308851635e+04 5.426154844391923689e+04 2.987347558021901661e-01
4.109759078530017540e-01 5.448414673584293100e-01 4.506461233519102882e-01 4.371058530680190235e-01 2.479694257072211638e-01 3.365204117199663836e-01 2.950679800392522756e-01 1.345369239433164767e+05 1.112348083910131681e+05 7.943877830245987570e+04 6.636799391526886029e+04 2.759499638653624687e-01
4.169701023568812004e-01 5.551482214652296854e-01 3.922031902322825614e-01 5.589728232198472035e-01 2.731210369314099329e-01 3.713068145015580579e-01 3.196503715337076779e-01 1.139674354701818665e+05 9.573913336984073976e+04 7.735720156432857038e+04 2.126678678126864543e+05 4.078400987966488422e-01
3.504143676051261203e-01 5.300775231740195714e-01 3.171003016460097745e-01 4.818578211856252569e-01 2.283175871131307433e-01 3.181992753409503827e-01 2.466062155983658466e-01 1.488153946269860025e+05 1.364239673215773655e+05 7.161163942785754625e+04 8.336793682175317372e+04 3.490198183659984354e-01
3.456037840822497875e-01 5.171892346575553967e-01 3.580293476634653915e-01 6.360803798508247731e-01 2.448786324870469155e-01 3.930793395273163293e-01 3.397446437931309626e-01 1.729327502181334712e+05 1.335301269086609536e+05 7.344851523861809983e+04 4.810848364119994221e+04 2.482820955172503341e-01
4.712716474230761454e-01 5.762362201470068168e-01 4.337355926059410782e-01 5.514078268692049756e-01 2.051970850861773998e-01 3.148213273728449613e-01 2.625553812036637846e-01 1.280935150626089599e+05 1.095700029015207983e+05 7.864918113000372250e+04 6.282822983056872908e+04 3.024786287202316237e-01
4.151044682788658791e-01 6.216333019964754847e-01 -3.312216656928446828e-02 7.448713965385485025e-01 3.250402096816007447e-01 3.326158030512017527e-01 2.578513340439963497e-01 1.374850823731673008e+05 1.143017089860321576e+05 7.889953323951381026e+04 9.172478430148179177e+04 3.028616621798144171e-01
9.836205829121752453e-01 4.034315964835162860e-01 4.426210061585763578e-01 7.795242420314066889e-01 -2.033753831134485490e-01 4.214304825939418908e-01 6.073131464359579068e-01 1.571568093811690924e+05 1.241616668143243587e+05 8.376306045164410898e+04 1.226980099929523421e+05 3.893112487099149033e-01
4.245671936740711971e-01 6.339510743177799723e-01 4.150653389386241843e-01 5.706883975743908266e-01 2.119506410762883042e-01 3.276938985486693157e-01 2.549190188532594603e-01 1.182202996078428841e+05 1.228163879994567687e+05 7.696096787648640748e+04 5.687586620197482989e+04 2.414963728249201469e-01
2.640772321102703990e-01 -2.146801140603398980e-02 3.107031949535873361e-01 2.176910651915518746e-01 1.755383789381795567e-01 9.275546330469504053e-01 1.349772537497982705e-01 8.049408678347228852e+04 7.771027973845179076e+04 6.865510513487237040e+04 2.130654131877221807e+05 6.508755435728439398e-01
4.691787903711721053e-01 5.970236765113986488e-01 5.168787888697592425e-01 5.356900457073986432e-01 2.415073331511991828e-01 3.384227567297738437e-01 2.414978302697740609e-01 1.338423559603116300e+05 1.135751004563667375e+05 7.510251886707171798e+04 4.660667152565696597e+04 2.758886369165501895e-01
4.214494175113749352e-01 5.159684846129356517e-01 4.639617026807152933e-01 4.316037634116798305e-01 2.692418579703783066e-01 3.465818076167208051e-01 2.647704897597429885e-01 1.482009004261974478e+05 1.216374366451473034e+05 7.270649539892625762e+04 5.339763668770914956e+04 3.104894928303931212e-01
3.446170821607538182e-01 6.279119915686430797e-01 3.752340311583123866e-01 7.069159757400682587e-01 2.448862274895214630e-01 2.984631123042297829e-01 2.486257423524978194e-01 1.675787709702170396e+05 1.502649785339901573e+05 7.314554664616864466e+04 4.155576220162171376e+04 2.520005957129615171e-01
5.887477692241609439e-01 5.641235949888226964e-01 5.803412187962827540e-01 5.089774508256043051e-01 2.989616079938097748e-01 4.373262577544678731e-01 6.372501977622103686e-01 8.989074519898857397e+04 6.174873414088396385e+04 9.558120370728074340e+04 1.324144194166332309e+05 4.034642140514047015e-01
5.386633738261905613e-01 4.831970515604349092e-01 6.196201573660562456e-01 5.594647187429844237e-01 2.625325843420467931e-01 2.740709795739565968e-01 2.969979896962924859e-01 1.359493641537744843e+05 1.280611426931830647e+05 7.665034249879524577e+04 5.437817709394956182e+04 3.342249472349811956e-01
3.844823066116596633e-01 5.524487228090996238e-01 4.768109878740557361e-01 5.109205178503688494e-01 3.082020385148180885e-01 3.580127113120106785e-01 3.171820912123307634e-01 1.309026244469600788e+05 1.260180095425651234e+05 7.480908271006216819e+04 3.965997482799028512e+04 3.112378999279717950e-01
4.357638191658170790e-01 5.718675864264812780e-01 5.458551999936885890e-01 4.631440445426723285e-01 2.103021203303162556e-01 3.220002501650882643e-01 2.656685914948094807e-01 1.652884574146336236e+05 1.384282721880601021e+05 7.787719810581539059e+04 8.282354111496589030e+04 4.725959400296492197e-01
3.831610453415905115e-01 6.127501982847084472e-01 2.894132424241809276e-01 5.287016752155319077e-01 2.379948292265998411e-01 2.414985975387739792e-01 2.299129130172825608e-01 1.498476548149511218e+05 1.341952103070791636e+05 7.333655815219756914e+04 3.770936714440325159e+04 2.501240749941392449e-01
3.599021045950941966e-01 5.851747150432824451e-01 3.463329623017644687e-01 6.603281534891407567e-01 2.803597021840987247e-01 2.877691836534245207e-01 3.257548831770597508e-01 1.629024022255938035e+05 1.458615564150606806e+05 7.354952796510442568e+04 4.049224772141838184e+04 2.647310302002617854e-01
3.747269441090003150e-01 5.402341701783202055e-01 6.691185484013417728e-01 4.074151313895001958e-01 1.896659619390349549e-01 2.889929790036274149e-01 2.682138130057215575e-01 1.855023812962954107e+05 1.667713502182580996e+05 7.310628457199601689e+04 3.994933229334350472e+04 2.801581230841419523e-01
3.284819296572126790e-01 6.235146851889905584e-01 3.947785634286863354e-01 6.566796472413058972e-01 2.591752032796737493e-01 3.182776319936986842e-01 2.217490688269024013e-01 9.765746326644631336e+04 8.729050105333821557e+04 7.356973815732701041e+04 3.413336910293762776e+04 5.021937547475391339e-01
6.361425657619825813e-01 5.843259641223279566e-01 5.493482350989584706e-01 5.481302022972922572e-01 3.212102446168081937e-01 4.472676865688449688e-01 7.501495421509585260e-01 1.913867773137695622e+05 1.534526486096193839e+05 8.177414249812229536e+04 1.387004422082616366e+05 3.816375033003424067e-01
4.567148601175463618e-01 7.033152468940798707e-01 6.763254317733611298e-01 6.325934034613908130e-01 3.382672657762189616e-01 4.045750907570973554e-01 3.267697891485672468e-01 2.548420847438471683e+05 1.667374822430504137e+05 1.052876064226868039e+05 8.780059491410793271e+04 3.360925872707429818e-01
3.704375516888412379e-01 6.303167062849769353e-01 7.573988955471537832e-01 3.788524376288628925e-01 2.389341922035558008e-01 3.165775851443204392e-01 2.246943581205216034e-01 9.813725833431782667e+04 8.786965128714049933e+04 7.347097384733348736e+04 3.344421845226898586e+04 5.055625762549332824e-01
4.086543379645784513e-01 5.424342116699537586e-01 5.565434085815352816e-01 3.809937304876753195e-01 2.665060592855169608e-01 3.443290744618318078e-01 3.541641237771534501e-01 1.465918308775834448e+05 1.146159656336696789e+05 7.728692310231106239e+04 6.565174936797900591e+04 3.423158190955730706e-01
4.012783491671311764e-01 5.852262783740335150e-01 4.181438646959288463e-01 5.295404914791113082e-01 3.196719346058942146e-01 4.036486139039052179e-01 3.252391604831732508e-01 1.573174701078101352e+05 1.161549384872484225e+05 7.463877881771238754e+04 6.449388577688243822e+04 2.657033298006346023e-01
4.124731351706837912e-01 5.156548074869392595e-01 6.577007795473018836e-01 5.091305367480987165e-01 2.962917440269929314e-01 3.706197298224888081e-01 3.408178223599200862e-01 1.495009903231858916e+05 9.229557963666293654e+04 6.871584285998990526e+04 8.682689817102314555e+04 4.161014868685450896e-01
3.799870924802561389e-01 5.494432429852377231e-01 4.435745843506176400e-01 4.310292575684064875e-01 1.812654719541766102e-01 3.265180774139008202e-01 2.770053422157222056e-01 1.229036033061498165e+05 1.409055003307917214e+05 7.839655779565665580e+04 8.080840967575109971e+04 2.977045741049165750e-01
3.513965405066090120e-01 4.755696660285919641e-01 3.547090723853394412e-01 4.842885911033180113e-01 2.639082705149228825e-01 3.153445752570211424e-01 3.571548587759966198e-01 1.538681878022835299e+05 1.151379559825199831e+05 8.087123449418549717e+04 6.548232190812701447e+04 3.159165641600227836e-01
4.837674506633983795e-01 6.282580426499794202e-01 4.284348801618881319e-01 5.162798186384671695e-01 2.352323819415513273e-01 3.387695344572464462e-01 3.094752932086267672e-01 1.141105763638785866e+05 1.338198269476882124e+05 8.073327967123861890e+04 3.398063658583968208e+04 3.575020330587966311e-01
4.768900649043991691e-01 5.931306417079056370e-01 3.797405143181337150e-01 4.685461571101487976e-01 3.538238205744865250e-01 3.162498628928002153e-01 3.001674987512794046e-01 1.266212070832010795e+05 1.108855418623991136e+05 7.503068271781149087e+04 6.545832932673237519e+04 2.349656468759345751e-01
3.629225570895034947e-01 6.462624916594867930e-01 3.943967841553237541e-01 7.030980208188611913e-01 2.932222469210338245e-01 3.343465104984504888e-01 2.463935598497398460e-01 1.329690716405475687e+05 1.169821397902579047e+05 7.456528624383680290e+04 4.608488306074299908e+04 2.530721951141787218e-01
3.903681229943212760e-01 5.784359226066595472e-01 4.627149864415642244e-01 5.393206581676950329e-01 2.849319788086294158e-01 3.374512587841365097e-01 3.352342935408615943e-01 1.330180377154313901e+05 1.240494044099402381e+05 7.457960831640083052e+04 4.940380464673786628e+04 3.542588900557233633e-01
4.222086458810123122e-01 5.692302021876415319e-01 5.180102440490476079e-01 4.680498786031633829e-01 2.708039087395908706e-01 3.592756299507534612e-01 2.980496060334484887e-01 1.287945871738166607e+05 1.140059392046653084e+05 7.531654212566472415e+04 5.814928692748220783e+04 3.318267827993224839e-01
4.822027982363228382e-01 5.245934580153381876e-01 4.656292406986300980e-01 4.800078917328756689e-01 2.617085794573142943e-01 4.069172721195122300e-01 3.470501158541122733e-01 1.362345527193110029e+05 1.343902425632094091e+05 7.445011347383941757e+04 5.623689121624810650e+04 3.003243132875842436e-01
4.262512026156152212e-01 4.229528301309390947e-01 5.974164478443689807e-01 4.654013619701808380e-01 3.029143104459421365e-01 3.760632783654334066e-01 3.221168244154985483e-01 1.437060642220906157e+05 7.870597868207513238e+04 7.497786203719644982e+04 7.759229883604907081e+04 2.167147118193870348e-01
7.331786441348788763e-01 1.204841484562917120e-01 4.851627761520416748e-01 4.707688721614304850e-01 1.473295266349451960e-01 3.405998682645210995e-01 4.416260109024474634e-01 5.630452942088363488e+04 4.727450708057740121e+04 7.816301293192997400e+04 7.398076152476281277e+04 4.863200304463225487e-01
5.185483398699151092e-01 4.684757554064551965e-01 2.230495354710239075e-01 4.119840297480021896e-01 1.995300271203317988e-01 2.963218665768481697e-01 2.624344600905773595e-01 1.321176188998966827e+05 1.153817841920871433e+05 7.504814650768855063e+04 5.554406655567130656e+04 2.332024341388549693e-01
4.250149916320956622e-01 6.306918141544046730e-01 4.776876716291774683e-01 5.010654026975417397e-01 2.687915958987451837e-01 3.693156771337827715e-01 3.125795215180721676e-01 1.185382856651234470e+05 1.060697437887964916e+05 7.637342665914128884e+04 5.712530195871078467e+04 3.331660727514663689e-01
4.335814729157354552e-01 6.237977791990473309e-01 5.870261906017532061e-01 5.161762366688725789e-01 2.671552144910537829e-01 3.460417892117089722e-01 2.853963845695874912e-01 1.467604721366431913e+05 9.874632722825807286e+04 7.599522368972752884e+04 6.946223510254958819e+04 2.976549881429130795e-01
2.862076745179047976e-01 5.459952247623884869e-01 5.579559683252195423e-01 5.151343065213026540e-01 2.772172194872937201e-01 3.651013053704225686e-01 4.458414868382473140e-01 1.430905459114161786e+05 9.893439365102029114e+04 7.925997203942216584e+04 7.011883690315339481e+04 3.719068749448162792e-01
8.573638164972023912e-01 5.516869024168703506e-01 5.635183705297770462e-01 6.467559134521317921e-01 3.553433465449119533e-01 5.383653553807452585e-01 5.220234171425559566e-01 1.839898879809467762e+05 1.423615489253110718e+05 8.450232170693903754e+04 8.661513645477638056e+04 6.056291211500053340e-01
3.574355359138154942e-01 4.274577645273566762e-01 6.480985842057629398e-01 5.042686637284313766e-01 2.647464770573581538e-01 3.532819028568348063e-01 2.984668639059095407e-01 1.293776725082306948e+05 1.022295132200535882e+05 7.847624023618780484e+04 6.412261153362984624e+04 3.289348420714774401e-01
4.880962941212109163e-01 5.246099126811740732e-01 5.215219674391609050e-01 5.653652408063927215e-01 2.705541654797732898e-01 3.339222831040198347e-01 2.980371720747952424e-01 1.299037181144896895e+05 1.204307653920965968e+05 7.699900440129137132e+04 4.054189979554321326e+04 2.899677614481720456e-01
5.037080828242317398e-01 1.609158559540165290e-01 3.807558052108293567e-01 4.280468449263236108e-01 1.716330097624932938e-01 3.500094681271221919e-01 2.939108511390794987e-01 9.885459452719405817e+04 8.852004075853517861e+04 7.316713949369080365e+04 7.362282920295721851e+04 5.390682996852949049e-01
4.057588392300222058e-01 5.797555743436493270e-01 4.851782065834359670e-01 5.367046753748657695e-01 2.346537707263993133e-01 3.182057729996107809e-01 3.782102168890179583e-01 1.432194190757254546e+05 8.732636086362859351e+04 7.643908348743687384e+04 4.862454802860542986e+04 2.973399749734195741e-01
4.687559670204515250e-01 5.306449127590006087e-01 4.803551591685814026e-01 5.035825305557600773e-01 2.817743116724431562e-01 3.538020245570938638e-01 2.022831757140137188e-01 1.387178214020661544e+05 1.242287756739353354e+05 7.295261708318037563e+04 5.525049759308373905e+04 3.292669606071498833e-01
3.959460409339687348e-01 6.551484630444551760e-01 7.665592777842100691e-01 4.085063409438287052e-01 2.655690667021363693e-01 3.564234880026193597e-01 2.596745127274798781e-01 9.260276861920226656e+04 7.762448653076351911e+04 7.838057809743439429e+04 5.198050279120787309e+04 2.892970479736169942e-01
6.526139978747018677e-01 6.126052633775743717e-01 6.492942317786303263e-01 5.899194401223015749e-01 3.529769243864974704e-01 4.814814863773511644e-01 6.064757977748596041e-01 2.619056350236167491e+05 2.321983659080663056e+05 7.443227056143706432e+04 1.726892545243451023e+05 4.690805217432144070e-01
2.861355426850838990e-01 5.643946924036435941e-01 6.910961113250472243e-01 7.540455133919212738e-01 2.048353410416532683e-01 7.639170578294670610e-01 3.986879242029065518e-01 1.806249302921177587e+05 1.384298147587333224e+05 8.770998064474007697e+04 2.389410122483908781e+05 7.722848297475818358e-01
4.149603657719616034e-01 5.474734743903335588e-01 4.558566276814214890e-01 4.495663107488966359e-01 2.571792734830063432e-01 3.402035017077974510e-01 2.707283201329664379e-01 1.415395305259435845e+05 1.194445543468918040e+05 7.485541603861594922e+04 6.171002717503741587e+04 3.047901223652568214e-01
3.117359770032599453e-01 5.686372897737709264e-01 6.137724455591268002e-01 5.075699208832071818e-01 2.462038821464705707e-01 3.246499568669433677e-01 3.339158928097933354e-01 1.069307355713411234e+05 1.245900985343426437e+05 7.302864332640987413e+04 7.401854899631658918e+04 2.801476912160340005e-01
4.743718690136840554e-01 5.164747737925612370e-01 3.960686773743188893e-01 5.161317840702569493e-01 2.776427701227109912e-01 3.633210838200076065e-01 3.338594977074126335e-01 1.434080410519651778e+05 1.136434275931850425e+05 7.429148865241030580e+04 6.529735447924507025e+04 3.185866150082713455e-01
7.216324026737818143e-01 4.830298453359463950e-01 5.047621298890975217e-01 4.892946973333243132e-01 2.273458663619854769e-01 3.924666466803588549e-01 4.001423450161077366e-01 7.722800962355245429e+04 6.616425280334678246e+04 7.669125525018409826e+04 8.501835021684649109e+04 5.205803715672923104e-01
4.400738814892554140e-01 5.554479965980025913e-01 4.567582191180171725e-01 4.504425130424977164e-01 2.650374216938510274e-01 3.668839462633126658e-01 3.785328710118935902e-01 1.582319932348696748e+05 1.288589082418344478e+05 7.335778887922408467e+04 4.528537340871260676e+04 3.121540552622956710e-01
3.391874722166178246e-01 6.665000718510702971e-01 4.271117782173250998e-01 4.111628479967417427e-01 2.644680345267217958e-01 3.518439397146310155e-01 2.263221941286392980e-01 8.430203244225146773e+04 7.932617580960458145e+04 7.489159052618274291e+04 2.698955839127533181e+04 3.720622394375208142e-01
4.673130266369413532e-01 6.359496939073018273e-01 6.510852332987324687e-01 4.177244900130553940e-01 2.261097350356484348e-01 3.408247668880305392e-01 3.334670580508137250e-01 1.162062049655129085e+05 1.199878498652584967e+05 7.439281216304600821e+04 6.215391202322130266e+04 3.917738603390140684e-01
3.706264491520407378e-01 7.463553218027216829e-01 4.358232067361030304e-01 5.039479740367974747e-01 2.744747194713425542e-01 3.221353739388165827e-01 1.529101729231385209e-01 1.385876687760433706e+05 1.168640945396166790e+05 8.163738119291186740e+04 6.212234895203517954e+04 2.722097074163837283e-01
4.881666019842715865e-01 4.362276767527056842e-01 6.143320940148647713e-01 3.964209090409117620e-01 2.333864697270678357e-01 2.957028851411326320e-01 3.791409972780557247e-01 1.442122375429908279e+05 8.920481889764120569e+04 7.082958272488815419e+04 2.781778837303968612e+04 3.644102679727216354e-01
4.393785812031931193e-01 6.325588282649229344e-01 4.885283517271297726e-01 5.882082397505946636e-01 1.664027658838325430e-01 3.390685430282477375e-01 2.436627502068937912e-01 1.341633941614901996e+05 1.079218634711275372e+05 8.147762783279793803e+04 5.214223076942031912e+04 4.051098403868359510e-01
5.606947351456949002e-01 6.542426248529075172e-01 5.104375688755719009e-01 5.820397875945055866e-01 2.781934424372233816e-01 3.059796751291545269e-01 3.373714914141012211e-01 1.652979942393752281e+05 9.746952530705237587e+04 7.125467732195161807e+04 8.690938312518477323e+04 3.754437995640536041e-01
3.833788679176027836e-01 6.460126199652570511e-01 6.552605529860339173e-01 4.469126199237589692e-01 2.339682614790548620e-01 3.876937513744340702e-01 2.791299112726901566e-01 1.687892010117697646e+05 8.852470797869554372e+04 7.413118879607628332e+04 7.094360983537722495e+04 4.247973586164958681e-01
3.373769101683947169e-01 7.397364395996361974e-01 6.384633345398806892e-01 4.065464187285294795e-01 2.153205289306505399e-01 3.397554656309960119e-01 2.356181560372274664e-01 1.690187810395940032e+05 1.099781711522896367e+05 7.614254221094149398e+04 4.219093522572307120e+04 3.164829873643102975e-01
3.643936775573412556e-01 6.866927896963314071e-01 5.041005480069989941e-01 7.201435427049699411e-01 3.668028220809173012e-01 3.840888496934000695e-01 2.825205824714827618e-01 1.386048352140753705e+05 1.228544657174061285e+05 7.401220218339390703e+04 3.732868845154755400e+04 2.858176355749064701e-01
3.708052801314895008e-01 6.306468927684888426e-01 5.587232104485679862e-01 4.305496020568246873e-01 2.674175393433304015e-01 4.190531003651554176e-01 3.077923821583816721e-01 1.489680018565666396e+05 1.055670185698837595e+05 7.960112594801344676e+04 9.043693808879282733e+04 3.254504074825239623e-01
3.914610177428033411e-01 5.747926882248656222e-01 4.956584282973641176e-01 5.010977112541352696e-01 2.572516441086319938e-01 3.731398580987969060e-01 3.252730158920641435e-01 1.204224587134530884e+05 1.145174765318938880e+05 7.605131580284245138e+04 4.589260745733041404e+04 3.262868735991317215e-01
4.104558729867479050e-01 5.238393448068476843e-01 4.918097681942727450e-01 4.233638926985248685e-01 2.590273050091749796e-01 3.419741311619848845e-01 2.474871427725042206e-01 1.351829055963901337e+05 1.237764316427610465e+05 7.284900060732547718e+04 4.978992733321084961e+04 3.598567952246189416e-01
3.207210584810444298e-01 5.822355420792781899e-01 5.126704275338884731e-01 5.464628158941976510e-01 2.492231941529690353e-01 3.317042664413611397e-01 3.374511284132254429e-01 1.302364803413493792e+05 1.239875440325856616e+05 7.620155971049192885e+04 7.672957368990639225e+04 3.398990465299410735e-01
5.396884837879969421e-01 6.970263830460710075e-01 7.218565649952707330e-01 -8.561497509614031387e-02 7.936330053465696643e-01 5.794827701410573129e-01 6.940474979304146474e-01 1.522942771700940793e+05 1.259642362048210052e+05 7.799084454797819490e+04 8.462155261763621820e+04 3.734435173491435500e-01
4.502618802691503164e-01 5.964905577904859868e-01 5.145128615210833312e-01 5.235492370077765578e-01 2.862599834408713906e-01 3.622175469215018762e-01 3.084664365299535360e-01 1.454457415368585789e+05 1.246634346050175518e+05 7.641363832598557929e+04 6.611622671139331942e+04 3.315074820196030614e-01
5.466264427157203620e-01 4.965602925990177940e-01 5.747816722188605620e-01 4.374076605403132145e-01 2.136144396380405541e-01 3.390721235493801555e-01 2.971236462564863512e-01 1.524391834112345241e+05 1.012264149824893102e+05 7.597674602796213003e+04 4.994777017956171039e+04 3.303657721499606570e-01
4.726943408717124706e-01 4.048084603407763882e-01 4.731322952361416423e-01 2.797253810785072514e-01 1.879681138070207203e-01 2.138461045522968840e-01 4.938153021038448331e-01 7.466079721654168679e+04 6.724636047370510641e+04 7.277482498867168033e+04 2.612204437718269037e+04 3.331402656683150054e-01
5.718648449055334648e-01 5.539277727823993525e-01 5.777257500490530218e-01 5.017783233128381148e-01 3.084089391902412047e-01 4.359534717622618460e-01 5.996298168259552863e-01 1.353651232692613557e+05 1.041474994414630200e+05 8.511267033482775150e+04 1.315633183763719280e+05 3.493375935783863406e-01
4.114541775875757423e-01 4.810678255511380841e-01 5.337617436467652077e-01 4.388328970777631288e-01 2.853254536586861678e-01 3.276498418367740362e-01 2.653716202613363717e-01 1.290532590241989237e+05 9.751926783005033212e+04 7.707122527289386198e+04 6.245757121466597891e+04 2.775605039435344867e-01
5.557251908151387143e-01 7.232911426100367691e-02 5.014217503812768983e-01 4.839187727147925000e-01 2.037828686345089235e-01 3.816930317616950563e-01 5.192469806109659691e-01 1.750458813915901119e+05 1.369501073912054708e+05 8.403868863116801367e+04 1.016598861159796943e+05 3.166152233198097354e-01
4.284512968691997492e-01 5.916049332289652352e-01 5.453904555011981348e-01 4.831883738024193575e-01 3.065911600084899047e-01 3.991421685174196265e-01 2.752477008998244212e-01 1.292546492682426760e+05 1.211307007686121215e+05 7.882097709980701620e+04 5.668820390597415098e+04 3.279975539501320814e-01
3.411425360984854382e-01 5.927125963475345927e-01 6.760867399750172257e-01 3.073048376905105350e-01 2.350593547663206162e-01 2.662770196569867465e-01 1.959457181487691546e-01 8.480122445759362017e+04 7.826430631340596301e+04 7.107317888948839391e+04 2.987046440009744038e+04 2.852546372648434581e-01
3.970349555750257720e-01 5.899498319622035192e-01 6.042625665039635940e-01 4.752935424136781051e-01 2.785882559437602435e-01 3.569844202239981223e-01 3.196396450623416041e-01 1.754754567578430579e+05 1.213380064161933406e+05 7.242950197047585971e+04 6.515321528682417556e+04 2.148221719545978792e-01
4.614937506389323874e-01 5.615356093605512466e-01 4.920671107408949307e-01 4.656180057503774283e-01 2.823732681000546418e-01 3.203771120168687481e-01 2.092450580104709690e-01 1.409524823297297698e+05 1.130221232644691918e+05 7.776771725001670711e+04 6.227250092608329578e+04 3.187713640618490829e-01
6.689470640339528762e-01 6.868002253456009232e-01 5.831909464716382718e-01 5.111212586912468048e-01 4.087043462469508448e-01 4.314925831583177884e-01 6.278845086878726001e-01 1.391356001042471034e+05 1.150245433295355033e+05 7.948264720992028015e+04 8.463547535649575002e+04 3.298913852710394501e-01
7.156318492659292652e-01 5.702317834384122985e-01 6.137914334604789302e-01 5.518766725182433497e-01 3.366803622561546638e-01 4.696887765896186062e-01 5.877403917948088585e-01 1.589156450693681836e+05 8.558990747200362966e+04 1.237236349733250099e+05 1.701474319564662874e+05 5.085891126181928401e-01
3.858320607630744692e-01 6.515512621540945348e-01 7.580268590779324356e-01 3.990127834735408552e-01 2.592299391177026457e-01 3.439751585447192173e-01 2.488527921815799626e-01 1.267089299432855478e+05 1.109534119673841633e+05 7.490073889052258164e+04 4.569136664127682161e+04 2.527955038632646589e-01
3.550401152779725789e-01 5.539467621022347021e-01 4.201621272591345435e-01 4.881092579187441549e-01 3.073578867371998813e-01 2.998532318046939760e-01 3.540398469577755169e-01 7.133386389282401069e+04 1.218959763913060597e+05 7.638760215092897124e+04 7.466132165334712772e+04 3.032631782416737587e-01
4.757461564567596057e-01 6.250812901452138526e-01 6.990676390853713951e-01 4.123665674653064772e-01 3.101206800661078233e-01 3.193565490405005924e-01 3.539125516560373552e-01 1.323047984831989743e+05 9.107921205073122110e+04 7.829932954077339673e+04 2.374359287764662076e+04 2.746328676936390933e-01
4.488687444371780577e-01 5.302718484048258851e-01 5.384552693131697820e-01 5.156568296928892847e-01 2.454635761116937820e-01 2.800268880833690632e-01 2.475535403920164079e-01 9.154624643962805567e+04 1.268606110205529112e+05 7.599238679152239638e+04 5.836011043275624252e+04 3.432623616950153389e-01
2.916772707179298707e-01 5.185843920802348794e-01 4.712455012237544705e-01 5.558421717988309974e-01 2.817502770813803958e-01 3.546887725883277609e-01 5.245011092279940890e-01 1.158903434583157068e+05 1.117112554709579417e+05 7.474457019629323622e+04 7.847826941408570565e+04 2.973536403849303400e-01
3.731152438293301454e-01 5.726409385165104338e-01 5.858480403044409313e-01 4.780585445127501498e-01 2.409600649392779070e-01 3.058617883370980395e-01 3.671444198733632147e-01 1.215580000832010410e+05 1.044051374174089142e+05 7.562306828032541671e+04 7.705055708175901964e+04 2.498605151264996771e-01
4.392746186694641564e-01 5.977373418537886840e-01 5.610611261247613335e-01 4.524316126655486547e-01 2.704657426623093830e-01 3.127716241787767415e-01 2.315066303053038566e-01 1.291616412953077815e+05 1.316994315246217593e+05 7.192860121846366383e+04 4.146651383537740185e+04 3.349255940893946515e-01
6.337917497632625796e-01 5.927424807747578850e-01 5.312692520003362562e-01 4.458285286923111546e-01 3.030782211816466232e-01 3.717892083977101247e-01 4.842549865140471366e-01 1.210745990716845554e+05 1.056498338159717969e+05 7.506720982089046447e+04 7.127482840627309633e+04 2.793460523658281569e-01
3.849357320587157849e-01 5.059142992768866920e-01 5.030254227429762359e-01 5.229208366795555785e-01 3.008297700444598766e-01 3.662910992418081935e-01 2.676403463326174625e-01 1.444161001701838977e+05 1.113322933716150001e+05 7.463811260940901411e+04 6.161207494175696775e+04 3.742884328693808493e-01
4.624839510545383225e-01 5.829452194101675255e-01 5.604901853718924354e-01 4.717140861292793974e-01 2.788502974202549112e-01 3.690204537156527853e-01 3.089688934391464636e-01 1.212631475569611939e+05 1.289776522067162732e+05 7.695646578227967257e+04 7.500175499095366104e+04 2.609866327316918144e-01
4.271823176196228866e-01 4.943421675311045482e-01 6.477814253956148960e-01 4.496014756413020952e-01 2.412602244182902866e-01 3.079281513402146175e-01 2.800668581561405746e-01 1.410977857628627971e+05 1.279362816402591270e+05 7.499564335831312928e+04 4.349185035846070969e+04 3.295339504150615051e-01
4.411039477617024751e-01 5.378069070802883322e-01 6.571993190659353168e-01 5.608179804603852237e-01 2.075724902205005329e-01 3.729362581014873945e-01 2.675601083035828998e-01 8.883943182090502523e+04 1.075776371837034239e+05 7.477570887996074453e+04 5.808872601033496903e+04 3.392973672082324477e-01
4.829690427432559163e-01 6.138881609311044318e-01 4.892292290842530367e-01 5.102585279790071704e-01 3.184412028760639779e-01 3.000220005218489638e-01 3.005606829371485489e-01 1.192285720571331331e+05 1.223570445087630360e+05 7.760908369110559579e+04 8.110619074315908074e+04 3.555149771400457626e-01
6.538331961239300938e-01 4.830956308278265832e-01 4.146747179155115259e-01 4.453340182598723995e-01 2.013447534936263494e-01 3.231985011101004557e-01 4.806704714941931189e-01 5.873661656574047811e+04 4.684013941725703626e+04 8.215057578190803179e+04 6.597345481428306084e+04 4.097297945988834789e-01
4.843950257313961449e-01 6.392854514021369949e-01 4.654924896114790989e-01 4.580675330534107470e-01 2.513214464622871569e-01 3.351551422160939375e-01 3.611430447036024782e-01 1.364508954896544165e+05 1.085586516894140077e+05 7.905036067611134786e+04 6.351776806498346559e+04 2.973548539437583793e-01
3.670667052159382604e-01 5.129375757416742010e-01 6.053173100065497581e-01 5.721011427138218419e-01 2.796882656680536039e-01 3.795085305309057744e-01 4.028694602762592503e-01 1.393913249000773649e+05 1.309393151915066555e+05 7.389460891023362637e+04 4.643692983095185627e+04 3.814469200682115702e-01
4.553352271832173392e-01 5.508292469163575955e-01 5.964575598969943382e-01 4.707762969506969486e-01 2.386471676178111845e-01 3.312167449133902597e-01 4.471272681476685107e-01 1.513015029288431688e+05 1.614717649898056989e+05 7.682024923040525755e+04 4.759230690627591684e+04 2.461778254713387071e-01
5.289551705077631949e-01 5.120629439034590780e-01 4.714127931647655867e-01 3.573752348487300723e-01 2.954128771059021941e-01 3.728614405701247692e-01 3.508156654758334825e-01 1.249874668695632572e+05 1.059230999298909301e+05 7.916777079777713516e+04 7.216601440038011060e+04 2.092606008201194634e-01
7.130717356071906154e-01 4.077641278298389446e-03 3.388279911017773038e-01 4.319217036684670497e-01 1.001043344017837483e-01 3.039847895024048174e-01 3.020285443459607699e-01 1.797033728811550536e+05 1.444305219010310830e+05 7.820932244816883758e+04 2.376008152248236001e+04 1.039364540146709009e-01
4.279264411743976537e-01 5.606149389719307097e-01 5.484729120082585396e-01 5.005532226887028369e-01 2.719289611666245166e-01 3.219112835276969342e-01 3.043790698056509925e-01 1.671258249610505591e+05 1.300844253715969680e+05 7.555528199571295409e+04 7.955481398467172403e+04 3.099441132886308625e-01
4.628625679588803665e-01 5.108204681124393076e-01 3.104458349754302127e-01 4.361730664452598827e-01 2.014500791855067530e-01 3.206356356333788793e-01 2.365712804062893304e-01 6.286043701469824737e+04 5.602786898727899097e+04 7.339985506658960367e+04 4.884322405892743700e+04 5.028702417791641732e-01
4.642205326513386687e-01 6.332661774528606236e-01 4.029149743535508921e-01 7.039848042066390033e-01 2.926388845885093404e-01 3.144125632644112489e-01 2.626532064057355287e-01 1.439628896423626575e+05 1.212810172127363767e+05 7.797489142504829215e+04 5.045643625815465202e+04 3.194023552598536653e-01
4.357507905319951136e-01 6.145154706427721214e-01 5.651295736290892213e-01 4.886292459549828604e-01 2.220444194890322798e-01 3.868672387143826108e-01 3.090234514192948256e-01 1.389627083195069863e+05 1.301536168882208149e+05 7.432566364572713792e+04 5.925266247782380378e+04 3.010205967995377430e-01
4.862790811448868822e-01 5.147877482260445614e-01 5.833164620379421850e-01 5.077046642986333680e-01 2.737004554505017007e-01 2.970357042900059197e-01 2.357952362107605393e-01 1.576037759975411464e+05 1.149282745646325493e+05 7.781832976093377511e+04 7.077056861268969078e+04 3.242100184421536913e-01
5.951611289582536823e-01 2.501457840823173018e-01 5.367052966506543621e-01 4.644913897779053280e-01 1.887238305117935055e-01 3.869274339190254541e-01 3.473635071779008210e-01 1.264308199269942415e+05 1.064711407660145487e+05 7.814178336079763540e+04 1.106620046420216386e+05 5.785658517271504708e-01
3.561936145901527517e-01 6.114228324292164674e-01 4.258288164710842261e-01 4.545359689715840479e-01 2.527785105858322279e-01 3.409817564364285847e-01 2.658544655179899130e-01 1.439337669763032463e+05 1.164503959770054062e+05 7.748405677326112345e+04 6.776998677967324329e+04 2.835939159006101717e-01
3.955347302255869391e-01 5.714516398245744755e-01 6.031392907831439887e-01 4.563559193187577412e-01 2.500629014434024300e-01 2.904610732315885957e-01 3.196296006463636430e-01 1.254321047370184970e+05 1.162537982852229325e+05 7.403870291756099323e+04 5.431237064726628159e+04 3.907211244925586913e-01
4.477612590870476139e-01 5.677165285600583866e-01 5.574182043823621147e-01 4.801383305130202395e-01 2.728041879812702075e-01 3.212364546430231949e-01 3.385659209338022779e-01 1.337688403932249639e+05 1.327415033651922713e+05 7.747564427602397336e+04 5.735379766073825886e+04 3.686232551354812204e-01
3.578542049694691807e-01 5.595472618423035227e-01 5.548585656562952106e-01 5.241747844095665521e-01 2.456152190297140603e-01 3.513821399818460867e-01 3.563085430430346090e-01 1.120821583081330027e+05 1.273153738835870317e+05 7.489780832421599189e+04 5.926923030681213277e+04 4.804887011203070601e-01
4.403885376513778649e-01 5.807215904240757842e-01 4.340469893510596755e-01 4.781382330433538441e-01 2.136663969598656954e-01 3.730889378563013170e-01 3.136170846729723349e-01 1.244650241602804454e+05 1.073723757785584166e+05 7.629540058936343121e+04 9.307138001651778177e+04 3.284522600476094678e-01
3.994882252293250890e-01 5.045791930416182458e-01 5.391293280193665272e-01 4.140532542371941904e-01 2.437514828250668675e-01 3.830483935105358229e-01 2.723527814732376040e-01 1.653121261184092727e+05 1.196831776236700098e+05 7.667704674706580408e+04 6.192813664134977444e+04 2.980634033573268393e-01
3.548478688946273829e-01 6.287764498541187352e-01 5.689425452202112599e-01 4.931042145955606970e-01 2.114353290399422491e-01 3.263644168059392503e-01 3.582850107815739316e-01 1.633666851191045425e+05 1.032673445565987931e+05 7.936906264053653285e+04 6.730114836337786983e+04 2.953594152723370558e-01
3.965510387996756814e-01 6.414853501235966426e-01 3.964823540343985764e-01 6.099831970319401497e-01 3.284691572219112232e-01 3.569818621280088644e-01 3.528679873409234502e-01 1.625198435099833296e+05 1.244635621506411408e+05 7.425255509957199683e+04 4.133441799364402686e+04 3.427111470245444158e-01
4.020135076775014915e-01 5.367873015787797408e-01 4.993586968970973317e-01 4.136261898153903438e-01 2.496340586366432301e-01 3.327414000098173341e-01 2.936740620505893240e-01 1.244704183625968290e+05 1.107742813249626925e+05 7.553964599853724940e+04 7.391148741928926029e+04 3.434801352738150459e-01
4.137867537471114909e-01 5.826063851818004125e-01 5.752781944241511791e-01 4.877078315462195501e-01 2.475701899655759763e-01 2.857752694481934808e-01 3.551963673718560588e-01 1.375412008411556308e+05 1.307406177543754457e+05 7.671155447109359375e+04 7.267826852610017522e+04 2.763713414171832805e-01
4.755508626811495998e-01 3.907423199203898245e-01 4.258565063544830775e-01 4.834660134586388769e-01 2.100870031111871650e-01 4.135457191176101222e-01 3.282830531917928507e-01 1.506503509777805884e+05 1.236724829420026363e+05 8.082865071924944641e+04 1.183016391863429308e+05 5.991273748076092476e-01
4.080158517857971345e-01 5.917684978403852103e-01 5.423277815805360724e-01 4.449895346285208109e-01 2.574874634741133872e-01 3.405129369532437500e-01 3.449624718097701326e-01 1.242513448756748112e+05 1.316933191655395494e+05 7.655737513532384764e+04 4.125832371368007443e+04 2.797705208662603082e-01
5.094758352431857373e-01 6.028586392540108418e-01 5.656627261940135876e-01 4.489914098516225582e-01 2.631945129210163103e-01 3.504340270340511876e-01 2.450474374313742487e-01 1.433946983132921450e+05 1.117367839236181462e+05 7.679009644350028248e+04 5.397918957640900044e+04 2.623779851179994238e-01
3.715915828953946787e-01 6.492370166198166981e-01 3.729755840650690879e-01 7.024665725775115499e-01 2.751728315625225907e-01 3.442499400213029914e-01 2.539842790441226850e-01 9.700743417361946194e+04 8.062031286703172373e+04 7.901377498665224994e+04 5.346025477218900051e+04 2.669533908827422253e-01
5.455362789314980310e-01 7.940879192189619351e-01 8.521621041506095562e-01 7.850957778909216644e-01 7.188869637672234969e-01 9.264780139863014741e-01 6.678303935006733028e-01 2.454738650792241388e+05 2.189136791000769008e+05 7.681954091314077959e+04 2.004797987271686143e+05 7.939760776987327962e-01
4.202311061143031989e-01 5.582813973420410747e-01 5.735846858132069848e-01 5.647890266792157110e-01 2.919156215734551862e-01 3.297399073828560789e-01 2.673055808338064554e-01 1.473912533947276243e+05 1.311349524471070035e+05 7.314643881266065000e+04 7.213590367411404441e+04 2.969226499628905835e-01
4.857622789651994677e-01 5.302669754968243332e-01 6.117948402903925498e-01 5.559376371819654272e-01 2.190339160924942574e-01 3.759922084634639283e-01 3.194276479120565781e-01 1.288315142001856002e+05 1.361546518414853490e+05 8.013192545552583761e+04 6.262481935168169730e+04 2.869356034053901494e-01
5.102471466009658174e-01 4.928685126404905303e-01 6.373273966520617284e-01 4.878088714580443019e-01 2.771672381171537136e-01 3.412616067632291972e-01 3.038544785608113807e-01 1.503316075438670232e+05 9.992583756909111980e+04 8.110424146598257357e+04 4.892552406044493546e+04 4.064444051044516226e-01
4.515835273907869429e-01 6.727883131528600291e-01 5.778087984438539104e-01 4.379410884182387553e-01 2.684593401043968708e-01 3.175066114032021880e-01 4.042631097744376900e-01 1.208261080110415205e+05 1.209769554380163900e+05 7.495704561510996427e+04 6.944889418545583612e+04 3.252924038483953062e-01
4.984126001657332994e-01 5.224200977659936296e-01 3.836635085777908016e-01 4.290698726563597076e-01 2.911994849299963106e-01 3.831919638770937553e-01 3.611542966866624349e-01 1.063722421297747060e+05 9.724144423739871127e+04 7.690403860557582811e+04 7.731596832793737121e+04 3.852912461306772784e-01
3.800011137512852577e-01 5.289577949358504894e-01 4.650189474194132977e-01 4.738527584663032588e-01 3.181290366510484691e-01 3.436793341329055229e-01 2.798242995464043648e-01 1.390897806018987030e+05 1.039664019743372919e+05 7.300914935634865833e+04 5.680402439522559143e+04 3.684040518064465308e-01
4.930016915126163024e-01 6.503792701361645889e-01 7.584997406239898377e-01 4.175717064273981038e-01 2.649697943794595001e-01 3.497808149398382027e-01 2.719524982535048152e-01 1.435690939185362950e+05 1.187684034942192084e+05 7.935655593739666801e+04 5.222562615197442210e+04 3.250187933873037727e-01
5.365319215702262223e-01 3.124069114920923762e-01 4.160309145789598539e-01 5.278620997377672097e-01 3.366164228161477312e-01 5.352239486024027437e-01 4.515031543325176422e-01 1.233826759523153451e+05 1.006975188800547476e+05 8.005529186011516140e+04 1.421268231102334103e+05 4.428071926309153361e-01
7.216738064645989992e-01 6.320599816448482233e-01 3.646802730725109964e-01 6.771316016547285210e-01 7.319644856167752955e-01 3.650886791742751769e-01 5.830010892240893305e-01 1.431466719183871464e+05 1.258566023981420294e+05 7.471472015963309968e+04 4.486332794976842706e+04 2.847991414873141669e-01
4.139910979976167971e-01 6.444260168007664991e-01 5.713375882291090724e-01 4.744295311144169358e-01 2.386255619403419015e-01 3.519770174909440108e-01 3.613559564852233952e-01 1.244848662327785569e+05 9.152503956011855917e+04 7.483112578504550038e+04 7.414067904886703764e+04 2.952625454937615745e-01
3.661750838882389947e-01 6.338681576226805614e-01 5.105877801593450283e-01 4.841413843690263730e-01 2.711599778020784002e-01 3.294416924942892289e-01 2.899589363129245201e-01 1.384585916904466285e+05 1.140593373956949945e+05 7.908194884867401561e+04 6.757630049161886564e+04 3.283237835940779892e-01
4.189159946993665229e-01 4.016836361180670667e-01 2.021659770289030711e-01 3.121416115662338231e-01 1.584596512747022679e-01 2.356098718193856412e-01 2.062335243853382905e-01 4.358215649090438092e+04 4.202084520357371366e+04 6.792364021839339694e+04 1.980861070419871976e+04 4.068927667218217303e-01
4.936433085610002491e-01 6.316196272733262118e-01 -1.714356770345233094e-01 7.728922432237947948e-01 1.730863681261097901e-03 3.343448969127004733e-01 2.578985030885519447e-01 1.018383562825183908e+05 8.734775357505712600e+04 8.004758173615507258e+04 4.267296860136385658e+04 3.501849436331015419e-01
4.025821733733409569e-01 5.794291152067961859e-01 4.100198456609753794e-01 5.038805562110429959e-01 2.560571262328625863e-01 3.062815949114219283e-01 4.179783073668757454e-01 1.657607035365467891e+05 1.181820581735291489e+05 7.689372553495739703e+04 4.454969134097904316e+04 3.603025259989171558e-01
3.944702809440977509e-01 4.333755445738161627e-01 4.979418488315529023e-01 5.370113604084216785e-01 2.546623899613857378e-01 3.191927705988880648e-01 2.944966496734151562e-01 1.409453415915013757e+05 9.912425204306276282e+04 7.612097973763322807e+04 6.779465559951457544e+04 2.726953851170965670e-01
4.241189825906358513e-01 -1.044823270063883897e-01 3.208040810576002766e-01 2.860005199762421513e-01 1.493741766781778446e-01 2.256638972757649964e-01 2.091351426727180718e-01 4.478419275153079070e+04 4.309455623622276471e+04 6.809595976974035148e+04 2.036530387364789203e+04 4.102979228048793114e-01
3.390566491345103906e-01 6.277947119577285129e-01 6.323055822455448949e-01 4.835266929213385412e-01 2.537866997397766333e-01 2.830473794590184222e-01 2.441815408840447010e-01 9.298801242035359610e+04 7.226556181967597513e+04 8.560131085570616415e+04 1.213735396083971427e+05 2.188559415100744809e-01
4.561669803815855406e-01 4.759588371132483786e-01 4.227133438977819235e-01 6.220261924998166103e-01 2.597869147339856855e-01 2.683864476135428001e-01 2.152011136843920980e-01 1.350691509958860406e+05 1.282293493774868111e+05 8.212253372510275221e+04 4.327769407481007511e+04 2.715485448328679996e-01
3.385064334510455852e-01 5.165250871069519967e-01 2.708045854935828278e-01 4.359954627800955440e-01 2.002665387426354748e-01 2.932240325171948103e-01 2.306102218126004910e-01 1.015183761292971321e+05 9.122149304299174401e+04 7.298982271237020905e+04 5.132490669475644972e+04 5.276649789847223104e-01
4.432218977508349256e-01 5.216965892634887192e-01 5.101257937906874540e-01 4.175779633255048418e-01 2.501902211572657464e-01 3.458937658586632713e-01 4.202918772925730018e-01 1.492787736290206085e+05 1.001287653723600379e+05 7.573132127663641586e+04 5.105143144721308636e+04 2.406415463346026629e-01
5.680289435362162465e-01 5.365916854231516098e-01 5.961300429652228727e-01 4.993281164264510852e-01 2.956451402116468952e-01 4.252162384680891472e-01 5.924734310301750240e-01 1.847355438347581658e+05 1.507224733991401736e+05 8.035266980455664452e+04 1.242911340817883756e+05 3.447389792312857693e-01
4.654798745798263138e-01 2.199392545071583160e-01 2.557774270178553855e-01 2.463259880123851997e-01 1.522704215129512262e-01 2.005366228943140650e-01 2.042460359982053997e-01 4.994942876399126544e+04 4.739664347484555037e+04 6.897943017138926371e+04 2.370824719369327067e+04 2.754677937981782621e-01
3.483864431968916597e-01 5.328804110872155109e-01 4.868039835055095743e-01 4.973097782842937353e-01 2.569675614149443121e-01 3.292366477229053401e-01 3.749254929585118523e-01 1.352705752869150019e+05 1.348305319875913556e+05 7.607178935769350210e+04 8.203350658245327941e+04 3.820945539048873352e-01
1.922206149084116911e-01 -1.033649635664998963e-02 2.363736084286055528e-01 6.058750839003716054e-02 1.823527949067429710e-01 5.576023051512103007e-02 1.569016622106799985e-01 4.734392905379350123e+04 4.886255497165915585e+04 7.168906819921733404e+04 1.501715703744957573e+05 2.004149599560409722e-01
4.256069569298610022e-01 6.101437890325596136e-01 4.560802209936515861e-01 4.807460942981350849e-01 1.973765814330581958e-01 3.376291374738516482e-01 2.565863921978150386e-01 1.164167558117544249e+05 1.241226350518741237e+05 7.464794044920019223e+04 7.338012304341171694e+04 3.949702635861401245e-01
3.526718388589782927e-01 6.370958768692809304e-01 4.027968330581334078e-01 5.521813578951448864e-01 2.754253700994423459e-01 3.606899612721043979e-01 2.358454686919032040e-01 1.020539688755651005e+05 1.259116404735471151e+05 7.824298420671230997e+04 6.729602572034583136e+04 3.598495334695662184e-01
5.778280384962585225e-01 4.243291102852954633e-01 5.776705141676649058e-01 5.051140808728421527e-01 2.217784103584113653e-01 3.845629132454218002e-01 5.933673658957634434e-01 1.821757590379472531e+05 1.504128167060689011e+05 7.953624542588910845e+04 1.190276036659816891e+05 3.285133508936736724e-01
3.310672189961121337e-01 5.629342159996525430e-01 5.506884067188640985e-01 6.275248672453079823e-01 2.709382901038244751e-01 3.638295737382964967e-01 4.063800658921994380e-01 1.569040099223314610e+05 1.492936122594530752e+05 7.621473461327682890e+04 6.488881909122141224e+04 3.305889285170831582e-01
4.718257734636976952e-01 6.032731520988940943e-01 4.753092417642082457e-01 4.632025060506020919e-01 2.585406083331919236e-01 2.878565209772921407e-01 3.114208033559790478e-01 1.587511567041024100e+05 1.257576231091635855e+05 7.470385903960550786e+04 5.302250192725582747e+04 3.291366789784685443e-01
4.590968590986043707e-01 5.439679703053343918e-01 8.286898177303103630e-01 5.611287647046571125e-01 2.774383469267652780e-01 2.990425315101365999e-01 1.928918603895011241e-01 1.083760333026985609e+05 8.237671436966548208e+04 7.091894505736365682e+04 3.435999161680309771e+04 2.884614434808689953e-01
3.821065436144100991e-01 5.556422422643992887e-01 5.175201144706573775e-01 5.820654367404113350e-01 2.202270980698907699e-01 3.261413709612785983e-01 3.192818376668707381e-01 1.231572084150822338e+05 1.120886270358367328e+05 7.505342931664519710e+04 6.662351808457473817e+04 3.612171674764267371e-01
5.580752230260432878e-01 4.888046191035673171e-01 6.430015753034916681e-01 4.939765536605503216e-01 2.052825014404581205e-01 3.448565275141851072e-01 2.488930109973026827e-01 8.732697780976531794e+04 1.197379425964928087e+05 7.281730318177427398e+04 4.489867628038987459e+04 2.490442830736118718e-01
4.494482393716756063e-01 4.424492971480731285e-01 5.473360403983561495e-01 5.005542188380310842e-01 2.645401477912626698e-01 2.974142091086798834e-01 3.883227067734379423e-01 1.248105041813226999e+05 1.107853067181707884e+05 7.531286254671460483e+04 6.765088023417738441e+04 3.873315372934582057e-01
4.311011076494578598e-01 5.400268242817852782e-01 6.172844980828554595e-01 5.023205998133611905e-01 2.172237644176062410e-01 3.654639993342033155e-01 1.556134006422465466e-01 1.008084501375304972e+05 1.104420219512892654e+05 7.529143307257423294e+04 5.983222909232738311e+04 2.885112733150354547e-01
8.726756011138229185e-01 -3.906963007831983081e-02 6.658319429319889959e-01 8.856524743238237685e-01 -2.793254084710138363e-01 5.706930734676420869e-01 6.632602134111127423e-01 1.845128202595573384e+05 1.370743785181124113e+05 8.780126439760785433e+04 1.121793643098416505e+05 3.896626292143689496e-01
5.115402857204643938e-01 5.924563780396457924e-01 4.171207850611564627e-01 4.158386375800670054e-01 2.415943559491038339e-01 4.257817148189135259e-01 2.179762386159325993e-01 1.775799206459451525e+05 1.141635913626368856e+05 6.896147338511557609e+04 7.835712588615313871e+04 2.224348498273053809e-01
6.554355007571038838e-01 6.674780247158671465e-01 5.915559988514241807e-01 4.795135096364031568e-01 3.845551953242845600e-01 4.169728138197186795e-01 5.130517399579184179e-01 1.434000950513533608e+05 1.196992659056151460e+05 7.853380957088069408e+04 7.913559830765792867e+04 3.096049876332814810e-01
4.623241633020627184e-01 5.709450165262544008e-01 5.070576354857759815e-01 5.530304699096609822e-01 3.129341505449833583e-01 3.457376632395224303e-01 3.131666217925538898e-01 1.345666029650894343e+05 9.681477760285520344e+04 7.211140436700909049e+04 7.966910119253941230e+04 2.991496473253412169e-01
4.362708947557819572e-01 5.939308791373357765e-01 4.387462364866079323e-01 6.009500682390613857e-01 2.588819297295940070e-01 3.464670418602254776e-01 1.653515865753404090e-01 1.199791462598582584e+05 1.164518712986158353e+05 7.510361885947859264e+04 6.665249895784078399e+04 2.507287175947981450e-01
3.335973323522561373e-01 5.955498484332684139e-01 5.411874241364370564e-01 5.064328332596975679e-01 2.691707929585828163e-01 3.165638826080099388e-01 3.215113558184880538e-01 1.576956794707452646e+05 1.306638283025062992e+05 7.319573473113987711e+04 8.802965418516738282e+04 3.880712663819855246e-01
5.379391700206789251e-01 6.622763851118155243e-01 6.971567824410730418e-01 4.514682610357672043e-01 2.863247266219727805e-01 2.970361955904907147e-01 3.181167489595581599e-01 1.501566060152450809e+05 1.193667022177365288e+05 7.326175123275379883e+04 6.556978282619648962e+04 3.349712072286950559e-01
3.555473986526502816e-01 6.531810971581103464e-01 4.045265926923843347e-01 4.471389779897868011e-01 2.745751624901900945e-01 3.345823148892169696e-01 2.502913517153390055e-01 1.508649262705370493e+05 1.336686335002412961e+05 7.411580347281105060e+04 4.505523070464874036e+04 2.625649062740317286e-01
4.069287568266224953e-01 6.401239334422375027e-01 5.106930603060851892e-01 4.413247192619846881e-01 2.715108075580692226e-01 2.795766301952756772e-01 3.003956858129423479e-01 1.394676081699023489e+05 1.065278650619581022e+05 7.323363768521089514e+04 4.876564387612966675e+04 3.998450190427140227e-01
3.840477649871852361e-01 5.685936212607114459e-01 3.634064803558530454e-01 5.077510099895508056e-01 2.184246583577721390e-01 3.406028566877998820e-01 2.364794987251230274e-01 1.048205806590808352e+05 9.365242049972777022e+04 7.340231407665909501e+04 6.682846616348922544e+04 5.451484926317953228e-01
-7.279732386328491289e-02 5.866596526866352246e-01 5.974286798320490588e-01 5.468216705298900582e-01 5.010665470576241010e-01 9.521248724717868983e-01 8.290310969858291634e-02 5.891186383127937734e+04 5.309144263710127416e+04 7.707826016269117827e+04 1.087165628381835268e+05 8.629658537168428678e-01
4.896349281322976976e-01 6.802818841749782575e-01 4.132571683124241502e-01 4.863895727347750109e-01 1.995077138205992306e-01 3.414664735657060302e-01 3.114943687189938859e-01 1.423014368491321511e+05 1.270008667617363099e+05 7.754603230680323031e+04 4.797331196847528190e+04 3.263799536437420601e-01
4.211794970987307596e-01 5.574605172561306610e-01 4.525310840884537722e-01 5.860118865959029755e-01 2.869388607727644813e-01 3.540921869445184389e-01 4.117773435512476765e-01 1.313130440623514878e+05 1.085929849699810729e+05 7.328468843646685127e+04 5.211637235184010206e+04 3.836816416138812413e-01
3.981729909136019208e-01 4.945825911131717101e-01 4.925159463210226352e-01 4.941122128278023773e-01 2.393463076475387252e-01 3.477667939377551143e-01 2.098803168012574050e-01 1.354416259116402944e+05 1.254593185071701155e+05 7.571470412194610981e+04 6.189038364443053433e+04 3.441584419392666461e-01
4.486347117565240850e-01 5.488886701350192965e-01 4.430400983802216253e-01 4.777591816454371254e-01 2.100124178098694838e-01 3.758334642390702141e-01 3.080650442136673162e-01 1.375794397634927882e+05 1.580396610255046980e+05 8.122429917075994308e+04 5.546661473955910333e+04 2.517235767110893030e-01
3.691855309201501623e-01 5.698927861329859956e-01 7.120857020837049189e-01 3.779760233663192470e-01 2.040615824578510817e-01 3.258617298691727782e-01 2.280085369227702607e-01 9.643223451304553600e+04 8.671085359852196416e+04 7.275848168708337471e+04 6.337970447691669688e+04 5.367248737179661777e-01
4.773585585923161290e-01 4.622308670858493729e-01 -2.644823113316166832e-02 4.363683553350531374e-01 4.582352489773711679e-01 4.574995960828945885e-01 3.986885721337072308e-01 5.614302218426402396e+04 5.776505989784232224e+04 6.780995181533628784e+04 1.718298491997448436e+05 1.688954005527669722e-01
3.742747428412531718e-01 4.670232692956844955e-01 4.704480663519816641e-01 4.867591766240961237e-01 2.170702595184766936e-01 3.479823808279400299e-01 2.085004476205579160e-01 1.148350817370055593e+05 1.074565908733775432e+05 7.304671976673971221e+04 8.720247425459073565e+04 3.495508394670820973e-01
3.763198128566848655e-01 5.322231421366141468e-01 5.516113100916981704e-01 6.017976214973070892e-01 2.694473385117356345e-01 2.726712707847103179e-01 3.181482997301578464e-01 1.200949043491410703e+05 9.038990249739095452e+04 7.608497692745421955e+04 6.121178735077406600e+04 3.200253841446754621e-01
3.857758049920583243e-01 6.237222249961874576e-01 5.504073919063815490e-01 4.791242428667351061e-01 1.972570853544242664e-01 3.747514266407486749e-01 4.258814641295164960e-01 1.157311809273801337e+05 1.163092689427650766e+05 7.829151861868020205e+04 3.818137470389318332e+04 3.502551790493116379e-01
4.284576545856996210e-01 6.391252443951358497e-01 6.138322403540018568e-01 5.678150359743908693e-01 3.187609860703625175e-01 3.103555406473755274e-01 4.028363257224127358e-01 1.198919462029553397e+05 1.115612469292925525e+05 7.439971188351786986e+04 5.100418212758604204e+04 2.784423628744166490e-01
5.627586444219998540e-01 6.885876422061835145e-01 5.527255330222015095e-01 5.209524545456094557e-01 2.592790704975382887e-01 3.098440340459882036e-01 2.573457943627892597e-01 1.486723236978009809e+05 1.139704181096664252e+05 7.803445189243284403e+04 5.965792240540907369e+04 3.822221035512233800e-01
1.350102701240801784e-01 6.627036660830681880e-02 1.148201403531176334e-01 1.952222211096776849e-01 9.975234790058534751e-02 6.500130523603887545e-01 9.503701686871385279e-02 4.887698112138419674e+04 4.730154305356312398e+04 6.655137788825969619e+04 5.025041500721652119e+04 3.491858017263916869e-01
4.192289345826827884e-01 5.621646086017447752e-01 5.384069732480805115e-01 5.014708306030705165e-01 2.471506545894300300e-01 3.518170939793467955e-01 3.379943625800477247e-01 1.342036602370324836e+05 1.145500876163392822e+05 7.565233863245321845e+04 6.112319862912482495e+04 3.283969361005648624e-01
4.094035186013860739e-01 5.636037736603553006e-01 5.374751497486144336e-01 4.419986569134053966e-01 2.803118062858974691e-01 3.573753033218865505e-01 1.766419509809494803e-01 1.412014066985890968e+05 1.009224720931173069e+05 7.462345194914174499e+04 6.734713749406188435e+04 3.010550739840242573e-01
4.440959239198422059e-01 5.949522191679922356e-01 6.596700289251132832e-01 5.329791007450329632e-01 3.210335541148707783e-01 3.290736907611712114e-01 2.853637386125764674e-01 1.222788170710885024e+05 8.786720309121187893e+04 7.602091447466089448e+04 4.667758033505444473e+04 2.204647866599042660e-01
3.842213109021909156e-01 5.584296248578433097e-01 4.471812891295404158e-01 4.828847937467171669e-01 2.610638562798878737e-01 3.369091240122999986e-01 3.428449737713251122e-01 9.806175571224067244e+04 1.140471331253965182e+05 7.429962085592036601e+04 8.074960809379843704e+04 3.211100747241936726e-01
4.211633016845253707e-01 5.501629882556898776e-01 4.706589818901417144e-01 5.189509704717697458e-01 2.330629001182962512e-01 3.536627133841484527e-01 2.657099053614817019e-01 1.186387079467102740e+05 1.460411038429839828e+05 7.924527201569823956e+04 7.323522041020540928e+04 2.936477039683321744e-01
4.094530020807228277e-01 1.890119375566723381e-01 3.006226717095096257e-01 3.685883085839365414e-01 1.839710364295173706e-01 2.371081762752524080e-01 2.446693730762113106e-01 1.453175267858237494e+05 1.289615751721770648e+05 7.394898677314346423e+04 4.329155569126910268e+04 2.121088367626146332e-01
3.435312466766853867e-01 6.052938989630624045e-01 4.548944370621078592e-01 5.991204418139851606e-01 2.273398160464158435e-01 3.010452665425029095e-01 4.444882851835914028e-01 1.516898524054453883e+05 1.108781955698613310e+05 7.186621022027605795e+04 7.209118642614627606e+04 3.141992977258550312e-01
4.877926920254211929e-01 4.631630824165357541e-01 4.523424014137800153e-01 4.999011418685117558e-01 3.054169122261556901e-01 3.469911822166208415e-01 2.565050655160507898e-01 1.078641877172590612e+05 1.270923302210920083e+05 7.579205903333384776e+04 5.889514400482476049e+04 2.885604216866403116e-01
3.991138094316129536e-01 6.078786096200888833e-01 5.590900417366700959e-01 5.042492093745789550e-01 2.600056761261447247e-01 3.729049420657326586e-01 3.122943519863643491e-01 1.349201610530668404e+05 1.189361011741721304e+05 7.497874342421995243e+04 4.082491356456910580e+04 3.038900713624547723e-01
4.762212997148210225e-01 6.986939699314601571e-01 5.448936636979927473e-01 5.217621269294021591e-01 2.679970605625846547e-01 3.075215852947891793e-01 2.604999151246477629e-01 1.374332174325444794e+05 1.118812377907113987e+05 7.769315700376714813e+04 2.787240615559071375e+04 1.981547357864742176e-01
4.994048170001109122e-01 4.734467233571986178e-01 4.525978597012718097e-01 5.158073694446673185e-01 2.441976812702925381e-01 3.236650010973326497e-01 3.195967888918842537e-01 1.226234557962019608e+05 1.227321673797474650e+05 7.626593412135126709e+04 5.788445307029160904e+04 2.693530616857285898e-01
4.185967997289069542e-01 6.062902141285900770e-01 3.887179462556333287e-01 5.101693524605371843e-01 2.588652297166656457e-01 3.706442120600293433e-01 2.943544725934194028e-01 1.199071512491783360e+05 1.299071703243337688e+05 7.580298062097321963e+04 3.396963071392643906e+04 2.896944014466880657e-01
4.128656450158431634e-01 6.341435629004256169e-01 5.915746435078839127e-01 4.525580186744870836e-01 2.575763056395621309e-01 4.304995206567642785e-01 2.573937620968093642e-01 1.289641733661809121e+05 1.308491045063900237e+05 7.653463756839610869e+04 5.618511718875036604e+04 3.217975442302838385e-01
3.314596503817927031e-01 5.800243589370142061e-01 4.438566858138328630e-01 5.424452378349565729e-01 2.675917777119724561e-01 3.400116326694464508e-01 3.402750942674704349e-01 1.247662445427682396e+05 9.521743036272918107e+04 7.166851647465096903e+04 8.370256081056006951e+04 3.541917533436149124e-01
4.943459116131955766e-01 5.660209600755701231e-01 4.647677661068475019e-01 4.896231284918197701e-01 2.654312808167114679e-01 3.432186698176113993e-01 3.637179275460168393e-01 1.412346926607981150e+05 1.282754846769108262e+05 7.334820509961567586e+04 6.381862366921831563e+04 2.978217835964636073e-01
4.031528286514087234e-01 5.249730100334155658e-01 4.923140486470682919e-01 5.127363075631937717e-01 2.786336385999068632e-01 3.100734603323788141e-01 2.807332691216165022e-01 1.353617188627565920e+05 1.155972094706925709e+05 7.298217712326699984e+04 6.232838117465066898e+04 3.001773024824537783e-01
4.061635093919231387e-01 5.612884208455559687e-01 6.983921599415587878e-01 4.900369382551872377e-01 2.718659866412321824e-01 3.452335579457673775e-01 2.974208468271146155e-01 1.283918689748383185e+05 9.963020020087462035e+04 7.454037543715149513e+04 6.054134307383407577e+04 3.612237397860332822e-01
5.123356423107342517e-01 5.571381517844812281e-01 5.218988878973759293e-01 4.814696357117335679e-01 3.086781242314292628e-01 3.241166992403019531e-01 3.549688991040975128e-01 1.377148526634287555e+05 9.472482879185376805e+04 7.384144252809679892e+04 8.606421981401123048e+04 3.208216414170718678e-01
4.724644618468105683e-01 5.972337291096306844e-01 5.160246247789658236e-01 5.020524778763313378e-01 2.539530895776396791e-01 3.103566697376703432e-01 3.625740727532030250e-01 1.394082693016246776e+05 1.012333230637863453e+05 7.558560461225178733e+04 4.789333180738466035e+04 2.867333934686122077e-01
4.361829087725399012e-01 5.252477641580998169e-01 6.642699434343125597e-01 5.173248321566054075e-01 2.742419410780801980e-01 3.318784940030862218e-01 3.192170562878691165e-01 1.258443854588653921e+05 9.760471634922960948e+04 7.600486899269639980e+04 6.847236501035268884e+04 2.550999241111026050e-01
3.763428358886850567e-01 5.798494166404238870e-01 5.478107547940745947e-01 5.035812777605209734e-01 2.966919838950703991e-01 2.983194658665404009e-01 3.634575341507231827e-01 1.258943591307813331e+05 1.125609679910828854e+05 7.464444647182848712e+04 4.979175246493420855e+04 3.042475072443078243e-01
4.074852515234346773e-01 6.082839107348742003e-01 5.580372523048008349e-01 4.843855955087030818e-01 2.801921868798414317e-01 3.345315468994434216e-01 2.896949411841673316e-01 1.522839420760001813e+05 1.081547329979949282e+05 7.542725505823204003e+04 6.740666579601992271e+04 3.474734476993087684e-01
4.318131029174675506e-01 5.464078859275521838e-01 5.892367456452436425e-01 5.393690716220371772e-01 3.036702585098045581e-01 3.550234430975074407e-01 4.156443864498680640e-01 1.572769148632147408e+05 8.078586675068105978e+04 8.125423953435551084e+04 7.250032242187052907e+04 2.843812521715376462e-01
4.437491255935320789e-01 5.827977894541094273e-01 4.758525035325732455e-01 5.928926888068573042e-01 2.319932870417401038e-01 3.545872388362259486e-01 3.848730662852812290e-01 1.509694712172341533e+05 9.790040991503452824e+04 7.779128597188148706e+04 4.671654887400510052e+04 3.703465008597689456e-01
4.158948073739129336e-01 5.874049799524576621e-01 6.009323409968249097e-01 4.702411355104928470e-01 2.479793062137745641e-01 3.727672692416249545e-01 2.419101777361873096e-01 1.197415463596891932e+05 9.152119533014135959e+04 7.707003722833750362e+04 5.671426272483432695e+04 2.557917882206997562e-01
3.602577512092592915e-01 4.609450412284927800e-01 5.756768624509874810e-01 6.493589648260873481e-01 2.637109530375980060e-01 3.656512830289544436e-01 3.387073957158693860e-01 9.379185685141477734e+04 8.240102818361506797e+04 7.914075851324269024e+04 7.248045058350385807e+04 3.156283873418946340e-01
3.327867989843615315e-01 6.572233129752990122e-01 6.478966655964992771e-01 4.166227808275780875e-01 2.520271914459573104e-01 3.607679493734306519e-01 1.873844903803226769e-01 1.792903639176778379e+05 1.382284825997398293e+05 7.969649322876188671e+04 8.629399900350529060e+04 2.320654361106395946e-01
3.390224812815755273e-01 5.426088362686757316e-01 5.614652646824044302e-01 5.109497392540073291e-01 2.177002772909078232e-01 3.491028187480813560e-01 3.852707699281749942e-01 1.185514588008995488e+05 1.068399145491750533e+05 7.821643308369684382e+04 5.804572592153506412e+04 2.888343706229888341e-01
6.438172359762868169e-01 6.046284534780912434e-01 6.119851614630578140e-01 5.585055038975881292e-01 3.343585661212059024e-01 4.710538245161333126e-01 6.742954733244395094e-01 2.075306018455862941e+05 1.393260345438542718e+05 9.813516663423906721e+04 1.706176207198471238e+05 5.171454781306717985e-01
3.116324135860629174e-01 6.103577304571148332e-01 5.916107982203852034e-01 5.317478709294174433e-01 2.587541792442841215e-01 3.224512811076232222e-01 3.418750207848906264e-01 1.321121496505676478e+05 1.143489938422138657e+05 7.421171820191647566e+04 5.297398745830670669e+04 3.399525129739349172e-01
9.919706294403893843e-01 7.532280540386806500e-01 3.514586110965933069e-02 9.818793747659033677e-01 9.438810853702244152e-01 8.660111445547076237e-01 9.793963342984413067e-01 4.981409813850482169e+04 4.969510730745929322e+04 6.568002127125045808e+04 1.738225339026272413e+05 6.840414026957144511e-01
5.657760965217363269e-01 5.312418182869227401e-01 5.482122418616776072e-01 4.873659912507662950e-01 2.759740906088467005e-01 4.059960647419210145e-01 6.326205648958532768e-01 8.803882660339119320e+04 6.850585228283761535e+04 8.443246397786999296e+04 9.988952747593697859e+04 5.439719826212993103e-01
4.296241923716290767e-01 5.519941735619596779e-01 5.298686453161904897e-01 4.255143155577937875e-01 2.691599880127159006e-01 3.426847469060871898e-01 2.736441555959221450e-01 1.175014897126590076e+05 1.230962808186310285e+05 7.525364045558063663e+04 5.086314951975030999e+04 3.231720366300245839e-01
6.044578770961103187e-01 6.599417142310567419e-01 7.062267519026588225e-01 5.830040198465781254e-01 3.731858709705959121e-01 4.754927970462838882e-01 6.060546210089372554e-01 2.603329374274272704e+05 1.549197095650139381e+05 1.119529682951583527e+05 1.810263632594739902e+05 3.925057070678177884e-01
3.938958604124380702e-01 5.884394221789926993e-01 6.415763241586490695e-01 5.541479148795458443e-01 2.289562725799650089e-01 3.114193492095520543e-01 3.785235161405799964e-01 1.310666598538597173e+05 1.064554534313475597e+05 7.472370308812450094e+04 5.542000532933719660e+04 2.258250535170142348e-01
4.084439935720766135e-01 6.971555330409063833e-01 6.662552155290680789e-01 4.672733801136083054e-01 2.183565138759264446e-01 3.292789898955147398e-01 4.077866938716900314e-01 9.979551419691821502e+04 1.125024915662381682e+05 7.738647661593335215e+04 5.467322354106284911e+04 3.451445784877668066e-01
4.416654430029238187e-01 5.607674172411907243e-01 5.880097700668361904e-01 5.955670876406650160e-01 2.806994976411101850e-01 3.533250294863423679e-01 1.964018295036802642e-01 1.212228132886347303e+05 9.405240607977664331e+04 7.619165818357557873e+04 4.962446174367922504e+04 3.344441964937893141e-01
4.813988178446039212e-01 5.229661845617569194e-01 3.875795893020131389e-01 5.562550290708103695e-01 3.099360363559403586e-01 3.499649855835384460e-01 2.812641015466901262e-01 1.367914244142666867e+05 1.516768295459573856e+05 7.680882907831687771e+04 4.731543286978310789e+04 2.579360038270053224e-01
4.168568866056812650e-01 5.501513533577873094e-01 5.577320404869827719e-01 4.551636572312960372e-01 2.445669294602328125e-01 3.299187022522432344e-01 2.560496184415762544e-01 1.539964433785068104e+05 1.067055547823883826e+05 7.657368405177450040e+04 3.611087784152224776e+04 2.560161160344934794e-01
4.193113720974447900e-01 5.324540177646174266e-01 4.751920816381665080e-01 4.924454868661691798e-01 2.845464379911570307e-01 3.401182719368982532e-01 3.431917954869774245e-01 1.438585055365293229e+05 1.151658142960118712e+05 7.522697573406553420e+04 7.017777803173962457e+04 3.609292948147879709e-01
4.551149478453293540e-01 6.740673834620578564e-01 6.205627709217186316e-01 4.576143793219041300e-01 3.054370914696548089e-01 3.531592569790615865e-01 2.736071566105227615e-01 1.105844228357146349e+05 9.938528176182589959e+04 7.816321634453700972e+04 6.528289703196324990e+04 2.363219696803336989e-01
4.906299292379062149e-01 6.227253142702726674e-01 6.995358015824502118e-01 4.769787853488808294e-01 2.391955820716999137e-01 3.407799538724348154e-01 2.659442999937291496e-01 1.177858760063843365e+05 1.430883673152002448e+05 7.758505836437345715e+04 6.102043543354065332e+04 2.643997584622980734e-01
4.482307234338260837e-01 4.013198612753503536e-01 4.724318237525531039e-01 5.188190506204661823e-01 2.531788928126140203e-01 3.989341493219367707e-01 3.867661811175768793e-01 1.143907203925652866e+05 1.171037472547125653e+05 7.561638862726031221e+04 5.929360958354141621e+04 2.281174612155031645e-01
4.719984635218111291e-01 5.129056122572591692e-01 5.694213437951535228e-01 4.395649451220837722e-01 2.283010035521753078e-01 2.942577694524192156e-01 3.529869955750029042e-01 1.168658781227169966e+05 1.231842098535698606e+05 8.059479156477810466e+04 6.029877362311910838e+04 3.009680867810406446e-01
4.419131210587887160e-01 5.924788866586294667e-01 5.368947737565498146e-01 5.252093979710229510e-01 2.774673782689968671e-01 3.190344119679008883e-01 2.441013144927982048e-01 1.386346542256993998e+05 1.346787307909175870e+05 7.316308928240532987e+04 3.802140978498240293e+04 2.447612954820295172e-01
6.074845581841218367e-01 6.477438101724354302e-01 6.991589310180882366e-01 4.844360704721989985e-01 8.907346632836644629e-01 4.852339750323838574e-01 7.393289497392048215e-01 1.368592146570727054e+05 1.201898063415903162e+05 7.500145306990627432e+04 4.699106318351213849e+04 3.502674668603815711e-01
4.816503851161050287e-01 5.947036239145540026e-01 5.357892542212061571e-01 5.127319219697031860e-01 2.871817321149151558e-01 3.575497600021775857e-01 2.759681390086012875e-01 1.125955157786265772e+05 1.326921050756327168e+05 7.160934584391595854e+04 1.208608967325553385e+04 3.676889359385208667e-01
3.561335409848097044e-01 6.413062169846089899e-01 8.676527027162617145e-02 7.180538187823224394e-01 2.754169653821626484e-01 3.246658946397854573e-01 2.447657060015139274e-01 1.448182845529592305e+05 1.282020698201191408e+05 7.420021250350521586e+04 4.460621522014655784e+04 2.506131727088591332e-01
3.793610250650101268e-01 6.320227314377806493e-01 7.323932442004336130e-01 3.917643460783012399e-01 2.394536572308534617e-01 2.936068666830674578e-01 2.448514195078385913e-01 1.617832952222749882e+05 1.447720429270094319e+05 7.324982356442292803e+04 3.619479081668498111e+04 2.490248015577087026e-01
4.760198931753988894e-01 6.405849448267818547e-01 5.224963463598135682e-01 5.043248530574987454e-01 2.471040407022711827e-01 3.181215141516083866e-01 3.209787729011803759e-01 1.465410273709795147e+05 1.204378484973004961e+05 7.416872744988669001e+04 7.127466027935838792e+04 2.792755375050149369e-01
3.633635123442596759e-01 5.551654458713639606e-01 5.582113497494161081e-01 3.564754197789298251e-01 2.991949425743336555e-01 3.367886719903802617e-01 3.597643899833639636e-01 1.550827149405953824e+05 1.331031614910840581e+05 7.410413722159888130e+04 6.814644516401264991e+04 2.807804586486870035e-01
4.510867337521410891e-01 5.104562202711312446e-01 4.055336319638819798e-01 5.355325754592082932e-01 2.291798065371597193e-01 3.351971714053129103e-01 3.422763876254820148e-01 1.720919138015914359e+05 1.362116846643514000e+05 7.275552347049213131e+04 6.426275616822529264e+04 2.631742780900875323e-01
4.819716499617860972e-01 6.941195856762548688e-01 5.833512826114179983e-01 4.396694597157888018e-01 2.725348925334409866e-01 3.771211122240817337e-01 3.104223587065028656e-01 1.346780234650367056e+05 1.283235062221623521e+05 7.546213907402848417e+04 5.890283872033636726e+04 3.558999437802652932e-01
8.087796753323194254e-01 6.132488561205864386e-01 5.946696544643175208e-01 5.193925818689320018e-01 2.986525123424138561e-01 4.092168927727886651e-01 5.237208547880747300e-01 1.233544199655146658e+05 9.542897592160984641e+04 8.501581832671588927e+04 9.359054142646859691e+04 3.385445567515665832e-01
3.909479032062408987e-01 6.111603436802727218e-01 4.224323876481557161e-01 4.652063790811648558e-01 2.348105995571047044e-01 3.631058363498366748e-01 3.275266270914686251e-01 1.035833669836216286e+05 1.082436763045936823e+05 7.544310610133639420e+04 6.740143801059888210e+04 2.962379048530723868e-01
5.078821288139646617e-01 4.582073920044157367e-01 3.980088109865418944e-01 2.602299732971028595e-02 1.484905244001386848e-01 3.161480666382459614e-01 4.713317913440964180e-01 7.883970510493656911e+04 5.180348528338968026e+04 1.007444656341307273e+05 1.721085850786283117e+04 4.200607873201336329e-01
3.496735070437956838e-01 4.003861454899231287e-01 5.718675520558745839e-01 4.789482914441879347e-01 2.949816709146589333e-01 3.776498168521361110e-01 3.924400392180393826e-01 1.207630921091399650e+05 1.193553731785398704e+05 7.292820066568565380e+04 5.922092276311530441e+04 3.335376345596350323e-01
