4.834106724804674848e-01 5.860426322545013722e-01 5.849210634557618915e-01 4.986401929169885783e-01 2.749704656424174498e-01 3.695318663926765446e-01 3.199507510707308433e-01 1.436783706479065004e+05 1.190931772011224239e+05 7.836480067779141245e+04 6.706708679761015810e+04 3.182673841550491822e-01
3.868344881351182263e-01 6.170796025361543480e-01 7.260826595480253109e-01 3.168117160906682162e-01 2.443226242559157491e-01 3.044027424834513385e-01 2.402719916351551965e-01 1.278698217696254287e+05 1.121562944739115774e+05 7.496891084149271774e+04 4.248807648945465917e+04 2.478226415940441296e-01
4.119952002093253962e-01 6.678623764614445291e-01 4.784063179087031381e-01 5.144396731236464682e-01 2.357954298802451276e-01 3.481094588226736897e-01 2.684407741580939755e-01 1.227304422554819612e+05 1.195171138744878990e+05 7.452894326698413352e+04 4.780743034605085268e+04 2.886823308887978556e-01
3.567262695692224317e-01 4.323200154257216821e-01 2.242665960150646842e-01 4.086192741108309323e-01 1.982143119335579851e-01 2.783588382016798368e-01 2.611282433188357177e-01 1.513271188266869867e+05 1.332493849839193281e+05 7.452423351688031107e+04 4.846888489674167795e+04 2.212974548588351187e-01
4.679313393510675656e-01 4.711460875528341585e-01 4.076717514074479354e-02 3.668014736412892884e-01 1.768325468610081053e-01 8.583146526220446215e-02 2.640835166220621977e-01 1.321075178784863383e+05 1.175286256643637316e+05 7.385629843683549552e+04 3.885006471458033775e+04 2.628879627349287040e-01
4.039795839868338678e-01 6.335857607544790326e-01 5.244627022738985733e-01 4.621864887371516240e-01 2.395107965473823319e-01 3.400885466109410671e-01 3.277672247842512987e-01 1.344512674543778994e+05 1.249130870648313430e+05 7.495894249891929212e+04 6.919714541259355610e+04 3.094528959600687523e-01
4.518011832280812712e-01 4.853968462966149477e-01 6.310498316992027013e-01 4.573332016533629418e-01 2.201396423097884969e-01 3.109996978687220581e-01 3.225666595344144350e-01 1.417340933333727589e+05 1.145376711050474114e+05 7.237002871791129292e+04 4.556546706837694364e+04 2.935860353851413307e-01
3.556177183164382360e-01 6.151675817871284924e-01 4.661018315506553211e-01 4.524511787803573437e-01 3.143442000501586175e-01 3.528675414394711884e-01 2.852092015310205841e-01 1.400026989354149555e+05 1.240220863525194873e+05 7.410565110692866438e+04 3.723825322917931044e+04 2.628685207359935383e-01
5.010372441307994196e-01 4.901113049366934149e-01 1.002793829302135037e-01 4.717115078975382403e-01 1.599871857123383589e-01 3.696205269100159008e-01 5.044146404541013373e-01 1.635808354909850750e+05 1.387629291244483611e+05 7.589601535957341548e+04 6.526294274221068190e+04 1.772131160983657916e-01
4.746200962956856895e-01 6.320702669262110440e-01 7.301907227990362959e-01 4.023212727586140125e-01 2.499173846227158158e-01 3.624695244385054416e-01 3.320798602673838973e-01 1.098060120606815472e+05 9.424072318303125212e+04 7.695356295077115647e+04 4.230049259549565613e+04 3.763502369666650860e-01
3.849828932189913733e-01 5.399575809645368318e-01 4.714723729952334241e-01 5.087859614031421396e-01 2.814960847356616780e-01 3.338649264484335744e-01 2.430907792160379721e-01 1.505438106745058321e+05 1.102193658006297628e+05 7.802651643308851635e+04 5.426154844391923689e+04 2.987347558021901661e-01
4.109759078530017540e-01 5.448414673584293100e-01 4.506461233519102882e-01 4.371058530680190235e-01 2.479694257072211638e-01 3.365204117199663836e-01 2.950679800392522756e-01 1.345369239433164767e+05 1.112348083910131681e+05 7.943877830245987570e+04 6.636799391526886029e+04 2.759499638653624687e-01
3.456037840822497875e-01 5.171892346575553967e-01 3.580293476634653915e-01 6.360803798508247731e-01 2.448786324870469155e-01 3.930793395273163293e-01 3.397446437931309626e-01 1.729327502181334712e+05 1.335301269086609536e+05 7.344851523861809983e+04 4.810848364119994221e+04 2.482820955172503341e-01
4.712716474230761454e-01 5.762362201470068168e-01 4.337355926059410782e-01 5.514078268692049756e-01 2.051970850861773998e-01 3.148213273728449613e-01 2.625553812036637846e-01 1.280935150626089599e+05 1.095700029015207983e+05 7.864918113000372250e+04 6.282822983056872908e+04 3.024786287202316237e-01
4.245671936740711971e-01 6.339510743177799723e-01 4.150653389386241843e-01 5.706883975743908266e-01 2.119506410762883042e-01 3.276938985486693157e-01 2.549190188532594603e-01 1.182202996078428841e+05 1.228163879994567687e+05 7.696096787648640748e+04 5.687586620197482989e+04 2.414963728249201469e-01
4.691787903711721053e-01 5.970236765113986488e-01 5.168787888697592425e-01 5.356900457073986432e-01 2.415073331511991828e-01 3.384227567297738437e-01 2.414978302697740609e-01 1.338423559603116300e+05 1.135751004563667375e+05 7.510251886707171798e+04 4.660667152565696597e+04 2.758886369165501895e-01
4.214494175113749352e-01 5.159684846129356517e-01 4.639617026807152933e-01 4.316037634116798305e-01 2.692418579703783066e-01 3.465818076167208051e-01 2.647704897597429885e-01 1.482009004261974478e+05 1.216374366451473034e+05 7.270649539892625762e+04 5.339763668770914956e+04 3.104894928303931212e-01
3.446170821607538182e-01 6.279119915686430797e-01 3.752340311583123866e-01 7.069159757400682587e-01 2.448862274895214630e-01 2.984631123042297829e-01 2.486257423524978194e-01 1.675787709702170396e+05 1.502649785339901573e+05 7.314554664616864466e+04 4.155576220162171376e+04 2.520005957129615171e-01
5.386633738261905613e-01 4.831970515604349092e-01 6.196201573660562456e-01 5.594647187429844237e-01 2.625325843420467931e-01 2.740709795739565968e-01 2.969979896962924859e-01 1.359493641537744843e+05 1.280611426931830647e+05 7.665034249879524577e+04 5.437817709394956182e+04 3.342249472349811956e-01
3.844823066116596633e-01 5.524487228090996238e-01 4.768109878740557361e-01 5.109205178503688494e-01 3.082020385148180885e-01 3.580127113120106785e-01 3.171820912123307634e-01 1.309026244469600788e+05 1.260180095425651234e+05 7.480908271006216819e+04 3.965997482799028512e+04 3.112378999279717950e-01
3.831610453415905115e-01 6.127501982847084472e-01 2.894132424241809276e-01 5.287016752155319077e-01 2.379948292265998411e-01 2.414985975387739792e-01 2.299129130172825608e-01 1.498476548149511218e+05 1.341952103070791636e+05 7.333655815219756914e+04 3.770936714440325159e+04 2.501240749941392449e-01
3.599021045950941966e-01 5.851747150432824451e-01 3.463329623017644687e-01 6.603281534891407567e-01 2.803597021840987247e-01 2.877691836534245207e-01 3.257548831770597508e-01 1.629024022255938035e+05 1.458615564150606806e+05 7.354952796510442568e+04 4.049224772141838184e+04 2.647310302002617854e-01
3.747269441090003150e-01 5.402341701783202055e-01 6.691185484013417728e-01 4.074151313895001958e-01 1.896659619390349549e-01 2.889929790036274149e-01 2.682138130057215575e-01 1.855023812962954107e+05 1.667713502182580996e+05 7.310628457199601689e+04 3.994933229334350472e+04 2.801581230841419523e-01
4.086543379645784513e-01 5.424342116699537586e-01 5.565434085815352816e-01 3.809937304876753195e-01 2.665060592855169608e-01 3.443290744618318078e-01 3.541641237771534501e-01 1.465918308775834448e+05 1.146159656336696789e+05 7.728692310231106239e+04 6.565174936797900591e+04 3.423158190955730706e-01
4.012783491671311764e-01 5.852262783740335150e-01 4.181438646959288463e-01 5.295404914791113082e-01 3.196719346058942146e-01 4.036486139039052179e-01 3.252391604831732508e-01 1.573174701078101352e+05 1.161549384872484225e+05 7.463877881771238754e+04 6.449388577688243822e+04 2.657033298006346023e-01
4.768900649043991691e-01 5.931306417079056370e-01 3.797405143181337150e-01 4.685461571101487976e-01 3.538238205744865250e-01 3.162498628928002153e-01 3.001674987512794046e-01 1.266212070832010795e+05 1.108855418623991136e+05 7.503068271781149087e+04 6.545832932673237519e+04 2.349656468759345751e-01
3.629225570895034947e-01 6.462624916594867930e-01 3.943967841553237541e-01 7.030980208188611913e-01 2.932222469210338245e-01 3.343465104984504888e-01 2.463935598497398460e-01 1.329690716405475687e+05 1.169821397902579047e+05 7.456528624383680290e+04 4.608488306074299908e+04 2.530721951141787218e-01
3.903681229943212760e-01 5.784359226066595472e-01 4.627149864415642244e-01 5.393206581676950329e-01 2.849319788086294158e-01 3.374512587841365097e-01 3.352342935408615943e-01 1.330180377154313901e+05 1.240494044099402381e+05 7.457960831640083052e+04 4.940380464673786628e+04 3.542588900557233633e-01
4.222086458810123122e-01 5.692302021876415319e-01 5.180102440490476079e-01 4.680498786031633829e-01 2.708039087395908706e-01 3.592756299507534612e-01 2.980496060334484887e-01 1.287945871738166607e+05 1.140059392046653084e+05 7.531654212566472415e+04 5.814928692748220783e+04 3.318267827993224839e-01
4.822027982363228382e-01 5.245934580153381876e-01 4.656292406986300980e-01 4.800078917328756689e-01 2.617085794573142943e-01 4.069172721195122300e-01 3.470501158541122733e-01 1.362345527193110029e+05 1.343902425632094091e+05 7.445011347383941757e+04 5.623689121624810650e+04 3.003243132875842436e-01
5.185483398699151092e-01 4.684757554064551965e-01 2.230495354710239075e-01 4.119840297480021896e-01 1.995300271203317988e-01 2.963218665768481697e-01 2.624344600905773595e-01 1.321176188998966827e+05 1.153817841920871433e+05 7.504814650768855063e+04 5.554406655567130656e+04 2.332024341388549693e-01
4.250149916320956622e-01 6.306918141544046730e-01 4.776876716291774683e-01 5.010654026975417397e-01 2.687915958987451837e-01 3.693156771337827715e-01 3.125795215180721676e-01 1.185382856651234470e+05 1.060697437887964916e+05 7.637342665914128884e+04 5.712530195871078467e+04 3.331660727514663689e-01
4.335814729157354552e-01 6.237977791990473309e-01 5.870261906017532061e-01 5.161762366688725789e-01 2.671552144910537829e-01 3.460417892117089722e-01 2.853963845695874912e-01 1.467604721366431913e+05 9.874632722825807286e+04 7.599522368972752884e+04 6.946223510254958819e+04 2.976549881429130795e-01
3.574355359138154942e-01 4.274577645273566762e-01 6.480985842057629398e-01 5.042686637284313766e-01 2.647464770573581538e-01 3.532819028568348063e-01 2.984668639059095407e-01 1.293776725082306948e+05 1.022295132200535882e+05 7.847624023618780484e+04 6.412261153362984624e+04 3.289348420714774401e-01
4.880962941212109163e-01 5.246099126811740732e-01 5.215219674391609050e-01 5.653652408063927215e-01 2.705541654797732898e-01 3.339222831040198347e-01 2.980371720747952424e-01 1.299037181144896895e+05 1.204307653920965968e+05 7.699900440129137132e+04 4.054189979554321326e+04 2.899677614481720456e-01
4.057588392300222058e-01 5.797555743436493270e-01 4.851782065834359670e-01 5.367046753748657695e-01 2.346537707263993133e-01 3.182057729996107809e-01 3.782102168890179583e-01 1.432194190757254546e+05 8.732636086362859351e+04 7.643908348743687384e+04 4.862454802860542986e+04 2.973399749734195741e-01
4.687559670204515250e-01 5.306449127590006087e-01 4.803551591685814026e-01 5.035825305557600773e-01 2.817743116724431562e-01 3.538020245570938638e-01 2.022831757140137188e-01 1.387178214020661544e+05 1.242287756739353354e+05 7.295261708318037563e+04 5.525049759308373905e+04 3.292669606071498833e-01
4.149603657719616034e-01 5.474734743903335588e-01 4.558566276814214890e-01 4.495663107488966359e-01 2.571792734830063432e-01 3.402035017077974510e-01 2.707283201329664379e-01 1.415395305259435845e+05 1.194445543468918040e+05 7.485541603861594922e+04 6.171002717503741587e+04 3.047901223652568214e-01
4.743718690136840554e-01 5.164747737925612370e-01 3.960686773743188893e-01 5.161317840702569493e-01 2.776427701227109912e-01 3.633210838200076065e-01 3.338594977074126335e-01 1.434080410519651778e+05 1.136434275931850425e+05 7.429148865241030580e+04 6.529735447924507025e+04 3.185866150082713455e-01
4.400738814892554140e-01 5.554479965980025913e-01 4.567582191180171725e-01 4.504425130424977164e-01 2.650374216938510274e-01 3.668839462633126658e-01 3.785328710118935902e-01 1.582319932348696748e+05 1.288589082418344478e+05 7.335778887922408467e+04 4.528537340871260676e+04 3.121540552622956710e-01
4.673130266369413532e-01 6.359496939073018273e-01 6.510852332987324687e-01 4.177244900130553940e-01 2.261097350356484348e-01 3.408247668880305392e-01 3.334670580508137250e-01 1.162062049655129085e+05 1.199878498652584967e+05 7.439281216304600821e+04 6.215391202322130266e+04 3.917738603390140684e-01
3.373769101683947169e-01 7.397364395996361974e-01 6.384633345398806892e-01 4.065464187285294795e-01 2.153205289306505399e-01 3.397554656309960119e-01 2.356181560372274664e-01 1.690187810395940032e+05 1.099781711522896367e+05 7.614254221094149398e+04 4.219093522572307120e+04 3.164829873643102975e-01
3.643936775573412556e-01 6.866927896963314071e-01 5.041005480069989941e-01 7.201435427049699411e-01 3.668028220809173012e-01 3.840888496934000695e-01 2.825205824714827618e-01 1.386048352140753705e+05 1.228544657174061285e+05 7.401220218339390703e+04 3.732868845154755400e+04 2.858176355749064701e-01
3.914610177428033411e-01 5.747926882248656222e-01 4.956584282973641176e-01 5.010977112541352696e-01 2.572516441086319938e-01 3.731398580987969060e-01 3.252730158920641435e-01 1.204224587134530884e+05 1.145174765318938880e+05 7.605131580284245138e+04 4.589260745733041404e+04 3.262868735991317215e-01
4.104558729867479050e-01 5.238393448068476843e-01 4.918097681942727450e-01 4.233638926985248685e-01 2.590273050091749796e-01 3.419741311619848845e-01 2.474871427725042206e-01 1.351829055963901337e+05 1.237764316427610465e+05 7.284900060732547718e+04 4.978992733321084961e+04 3.598567952246189416e-01
4.502618802691503164e-01 5.964905577904859868e-01 5.145128615210833312e-01 5.235492370077765578e-01 2.862599834408713906e-01 3.622175469215018762e-01 3.084664365299535360e-01 1.454457415368585789e+05 1.246634346050175518e+05 7.641363832598557929e+04 6.611622671139331942e+04 3.315074820196030614e-01
5.466264427157203620e-01 4.965602925990177940e-01 5.747816722188605620e-01 4.374076605403132145e-01 2.136144396380405541e-01 3.390721235493801555e-01 2.971236462564863512e-01 1.524391834112345241e+05 1.012264149824893102e+05 7.597674602796213003e+04 4.994777017956171039e+04 3.303657721499606570e-01
4.114541775875757423e-01 4.810678255511380841e-01 5.337617436467652077e-01 4.388328970777631288e-01 2.853254536586861678e-01 3.276498418367740362e-01 2.653716202613363717e-01 1.290532590241989237e+05 9.751926783005033212e+04 7.707122527289386198e+04 6.245757121466597891e+04 2.775605039435344867e-01
4.284512968691997492e-01 5.916049332289652352e-01 5.453904555011981348e-01 4.831883738024193575e-01 3.065911600084899047e-01 3.991421685174196265e-01 2.752477008998244212e-01 1.292546492682426760e+05 1.211307007686121215e+05 7.882097709980701620e+04 5.668820390597415098e+04 3.279975539501320814e-01
3.970349555750257720e-01 5.899498319622035192e-01 6.042625665039635940e-01 4.752935424136781051e-01 2.785882559437602435e-01 3.569844202239981223e-01 3.196396450623416041e-01 1.754754567578430579e+05 1.213380064161933406e+05 7.242950197047585971e+04 6.515321528682417556e+04 2.148221719545978792e-01
4.614937506389323874e-01 5.615356093605512466e-01 4.920671107408949307e-01 4.656180057503774283e-01 2.823732681000546418e-01 3.203771120168687481e-01 2.092450580104709690e-01 1.409524823297297698e+05 1.130221232644691918e+05 7.776771725001670711e+04 6.227250092608329578e+04 3.187713640618490829e-01
3.858320607630744692e-01 6.515512621540945348e-01 7.580268590779324356e-01 3.990127834735408552e-01 2.592299391177026457e-01 3.439751585447192173e-01 2.488527921815799626e-01 1.267089299432855478e+05 1.109534119673841633e+05 7.490073889052258164e+04 4.569136664127682161e+04 2.527955038632646589e-01
4.757461564567596057e-01 6.250812901452138526e-01 6.990676390853713951e-01 4.123665674653064772e-01 3.101206800661078233e-01 3.193565490405005924e-01 3.539125516560373552e-01 1.323047984831989743e+05 9.107921205073122110e+04 7.829932954077339673e+04 2.374359287764662076e+04 2.746328676936390933e-01
4.488687444371780577e-01 5.302718484048258851e-01 5.384552693131697820e-01 5.156568296928892847e-01 2.454635761116937820e-01 2.800268880833690632e-01 2.475535403920164079e-01 9.154624643962805567e+04 1.268606110205529112e+05 7.599238679152239638e+04 5.836011043275624252e+04 3.432623616950153389e-01
4.392746186694641564e-01 5.977373418537886840e-01 5.610611261247613335e-01 4.524316126655486547e-01 2.704657426623093830e-01 3.127716241787767415e-01 2.315066303053038566e-01 1.291616412953077815e+05 1.316994315246217593e+05 7.192860121846366383e+04 4.146651383537740185e+04 3.349255940893946515e-01
3.849357320587157849e-01 5.059142992768866920e-01 5.030254227429762359e-01 5.229208366795555785e-01 3.008297700444598766e-01 3.662910992418081935e-01 2.676403463326174625e-01 1.444161001701838977e+05 1.113322933716150001e+05 7.463811260940901411e+04 6.161207494175696775e+04 3.742884328693808493e-01
4.271823176196228866e-01 4.943421675311045482e-01 6.477814253956148960e-01 4.496014756413020952e-01 2.412602244182902866e-01 3.079281513402146175e-01 2.800668581561405746e-01 1.410977857628627971e+05 1.279362816402591270e+05 7.499564335831312928e+04 4.349185035846070969e+04 3.295339504150615051e-01
4.411039477617024751e-01 5.378069070802883322e-01 6.571993190659353168e-01 5.608179804603852237e-01 2.075724902205005329e-01 3.729362581014873945e-01 2.675601083035828998e-01 8.883943182090502523e+04 1.075776371837034239e+05 7.477570887996074453e+04 5.808872601033496903e+04 3.392973672082324477e-01
4.843950257313961449e-01 6.392854514021369949e-01 4.654924896114790989e-01 4.580675330534107470e-01 2.513214464622871569e-01 3.351551422160939375e-01 3.611430447036024782e-01 1.364508954896544165e+05 1.085586516894140077e+05 7.905036067611134786e+04 6.351776806498346559e+04 2.973548539437583793e-01
3.670667052159382604e-01 5.129375757416742010e-01 6.053173100065497581e-01 5.721011427138218419e-01 2.796882656680536039e-01 3.795085305309057744e-01 4.028694602762592503e-01 1.393913249000773649e+05 1.309393151915066555e+05 7.389460891023362637e+04 4.643692983095185627e+04 3.814469200682115702e-01
4.642205326513386687e-01 6.332661774528606236e-01 4.029149743535508921e-01 7.039848042066390033e-01 2.926388845885093404e-01 3.144125632644112489e-01 2.626532064057355287e-01 1.439628896423626575e+05 1.212810172127363767e+05 7.797489142504829215e+04 5.045643625815465202e+04 3.194023552598536653e-01
4.357507905319951136e-01 6.145154706427721214e-01 5.651295736290892213e-01 4.886292459549828604e-01 2.220444194890322798e-01 3.868672387143826108e-01 3.090234514192948256e-01 1.389627083195069863e+05 1.301536168882208149e+05 7.432566364572713792e+04 5.925266247782380378e+04 3.010205967995377430e-01
3.561936145901527517e-01 6.114228324292164674e-01 4.258288164710842261e-01 4.545359689715840479e-01 2.527785105858322279e-01 3.409817564364285847e-01 2.658544655179899130e-01 1.439337669763032463e+05 1.164503959770054062e+05 7.748405677326112345e+04 6.776998677967324329e+04 2.835939159006101717e-01
3.955347302255869391e-01 5.714516398245744755e-01 6.031392907831439887e-01 4.563559193187577412e-01 2.500629014434024300e-01 2.904610732315885957e-01 3.196296006463636430e-01 1.254321047370184970e+05 1.162537982852229325e+05 7.403870291756099323e+04 5.431237064726628159e+04 3.907211244925586913e-01
4.477612590870476139e-01 5.677165285600583866e-01 5.574182043823621147e-01 4.801383305130202395e-01 2.728041879812702075e-01 3.212364546430231949e-01 3.385659209338022779e-01 1.337688403932249639e+05 1.327415033651922713e+05 7.747564427602397336e+04 5.735379766073825886e+04 3.686232551354812204e-01
3.994882252293250890e-01 5.045791930416182458e-01 5.391293280193665272e-01 4.140532542371941904e-01 2.437514828250668675e-01 3.830483935105358229e-01 2.723527814732376040e-01 1.653121261184092727e+05 1.196831776236700098e+05 7.667704674706580408e+04 6.192813664134977444e+04 2.980634033573268393e-01
3.965510387996756814e-01 6.414853501235966426e-01 3.964823540343985764e-01 6.099831970319401497e-01 3.284691572219112232e-01 3.569818621280088644e-01 3.528679873409234502e-01 1.625198435099833296e+05 1.244635621506411408e+05 7.425255509957199683e+04 4.133441799364402686e+04 3.427111470245444158e-01
4.080158517857971345e-01 5.917684978403852103e-01 5.423277815805360724e-01 4.449895346285208109e-01 2.574874634741133872e-01 3.405129369532437500e-01 3.449624718097701326e-01 1.242513448756748112e+05 1.316933191655395494e+05 7.655737513532384764e+04 4.125832371368007443e+04 2.797705208662603082e-01
5.094758352431857373e-01 6.028586392540108418e-01 5.656627261940135876e-01 4.489914098516225582e-01 2.631945129210163103e-01 3.504340270340511876e-01 2.450474374313742487e-01 1.433946983132921450e+05 1.117367839236181462e+05 7.679009644350028248e+04 5.397918957640900044e+04 2.623779851179994238e-01
4.515835273907869429e-01 6.727883131528600291e-01 5.778087984438539104e-01 4.379410884182387553e-01 2.684593401043968708e-01 3.175066114032021880e-01 4.042631097744376900e-01 1.208261080110415205e+05 1.209769554380163900e+05 7.495704561510996427e+04 6.944889418545583612e+04 3.252924038483953062e-01
3.800011137512852577e-01 5.289577949358504894e-01 4.650189474194132977e-01 4.738527584663032588e-01 3.181290366510484691e-01 3.436793341329055229e-01 2.798242995464043648e-01 1.390897806018987030e+05 1.039664019743372919e+05 7.300914935634865833e+04 5.680402439522559143e+04 3.684040518064465308e-01
4.930016915126163024e-01 6.503792701361645889e-01 7.584997406239898377e-01 4.175717064273981038e-01 2.649697943794595001e-01 3.497808149398382027e-01 2.719524982535048152e-01 1.435690939185362950e+05 1.187684034942192084e+05 7.935655593739666801e+04 5.222562615197442210e+04 3.250187933873037727e-01
7.216738064645989992e-01 6.320599816448482233e-01 3.646802730725109964e-01 6.771316016547285210e-01 7.319644856167752955e-01 3.650886791742751769e-01 5.830010892240893305e-01 1.431466719183871464e+05 1.258566023981420294e+05 7.471472015963309968e+04 4.486332794976842706e+04 2.847991414873141669e-01
3.661750838882389947e-01 6.338681576226805614e-01 5.105877801593450283e-01 4.841413843690263730e-01 2.711599778020784002e-01 3.294416924942892289e-01 2.899589363129245201e-01 1.384585916904466285e+05 1.140593373956949945e+05 7.908194884867401561e+04 6.757630049161886564e+04 3.283237835940779892e-01
4.025821733733409569e-01 5.794291152067961859e-01 4.100198456609753794e-01 5.038805562110429959e-01 2.560571262328625863e-01 3.062815949114219283e-01 4.179783073668757454e-01 1.657607035365467891e+05 1.181820581735291489e+05 7.689372553495739703e+04 4.454969134097904316e+04 3.603025259989171558e-01
3.944702809440977509e-01 4.333755445738161627e-01 4.979418488315529023e-01 5.370113604084216785e-01 2.546623899613857378e-01 3.191927705988880648e-01 2.944966496734151562e-01 1.409453415915013757e+05 9.912425204306276282e+04 7.612097973763322807e+04 6.779465559951457544e+04 2.726953851170965670e-01
4.432218977508349256e-01 5.216965892634887192e-01 5.101257937906874540e-01 4.175779633255048418e-01 2.501902211572657464e-01 3.458937658586632713e-01 4.202918772925730018e-01 1.492787736290206085e+05 1.001287653723600379e+05 7.573132127663641586e+04 5.105143144721308636e+04 2.406415463346026629e-01
3.526718388589782927e-01 6.370958768692809304e-01 4.027968330581334078e-01 5.521813578951448864e-01 2.754253700994423459e-01 3.606899612721043979e-01 2.358454686919032040e-01 1.020539688755651005e+05 1.259116404735471151e+05 7.824298420671230997e+04 6.729602572034583136e+04 3.598495334695662184e-01
3.310672189961121337e-01 5.629342159996525430e-01 5.506884067188640985e-01 6.275248672453079823e-01 2.709382901038244751e-01 3.638295737382964967e-01 4.063800658921994380e-01 1.569040099223314610e+05 1.492936122594530752e+05 7.621473461327682890e+04 6.488881909122141224e+04 3.305889285170831582e-01
4.718257734636976952e-01 6.032731520988940943e-01 4.753092417642082457e-01 4.632025060506020919e-01 2.585406083331919236e-01 2.878565209772921407e-01 3.114208033559790478e-01 1.587511567041024100e+05 1.257576231091635855e+05 7.470385903960550786e+04 5.302250192725582747e+04 3.291366789784685443e-01
3.821065436144100991e-01 5.556422422643992887e-01 5.175201144706573775e-01 5.820654367404113350e-01 2.202270980698907699e-01 3.261413709612785983e-01 3.192818376668707381e-01 1.231572084150822338e+05 1.120886270358367328e+05 7.505342931664519710e+04 6.662351808457473817e+04 3.612171674764267371e-01
5.580752230260432878e-01 4.888046191035673171e-01 6.430015753034916681e-01 4.939765536605503216e-01 2.052825014404581205e-01 3.448565275141851072e-01 2.488930109973026827e-01 8.732697780976531794e+04 1.197379425964928087e+05 7.281730318177427398e+04 4.489867628038987459e+04 2.490442830736118718e-01
4.494482393716756063e-01 4.424492971480731285e-01 5.473360403983561495e-01 5.005542188380310842e-01 2.645401477912626698e-01 2.974142091086798834e-01 3.883227067734379423e-01 1.248105041813226999e+05 1.107853067181707884e+05 7.531286254671460483e+04 6.765088023417738441e+04 3.873315372934582057e-01
4.311011076494578598e-01 5.400268242817852782e-01 6.172844980828554595e-01 5.023205998133611905e-01 2.172237644176062410e-01 3.654639993342033155e-01 1.556134006422465466e-01 1.008084501375304972e+05 1.104420219512892654e+05 7.529143307257423294e+04 5.983222909232738311e+04 2.885112733150354547e-01
4.362708947557819572e-01 5.939308791373357765e-01 4.387462364866079323e-01 6.009500682390613857e-01 2.588819297295940070e-01 3.464670418602254776e-01 1.653515865753404090e-01 1.199791462598582584e+05 1.164518712986158353e+05 7.510361885947859264e+04 6.665249895784078399e+04 2.507287175947981450e-01
5.379391700206789251e-01 6.622763851118155243e-01 6.971567824410730418e-01 4.514682610357672043e-01 2.863247266219727805e-01 2.970361955904907147e-01 3.181167489595581599e-01 1.501566060152450809e+05 1.193667022177365288e+05 7.326175123275379883e+04 6.556978282619648962e+04 3.349712072286950559e-01
3.555473986526502816e-01 6.531810971581103464e-01 4.045265926923843347e-01 4.471389779897868011e-01 2.745751624901900945e-01 3.345823148892169696e-01 2.502913517153390055e-01 1.508649262705370493e+05 1.336686335002412961e+05 7.411580347281105060e+04 4.505523070464874036e+04 2.625649062740317286e-01
4.069287568266224953e-01 6.401239334422375027e-01 5.106930603060851892e-01 4.413247192619846881e-01 2.715108075580692226e-01 2.795766301952756772e-01 3.003956858129423479e-01 1.394676081699023489e+05 1.065278650619581022e+05 7.323363768521089514e+04 4.876564387612966675e+04 3.998450190427140227e-01
4.896349281322976976e-01 6.802818841749782575e-01 4.132571683124241502e-01 4.863895727347750109e-01 1.995077138205992306e-01 3.414664735657060302e-01 3.114943687189938859e-01 1.423014368491321511e+05 1.270008667617363099e+05 7.754603230680323031e+04 4.797331196847528190e+04 3.263799536437420601e-01
4.211794970987307596e-01 5.574605172561306610e-01 4.525310840884537722e-01 5.860118865959029755e-01 2.869388607727644813e-01 3.540921869445184389e-01 4.117773435512476765e-01 1.313130440623514878e+05 1.085929849699810729e+05 7.328468843646685127e+04 5.211637235184010206e+04 3.836816416138812413e-01
3.981729909136019208e-01 4.945825911131717101e-01 4.925159463210226352e-01 4.941122128278023773e-01 2.393463076475387252e-01 3.477667939377551143e-01 2.098803168012574050e-01 1.354416259116402944e+05 1.254593185071701155e+05 7.571470412194610981e+04 6.189038364443053433e+04 3.441584419392666461e-01
3.763198128566848655e-01 5.322231421366141468e-01 5.516113100916981704e-01 6.017976214973070892e-01 2.694473385117356345e-01 2.726712707847103179e-01 3.181482997301578464e-01 1.200949043491410703e+05 9.038990249739095452e+04 7.608497692745421955e+04 6.121178735077406600e+04 3.200253841446754621e-01
3.857758049920583243e-01 6.237222249961874576e-01 5.504073919063815490e-01 4.791242428667351061e-01 1.972570853544242664e-01 3.747514266407486749e-01 4.258814641295164960e-01 1.157311809273801337e+05 1.163092689427650766e+05 7.829151861868020205e+04 3.818137470389318332e+04 3.502551790493116379e-01
4.284576545856996210e-01 6.391252443951358497e-01 6.138322403540018568e-01 5.678150359743908693e-01 3.187609860703625175e-01 3.103555406473755274e-01 4.028363257224127358e-01 1.198919462029553397e+05 1.115612469292925525e+05 7.439971188351786986e+04 5.100418212758604204e+04 2.784423628744166490e-01
5.627586444219998540e-01 6.885876422061835145e-01 5.527255330222015095e-01 5.209524545456094557e-01 2.592790704975382887e-01 3.098440340459882036e-01 2.573457943627892597e-01 1.486723236978009809e+05 1.139704181096664252e+05 7.803445189243284403e+04 5.965792240540907369e+04 3.822221035512233800e-01
4.192289345826827884e-01 5.621646086017447752e-01 5.384069732480805115e-01 5.014708306030705165e-01 2.471506545894300300e-01 3.518170939793467955e-01 3.379943625800477247e-01 1.342036602370324836e+05 1.145500876163392822e+05 7.565233863245321845e+04 6.112319862912482495e+04 3.283969361005648624e-01
4.094035186013860739e-01 5.636037736603553006e-01 5.374751497486144336e-01 4.419986569134053966e-01 2.803118062858974691e-01 3.573753033218865505e-01 1.766419509809494803e-01 1.412014066985890968e+05 1.009224720931173069e+05 7.462345194914174499e+04 6.734713749406188435e+04 3.010550739840242573e-01
4.440959239198422059e-01 5.949522191679922356e-01 6.596700289251132832e-01 5.329791007450329632e-01 3.210335541148707783e-01 3.290736907611712114e-01 2.853637386125764674e-01 1.222788170710885024e+05 8.786720309121187893e+04 7.602091447466089448e+04 4.667758033505444473e+04 2.204647866599042660e-01
4.094530020807228277e-01 1.890119375566723381e-01 3.006226717095096257e-01 3.685883085839365414e-01 1.839710364295173706e-01 2.371081762752524080e-01 2.446693730762113106e-01 1.453175267858237494e+05 1.289615751721770648e+05 7.394898677314346423e+04 4.329155569126910268e+04 2.121088367626146332e-01
4.877926920254211929e-01 4.631630824165357541e-01 4.523424014137800153e-01 4.999011418685117558e-01 3.054169122261556901e-01 3.469911822166208415e-01 2.565050655160507898e-01 1.078641877172590612e+05 1.270923302210920083e+05 7.579205903333384776e+04 5.889514400482476049e+04 2.885604216866403116e-01
3.991138094316129536e-01 6.078786096200888833e-01 5.590900417366700959e-01 5.042492093745789550e-01 2.600056761261447247e-01 3.729049420657326586e-01 3.122943519863643491e-01 1.349201610530668404e+05 1.189361011741721304e+05 7.497874342421995243e+04 4.082491356456910580e+04 3.038900713624547723e-01
4.762212997148210225e-01 6.986939699314601571e-01 5.448936636979927473e-01 5.217621269294021591e-01 2.679970605625846547e-01 3.075215852947891793e-01 2.604999151246477629e-01 1.374332174325444794e+05 1.118812377907113987e+05 7.769315700376714813e+04 2.787240615559071375e+04 1.981547357864742176e-01
4.994048170001109122e-01 4.734467233571986178e-01 4.525978597012718097e-01 5.158073694446673185e-01 2.441976812702925381e-01 3.236650010973326497e-01 3.195967888918842537e-01 1.226234557962019608e+05 1.227321673797474650e+05 7.626593412135126709e+04 5.788445307029160904e+04 2.693530616857285898e-01
4.185967997289069542e-01 6.062902141285900770e-01 3.887179462556333287e-01 5.101693524605371843e-01 2.588652297166656457e-01 3.706442120600293433e-01 2.943544725934194028e-01 1.199071512491783360e+05 1.299071703243337688e+05 7.580298062097321963e+04 3.396963071392643906e+04 2.896944014466880657e-01
4.128656450158431634e-01 6.341435629004256169e-01 5.915746435078839127e-01 4.525580186744870836e-01 2.575763056395621309e-01 4.304995206567642785e-01 2.573937620968093642e-01 1.289641733661809121e+05 1.308491045063900237e+05 7.653463756839610869e+04 5.618511718875036604e+04 3.217975442302838385e-01
4.943459116131955766e-01 5.660209600755701231e-01 4.647677661068475019e-01 4.896231284918197701e-01 2.654312808167114679e-01 3.432186698176113993e-01 3.637179275460168393e-01 1.412346926607981150e+05 1.282754846769108262e+05 7.334820509961567586e+04 6.381862366921831563e+04 2.978217835964636073e-01
4.031528286514087234e-01 5.249730100334155658e-01 4.923140486470682919e-01 5.127363075631937717e-01 2.786336385999068632e-01 3.100734603323788141e-01 2.807332691216165022e-01 1.353617188627565920e+05 1.155972094706925709e+05 7.298217712326699984e+04 6.232838117465066898e+04 3.001773024824537783e-01
4.061635093919231387e-01 5.612884208455559687e-01 6.983921599415587878e-01 4.900369382551872377e-01 2.718659866412321824e-01 3.452335579457673775e-01 2.974208468271146155e-01 1.283918689748383185e+05 9.963020020087462035e+04 7.454037543715149513e+04 6.054134307383407577e+04 3.612237397860332822e-01
4.724644618468105683e-01 5.972337291096306844e-01 5.160246247789658236e-01 5.020524778763313378e-01 2.539530895776396791e-01 3.103566697376703432e-01 3.625740727532030250e-01 1.394082693016246776e+05 1.012333230637863453e+05 7.558560461225178733e+04 4.789333180738466035e+04 2.867333934686122077e-01
4.361829087725399012e-01 5.252477641580998169e-01 6.642699434343125597e-01 5.173248321566054075e-01 2.742419410780801980e-01 3.318784940030862218e-01 3.192170562878691165e-01 1.258443854588653921e+05 9.760471634922960948e+04 7.600486899269639980e+04 6.847236501035268884e+04 2.550999241111026050e-01
3.763428358886850567e-01 5.798494166404238870e-01 5.478107547940745947e-01 5.035812777605209734e-01 2.966919838950703991e-01 2.983194658665404009e-01 3.634575341507231827e-01 1.258943591307813331e+05 1.125609679910828854e+05 7.464444647182848712e+04 4.979175246493420855e+04 3.042475072443078243e-01
4.074852515234346773e-01 6.082839107348742003e-01 5.580372523048008349e-01 4.843855955087030818e-01 2.801921868798414317e-01 3.345315468994434216e-01 2.896949411841673316e-01 1.522839420760001813e+05 1.081547329979949282e+05 7.542725505823204003e+04 6.740666579601992271e+04 3.474734476993087684e-01
4.437491255935320789e-01 5.827977894541094273e-01 4.758525035325732455e-01 5.928926888068573042e-01 2.319932870417401038e-01 3.545872388362259486e-01 3.848730662852812290e-01 1.509694712172341533e+05 9.790040991503452824e+04 7.779128597188148706e+04 4.671654887400510052e+04 3.703465008597689456e-01
4.158948073739129336e-01 5.874049799524576621e-01 6.009323409968249097e-01 4.702411355104928470e-01 2.479793062137745641e-01 3.727672692416249545e-01 2.419101777361873096e-01 1.197415463596891932e+05 9.152119533014135959e+04 7.707003722833750362e+04 5.671426272483432695e+04 2.557917882206997562e-01
3.390224812815755273e-01 5.426088362686757316e-01 5.614652646824044302e-01 5.109497392540073291e-01 2.177002772909078232e-01 3.491028187480813560e-01 3.852707699281749942e-01 1.185514588008995488e+05 1.068399145491750533e+05 7.821643308369684382e+04 5.804572592153506412e+04 2.888343706229888341e-01
3.116324135860629174e-01 6.103577304571148332e-01 5.916107982203852034e-01 5.317478709294174433e-01 2.587541792442841215e-01 3.224512811076232222e-01 3.418750207848906264e-01 1.321121496505676478e+05 1.143489938422138657e+05 7.421171820191647566e+04 5.297398745830670669e+04 3.399525129739349172e-01
4.296241923716290767e-01 5.519941735619596779e-01 5.298686453161904897e-01 4.255143155577937875e-01 2.691599880127159006e-01 3.426847469060871898e-01 2.736441555959221450e-01 1.175014897126590076e+05 1.230962808186310285e+05 7.525364045558063663e+04 5.086314951975030999e+04 3.231720366300245839e-01
3.938958604124380702e-01 5.884394221789926993e-01 6.415763241586490695e-01 5.541479148795458443e-01 2.289562725799650089e-01 3.114193492095520543e-01 3.785235161405799964e-01 1.310666598538597173e+05 1.064554534313475597e+05 7.472370308812450094e+04 5.542000532933719660e+04 2.258250535170142348e-01
4.084439935720766135e-01 6.971555330409063833e-01 6.662552155290680789e-01 4.672733801136083054e-01 2.183565138759264446e-01 3.292789898955147398e-01 4.077866938716900314e-01 9.979551419691821502e+04 1.125024915662381682e+05 7.738647661593335215e+04 5.467322354106284911e+04 3.451445784877668066e-01
4.416654430029238187e-01 5.607674172411907243e-01 5.880097700668361904e-01 5.955670876406650160e-01 2.806994976411101850e-01 3.533250294863423679e-01 1.964018295036802642e-01 1.212228132886347303e+05 9.405240607977664331e+04 7.619165818357557873e+04 4.962446174367922504e+04 3.344441964937893141e-01
4.813988178446039212e-01 5.229661845617569194e-01 3.875795893020131389e-01 5.562550290708103695e-01 3.099360363559403586e-01 3.499649855835384460e-01 2.812641015466901262e-01 1.367914244142666867e+05 1.516768295459573856e+05 7.680882907831687771e+04 4.731543286978310789e+04 2.579360038270053224e-01
4.168568866056812650e-01 5.501513533577873094e-01 5.577320404869827719e-01 4.551636572312960372e-01 2.445669294602328125e-01 3.299187022522432344e-01 2.560496184415762544e-01 1.539964433785068104e+05 1.067055547823883826e+05 7.657368405177450040e+04 3.611087784152224776e+04 2.560161160344934794e-01
4.551149478453293540e-01 6.740673834620578564e-01 6.205627709217186316e-01 4.576143793219041300e-01 3.054370914696548089e-01 3.531592569790615865e-01 2.736071566105227615e-01 1.105844228357146349e+05 9.938528176182589959e+04 7.816321634453700972e+04 6.528289703196324990e+04 2.363219696803336989e-01
4.906299292379062149e-01 6.227253142702726674e-01 6.995358015824502118e-01 4.769787853488808294e-01 2.391955820716999137e-01 3.407799538724348154e-01 2.659442999937291496e-01 1.177858760063843365e+05 1.430883673152002448e+05 7.758505836437345715e+04 6.102043543354065332e+04 2.643997584622980734e-01
4.482307234338260837e-01 4.013198612753503536e-01 4.724318237525531039e-01 5.188190506204661823e-01 2.531788928126140203e-01 3.989341493219367707e-01 3.867661811175768793e-01 1.143907203925652866e+05 1.171037472547125653e+05 7.561638862726031221e+04 5.929360958354141621e+04 2.281174612155031645e-01
4.419131210587887160e-01 5.924788866586294667e-01 5.368947737565498146e-01 5.252093979710229510e-01 2.774673782689968671e-01 3.190344119679008883e-01 2.441013144927982048e-01 1.386346542256993998e+05 1.346787307909175870e+05 7.316308928240532987e+04 3.802140978498240293e+04 2.447612954820295172e-01
6.074845581841218367e-01 6.477438101724354302e-01 6.991589310180882366e-01 4.844360704721989985e-01 8.907346632836644629e-01 4.852339750323838574e-01 7.393289497392048215e-01 1.368592146570727054e+05 1.201898063415903162e+05 7.500145306990627432e+04 4.699106318351213849e+04 3.502674668603815711e-01
3.561335409848097044e-01 6.413062169846089899e-01 8.676527027162617145e-02 7.180538187823224394e-01 2.754169653821626484e-01 3.246658946397854573e-01 2.447657060015139274e-01 1.448182845529592305e+05 1.282020698201191408e+05 7.420021250350521586e+04 4.460621522014655784e+04 2.506131727088591332e-01
3.793610250650101268e-01 6.320227314377806493e-01 7.323932442004336130e-01 3.917643460783012399e-01 2.394536572308534617e-01 2.936068666830674578e-01 2.448514195078385913e-01 1.617832952222749882e+05 1.447720429270094319e+05 7.324982356442292803e+04 3.619479081668498111e+04 2.490248015577087026e-01
3.633635123442596759e-01 5.551654458713639606e-01 5.582113497494161081e-01 3.564754197789298251e-01 2.991949425743336555e-01 3.367886719903802617e-01 3.597643899833639636e-01 1.550827149405953824e+05 1.331031614910840581e+05 7.410413722159888130e+04 6.814644516401264991e+04 2.807804586486870035e-01
4.510867337521410891e-01 5.104562202711312446e-01 4.055336319638819798e-01 5.355325754592082932e-01 2.291798065371597193e-01 3.351971714053129103e-01 3.422763876254820148e-01 1.720919138015914359e+05 1.362116846643514000e+05 7.275552347049213131e+04 6.426275616822529264e+04 2.631742780900875323e-01
4.819716499617860972e-01 6.941195856762548688e-01 5.833512826114179983e-01 4.396694597157888018e-01 2.725348925334409866e-01 3.771211122240817337e-01 3.104223587065028656e-01 1.346780234650367056e+05 1.283235062221623521e+05 7.546213907402848417e+04 5.890283872033636726e+04 3.558999437802652932e-01
3.909479032062408987e-01 6.111603436802727218e-01 4.224323876481557161e-01 4.652063790811648558e-01 2.348105995571047044e-01 3.631058363498366748e-01 3.275266270914686251e-01 1.035833669836216286e+05 1.082436763045936823e+05 7.544310610133639420e+04 6.740143801059888210e+04 2.962379048530723868e-01
3.496735070437956838e-01 4.003861454899231287e-01 5.718675520558745839e-01 4.789482914441879347e-01 2.949816709146589333e-01 3.776498168521361110e-01 3.924400392180393826e-01 1.207630921091399650e+05 1.193553731785398704e+05 7.292820066568565380e+04 5.922092276311530441e+04 3.335376345596350323e-01
