4.293400612717105380e-01 4.111422954610460256e-01 3.411157105562050429e-01 4.858779046841121274e-01 2.639001195905029129e-01 2.934001500217596203e-01 4.087922220781836646e-01 1.090133699103001272e+05 1.147723129684315209e+05 7.093744432225216588e+04 5.296888760374567210e+04 2.801316134612242825e-01
4.787461458526642288e-01 5.898322967727056554e-01 1.710347064412521823e-01 6.119501284411558162e-01 2.241438253055369201e-01 2.842134051197136579e-01 3.115979476419121208e-01 1.312971747741487634e+05 1.184504119286641653e+05 7.276224527374668105e+04 4.001983731672516296e+04 2.702787655693682511e-01
4.040974467126850489e-01 3.720421362983288294e-01 2.426136866249474222e-01 4.737100967404130336e-01 2.564588443458342137e-01 3.023602157043490113e-01 3.537661148022152591e-01 1.188976171690857445e+05 1.160840966463832592e+05 7.493480148426428786e+04 5.982906163594211102e+04 3.095934759160420824e-01
3.346499768824671706e-01 5.774874966836752721e-01 6.042387044879656832e-01 2.951795822796163815e-01 1.977589543695679186e-01 2.088467977020729283e-01 2.960165556114542351e-01 1.558559045972489694e+05 1.430871289270824636e+05 7.141928131850268983e+04 3.428091262348747114e+04 2.481109424225235172e-01
5.086154637681833401e-01 5.912887033563707373e-01 6.211711434366427032e-01 3.545883457863511223e-01 2.118498752934428464e-01 2.744079451066314679e-01 3.156807318957903785e-01 1.313238254557212640e+05 1.173119821416645136e+05 7.341847097284016490e+04 4.155979183216387901e+04 2.757768571640848432e-01
3.418814648283909907e-01 1.787288445290783900e-01 1.572772698044654638e-01 3.859723904852898624e-01 2.050569546359442552e-01 2.655993088731676277e-01 3.204395861519454547e-01 1.170706819079084671e+05 1.075402344098278845e+05 7.124399534990602115e+04 6.816704980415136379e+04 3.158907966749874285e-01
4.405448805010251934e-01 4.545997897359673190e-01 4.738507806879003192e-01 4.873880634539482504e-01 2.605818014254288606e-01 3.534588739500291177e-01 2.994214525760854895e-01 1.213625172628967848e+05 1.171743461732493015e+05 7.195518831823400978e+04 6.239967039819782804e+04 3.043866466588599495e-01
4.038087717440853042e-01 5.247844861979656939e-01 2.376556581868217999e-01 5.069508237574079645e-01 2.356581807363113124e-01 3.238583169543517437e-01 3.913580711131706136e-01 1.026884465171173797e+05 1.131531949878628366e+05 7.187085719977834378e+04 6.368163879597860068e+04 2.748539821303957464e-01
3.998194481771132347e-01 5.389843263343701008e-01 3.138442002842241618e-01 4.505654363897306780e-01 2.851886368703900887e-01 3.203245801193035369e-01 3.578665079985723363e-01 1.343857505679362512e+05 1.129841490985377168e+05 7.388678591751799104e+04 6.477196358391851390e+04 3.341182322333752230e-01
3.828720890525522669e-01 5.484159801528436518e-01 3.506899830616789782e-01 4.391726076600885875e-01 2.447069381282470646e-01 3.139435323279834433e-01 2.868255224999599617e-01 1.019503546830610721e+05 1.139540043309840257e+05 7.517950897922679724e+04 6.720896809463280078e+04 3.001782606082389893e-01
4.031162371741910389e-01 3.686386303273794796e-01 2.812393108314439338e-01 4.758130117334509190e-01 2.237975473412859573e-01 3.204934920183928337e-01 3.625351435863556904e-01 1.171940905711743544e+05 9.400436418420341215e+04 7.483106988348763844e+04 6.512639394864710630e+04 3.199084622515160348e-01
3.491099915219640359e-01 6.070959324447681160e-01 1.729194429346255779e-01 5.405365303717433179e-01 2.282281090838940985e-01 3.911212482006981017e-01 3.219647405288743602e-01 1.129166456167684519e+05 1.037649729554121150e+05 7.144090646649862174e+04 3.428671040055248886e+04 2.817662968177414018e-01
3.601952726383582104e-01 5.617941356492505145e-01 3.621993231485198805e-01 4.449537217247714893e-01 2.053237368388407813e-01 3.338850847949610401e-01 3.418789199707902293e-01 1.280957458097481722e+05 1.107702605667800235e+05 7.055112550478233607e+04 4.866397366368421353e+04 3.391687094293685534e-01
4.417575066795712546e-01 4.741018886801711130e-01 4.111274710227397766e-01 4.410159396202780746e-01 2.164240910163432452e-01 3.081926452127652927e-01 2.713713764976828924e-01 9.646648064343183069e+04 1.007009986304278864e+05 7.279058347979889368e+04 5.436792441637672164e+04 3.323509602062831303e-01
4.993601960542829454e-01 6.146205116381029399e-01 4.818908648885280033e-01 4.602554733215070693e-01 2.343420135459122755e-01 3.124960145604641082e-01 3.361633898936880471e-01 1.016654455581240181e+05 1.119073233144479018e+05 7.282675857120956061e+04 8.040271582710607618e+04 2.559847373331344822e-01
3.878430714958547298e-01 4.690866994609506069e-01 4.136317089805119918e-01 4.486088101699656772e-01 2.820086456470091707e-01 3.075200027346295939e-01 3.117414630631446526e-01 1.141294285158887360e+05 9.888926134483284841e+04 7.564824929850870103e+04 6.557587487941552536e+04 3.279604401616649234e-01
3.316068138949359034e-01 5.634628712789176985e-01 1.418820684756537109e-01 6.139271906917894706e-01 1.999118051063218660e-01 2.180250190451572256e-01 3.057663409028997803e-01 1.752515592270696943e+05 1.619729881912745186e+05 7.092199967408513476e+04 3.633328380292921065e+04 2.522932731153086361e-01
4.265299175471471416e-01 5.384504372941323336e-01 2.941899663227594552e-01 4.161511724460475459e-01 2.739677959119937722e-01 2.288419933524391547e-01 2.836287546708587959e-01 1.069355727923174563e+05 1.016212471290901740e+05 7.291329495157503698e+04 7.451530676521784335e+04 2.692860722146679930e-01
3.602384663559275446e-01 6.148093387589941283e-01 6.609643416490920131e-01 1.734410334175281454e-01 2.281775625872194957e-01 2.546797512490028281e-01 3.331719143466270183e-01 1.086154245330367994e+05 9.772168687639285054e+04 7.317988100651543937e+04 4.986149627285821043e+04 2.645794878319179255e-01
5.976187930746172938e-01 2.978763352904660322e-01 2.905211430487366076e-01 3.796885149057445674e-01 2.608565856513601622e-01 3.726218498421636771e-01 5.288144489049610986e-01 1.152199047509072843e+05 1.028100550026150304e+05 7.313593680442601908e+04 7.117591988704401592e+04 2.953240972473917259e-01
3.880270244636376820e-01 4.764205685393239631e-01 8.919881418137316775e-02 5.561162893279472108e-01 4.055468686544888568e-01 2.880437674789723679e-01 3.443138848317764955e-01 1.081594015521660767e+05 9.624784117539497674e+04 7.415294919435241900e+04 5.416479331837564678e+04 3.123499198890736794e-01
4.069974596884435303e-01 4.871463076399700221e-01 3.868508156276371235e-01 4.238466313443787215e-01 2.645440620989893410e-01 3.562278899839230184e-01 4.140926674820631370e-01 1.349875530770523765e+05 1.021598126251261128e+05 7.307761615844634071e+04 5.336902976681348082e+04 3.001147858281550396e-01
3.848788098747563668e-01 3.882180962732219576e-01 5.090952237185729645e-01 4.237969347045612012e-01 2.320157013180947914e-01 3.666732806721206828e-01 2.990333283172958434e-01 1.338220850183342118e+05 8.607876492035634874e+04 7.179290338506037369e+04 5.610410807161685079e+04 3.127643038370834239e-01
3.491345407371196918e-01 6.107631524518707389e-01 1.519242030384858055e-01 6.448462329800471737e-01 2.323918849023304256e-01 2.856317634594462973e-01 3.095100258977302454e-01 1.279988584663834918e+05 1.166364187636716524e+05 7.199168532973768015e+04 4.467936692646247684e+04 2.512943215734971258e-01
3.551188514346618197e-01 4.533178072147797666e-01 2.823448957360927825e-01 5.108501818392477967e-01 2.150909225189652219e-01 3.051281432147587847e-01 3.679162216529696661e-01 1.209645376578372961e+05 1.070466354302361287e+05 7.416034948268011794e+04 7.888062569082426489e+04 2.975050694051449285e-01
4.273754477002648100e-01 5.411383307477958260e-01 4.026376243725771631e-01 3.792478920598163494e-01 2.397903416859048509e-01 3.092373963714267759e-01 2.887891895040223256e-01 1.178208965698360262e+05 1.130567000477626134e+05 7.412570613015437266e+04 7.126477620404517802e+04 2.891565655270446622e-01
3.835052757709321858e-01 5.201630452753223111e-01 2.595348001571590180e-01 3.481756126725483180e-01 2.489851527492970285e-01 2.563713218950244288e-01 4.120505402302376274e-01 1.308606824699207937e+05 1.105237844740043220e+05 7.584342452237001271e+04 6.773089198149085860e+04 2.243464023421069820e-01
4.689591673982301256e-01 2.311955098971422151e-01 1.475404034580277968e-01 3.212183385725936868e-01 2.196215536375110133e-01 2.901383318187193416e-01 2.829656836587061686e-01 1.102677570200361079e+05 1.007588308355008194e+05 7.190791559797596710e+04 4.026096654245741956e+04 2.461371214546274888e-01
4.322600864299336876e-01 4.926434399933956598e-01 4.969130749576275985e-01 5.032737011338221933e-01 2.325154685586955372e-01 3.231583843086444641e-01 3.485788751368829597e-01 1.181756963477278914e+05 1.032783282136770868e+05 7.600820977936926647e+04 5.820191310661444732e+04 3.460569123919515211e-01
4.182910561774549896e-01 5.289200163689574685e-01 3.350175754263731154e-01 4.506728586932286507e-01 2.734355348241511718e-01 3.377285723503623549e-01 4.193357517622252062e-01 1.275820199246269767e+05 1.064835047712590604e+05 7.206035626444728405e+04 6.596005737937701633e+04 2.928253168220608660e-01
3.825572826943157700e-01 5.716337783566338704e-01 2.082302866334867497e-01 4.033739801466323383e-01 2.691156629753070351e-01 2.557022888663005866e-01 4.039656659536139949e-01 1.235286068719903706e+05 1.112589713552590838e+05 7.305979622451454634e+04 4.819201399906780716e+04 3.399749142717442552e-01
2.030179763985915931e-01 5.923852323799502217e-01 3.077884092687618312e-01 4.468945616352484329e-01 2.118453471504450625e-01 3.727813402007351673e-01 3.856871457348143850e-01 1.408917744478331006e+05 1.227458858734270325e+05 7.270911025406893168e+04 6.688657817661044828e+04 2.803948961123863270e-01
3.449184866249467296e-01 5.888797589115754016e-01 5.874567544198854296e-01 3.511592735371001361e-01 2.217831294067111880e-01 3.228323451529619414e-01 2.995217426877186395e-01 1.252122511396521732e+05 1.132570763228125870e+05 7.251453346708985919e+04 4.314342490428271412e+04 2.497236382237555674e-01
4.857901750457500056e-01 4.988099088272332504e-01 4.959923718009633387e-01 4.277841978502928688e-01 2.348951685575119686e-01 3.136944305153886448e-01 3.829405034345490511e-01 1.381882363448900869e+05 1.318192326660304388e+05 7.169135491590423044e+04 6.070099263795288425e+04 3.244034008709604233e-01
3.461319337563885656e-01 4.469843777642888982e-01 2.692391964332538912e-01 4.094237815086703702e-01 2.845407808731711397e-01 8.155117210585975940e-01 2.952195791604459996e-01 1.288940127433781890e+05 1.230506982603195938e+05 6.990490385096025420e+04 6.644881542019377230e+04 3.265011222297030669e-01
3.773870785529467309e-01 4.380076853608613763e-01 1.842761918821219369e-01 4.244496663243800261e-01 1.956267221248782218e-01 2.319341177748814320e-01 3.249769892493686863e-01 1.070991514293531654e+05 1.127770288907823269e+05 7.506053939531976357e+04 6.739407655921853438e+04 3.172914716125993517e-01
7.675715643047831271e-01 6.064344573323705578e-01 3.512829200222934989e-01 6.055900510930890546e-01 4.147736722659477460e-01 2.940313616507145844e-01 3.628266137960151627e-01 1.278361462509910780e+05 1.163516363135630381e+05 7.207442385058605578e+04 4.610799827385791286e+04 2.594939445404709222e-01
3.393282914878657519e-01 6.140832785545425887e-01 6.459761364314303700e-01 3.586766594821900744e-01 2.051779865379271817e-01 2.475775093258174020e-01 3.031447603073694208e-01 1.232704014582050731e+05 1.119810662268421729e+05 7.219098550473143405e+04 4.237807467366501805e+04 2.489185643017907124e-01
4.157676849544335584e-01 4.447790314623641383e-01 4.718336630596022818e-01 5.009017314452877123e-01 2.528450879465623524e-01 3.151711109155910240e-01 2.733854449586398117e-01 1.359778795236968144e+05 1.416429816855258250e+05 7.081395360845785763e+04 6.228773642121750163e+04 3.393860328037494600e-01
3.320685853296941881e-01 6.001134281051984098e-01 6.831318403719809362e-01 3.691092455621801105e-01 2.099266904228558883e-01 3.599477172400999403e-01 3.166837116903092886e-01 1.079548661412445217e+05 9.956628439630832872e+04 7.130782106083516555e+04 3.841575398984918138e+04 2.853207020110971048e-01
4.302452551378325163e-01 4.809383018829220813e-01 4.285837541915549775e-01 4.562023180824459900e-01 2.296333695567361888e-01 3.895154691405977032e-01 3.923577049525986959e-01 1.298183819085599971e+05 1.034772756581023714e+05 7.244624796779445023e+04 5.724236117469807505e+04 2.750269160430557913e-01
4.303831044813821172e-01 5.046231669222711602e-01 3.983602428064227929e-01 3.936821667776870814e-01 2.309687899821692703e-01 3.699202398899102406e-01 3.358700342266068839e-01 6.186129775855926709e+04 1.217135025190772139e+05 7.535892237988172565e+04 7.768114064695891284e+04 2.354415436576939025e-01
3.484027937036652256e-01 2.670026599070470796e-01 1.486486509474143625e-01 3.837927131874556141e-01 2.428647335426238618e-01 3.040529852188277316e-01 3.116289426983522293e-01 1.249062912081933027e+05 1.137458496562752116e+05 7.205412224755663192e+04 4.928799350089664222e+04 2.611982170888775823e-01
4.253934621495673585e-01 5.102882345816891485e-01 3.243353655368370059e-01 4.846902596376931882e-01 2.674922133954747983e-01 2.785453239387074564e-01 3.167038631026928841e-01 1.080613093891729950e+05 1.111520648371309799e+05 7.080958447269801400e+04 8.152696092260854493e+04 2.544967730910641102e-01
4.522058102147582526e-01 6.592568066917279257e-01 7.019591201235596545e-01 4.112744668611250654e-01 4.058922974405220208e-01 5.847368549658314985e-01 3.450678166730232754e-01 1.235793869624107319e+05 1.048492500053599797e+05 7.237493370306442375e+04 4.692119062389818282e+04 3.161754500980822336e-01
4.416329351737567910e-01 2.493242704625608652e-01 3.544856239735352244e-01 3.217761090498505450e-01 3.739025595519789302e-01 3.079042202725691402e-01 3.865646713252705036e-01 1.698500440716826997e+05 9.572401096631414839e+04 7.332521538035167032e+04 6.355801083885355183e+04 3.174232367485159689e-01
4.678089570521779539e-01 5.092855066757426830e-01 4.027478436515013471e-01 3.402844817138562794e-01 2.065835102727664463e-01 2.716147577649692946e-01 4.367064908695329484e-01 1.521840964866142021e+05 1.124247731960774254e+05 7.182251987905120768e+04 6.427772477772978164e+04 2.765625191868739674e-01
6.308464159812627869e-01 6.052586139664003495e-01 1.471054119193235532e-01 6.213398223972040890e-01 7.283731665474002526e-01 3.415362009889383876e-01 5.651903778751493634e-01 1.302235837767329649e+05 1.182979373560415697e+05 7.228634488015926036e+04 4.823227094174845115e+04 2.604748721829239777e-01
3.858784922459557176e-01 5.367218937394655498e-01 3.195861150333063616e-01 4.286132265785709272e-01 2.722124990517579834e-01 2.973564425160306057e-01 3.469773570681718988e-01 1.178432570195096196e+05 9.675975059756023984e+04 7.086118273000960471e+04 6.984795308068007580e+04 3.250055693214030095e-01
3.975934595689089579e-01 5.060875857147217882e-01 3.729258323783773421e-01 4.526178738784611411e-01 2.239854628573352824e-01 3.413980928508346668e-01 2.823600888645759199e-01 1.062073686403543106e+05 1.239274286376060190e+05 7.449979462341092585e+04 7.272884635411386262e+04 2.985268008231126702e-01
3.123914306647541106e-01 4.521303857518250147e-01 3.791574313604266222e-01 4.461864248081461315e-01 2.156311948964713954e-01 3.642565073053113944e-01 2.983665498838801722e-01 1.259105732257214404e+05 1.055727615020464727e+05 7.223546442201863101e+04 3.901228548372777004e+04 3.156273866748685597e-01
3.712868535506473333e-01 4.764508551131894643e-01 4.099432004943472929e-01 4.888791440062544846e-01 2.780631892641184932e-01 3.391409322283351346e-01 4.100839951344079082e-01 1.001150698846749583e+05 1.243591723152879858e+05 7.369430529361468507e+04 7.127915409917000216e+04 2.902910916695425891e-01
4.509645378439915420e-01 4.185361509872194685e-01 3.872087018015680782e-01 4.760897933251249659e-01 2.508811271568624490e-01 3.333347345728711053e-01 4.010201165094178788e-01 1.133624372684617701e+05 8.807389991365576861e+04 7.673024429627899372e+04 5.234679496495130297e+04 2.582806662807942133e-01
3.265972694700205459e-01 3.753470866373541659e-01 2.517226279755975238e-01 4.141800728151777133e-01 2.260320777583592344e-01 3.462973085353391323e-01 3.336505649532004458e-01 9.801228521329190698e+04 1.037863162409072684e+05 6.988117760465350875e+04 7.013223500138160307e+04 3.003647839866846470e-01
4.904074216533123587e-01 5.129919211249809319e-01 2.572095648204053009e-01 4.885253536557008225e-01 2.283459732316198421e-01 3.276672544248876440e-01 3.761254974684948849e-01 1.143240543666369049e+05 1.119870635991502058e+05 7.555036735715712712e+04 6.457775459745676926e+04 3.258615047798076869e-01
2.731365792643890567e-01 4.205423566565420490e-01 3.409880474450661114e-01 4.327205324055747315e-01 2.724874807982058944e-01 3.725557543276350470e-01 2.834936938128924111e-01 1.238513402751691756e+05 9.159357208610161615e+04 7.185048206925537670e+04 6.756300818296500074e+04 2.698103539270463314e-01
4.208647528473453137e-01 4.841533737627178868e-01 3.397586066108090885e-01 4.669515992128988047e-01 2.012676999041393966e-01 2.900972137921440930e-01 3.640556469611833101e-01 1.238244161937661702e+05 8.335977828373599914e+04 7.327347018146826304e+04 4.839886625076646305e+04 2.387900517563499858e-01
4.696628724303586466e-01 5.942778425164928491e-01 3.326267691611238808e-01 5.133102386586263499e-01 3.020462549710892786e-01 3.260439585018694020e-01 3.294593357478973195e-01 9.739651673263272096e+04 8.732112797666028200e+04 7.269448783659152105e+04 5.282449486973225430e+04 3.449392113524713532e-01
4.536162049600713231e-01 4.734816262670289988e-01 3.549556511811674531e-01 4.968308817742863037e-01 2.488353662218902029e-01 3.121344528896691783e-01 3.028284343140442147e-01 1.324072451407500484e+05 1.224943722059607826e+05 7.150817639460130886e+04 5.299328875995265116e+04 2.985030409982261101e-01
3.452536279512928852e-01 5.907664748286101108e-01 1.781982498363637313e-01 4.207972702869462456e-01 2.067040507158366125e-01 2.819340502177933305e-01 3.052035316721269931e-01 1.430402982075056352e+05 1.309352117320862744e+05 7.169439197881658038e+04 4.218508158456313686e+04 2.522662491809502527e-01
3.685078779243711744e-01 5.168846217149494215e-01 2.714318121684478613e-01 4.580516419510247683e-01 2.675385533533893301e-01 4.085364100151677169e-01 3.721307812566958528e-01 1.023103795574265678e+05 1.092704822682106897e+05 7.216384807979399920e+04 6.917346664111764403e+04 3.121180550557436373e-01
5.590301065608567210e-01 5.083692921814426668e-01 4.017278603109527002e-01 6.983155781158587594e-01 2.768381543143014212e-01 2.238425050328134436e-01 4.064789354615577222e-01 1.417603253744194226e+05 1.297382095397185767e+05 7.314340146592682868e+04 3.684260838492627227e+04 2.830560866735956638e-01
3.479446970313987975e-01 3.131339644806995781e-01 1.674605376248521349e-01 3.887118181581535326e-01 2.675971916076576029e-01 3.632967309441962334e-01 3.293281887921309381e-01 1.205978293212385033e+05 1.104090231709782529e+05 7.173101947173582448e+04 3.467044046853536565e+04 2.984257015987898387e-01
3.650790982602745149e-01 4.155710856138446485e-01 2.600496426687566864e-01 5.986426938055309233e-01 2.751748206188878720e-01 2.567427066438591754e-01 4.121565259964641292e-01 1.178444818461700197e+05 1.082722040530783706e+05 7.273187964557604573e+04 4.398074027615891828e+04 2.758415149058781601e-01
3.385424385424288807e-01 2.438177312679237763e-01 1.386338473585249642e-01 3.980249263263133663e-01 2.303129935726181132e-01 4.042285039257952906e-01 3.197430845194469407e-01 1.150901544456640404e+05 1.053110775517742150e+05 7.177866630828664347e+04 3.404096943065590312e+04 2.885315249649957892e-01
4.230826208275557110e-01 5.591275315252246525e-01 3.103481973684451001e-01 4.172513123316292094e-01 2.400248659685703945e-01 3.492171458833536191e-01 3.927795413675536640e-01 1.233246177987955161e+05 9.347613421748312248e+04 7.476194226647180039e+04 4.790246515042896499e+04 3.181595304835471705e-01
4.028283972522955780e-01 3.547608925629924803e-01 3.762113975556479195e-01 4.722102350459752573e-01 2.044544076889399931e-01 3.429858684816921577e-01 3.102877042738834690e-01 8.939843933604034828e+04 1.109976012200971454e+05 7.553326717003918020e+04 6.829442149541199615e+04 2.727000863144480869e-01
3.669418058454333997e-01 4.440040143525909588e-01 3.525932458195552011e-01 4.301402306303598322e-01 2.773760338152348459e-01 2.693157483647491413e-01 3.897069909613419258e-01 1.174931864248471829e+05 1.172350729313348565e+05 7.471578117742670293e+04 7.089298138092698355e+04 2.686388770544370641e-01
4.335915352745813300e-01 3.910128356461426424e-01 3.089503963118074847e-01 4.643333583631962802e-01 2.233130929706039214e-01 2.772760035670399081e-01 3.507965741977991381e-01 1.208103044503487326e+05 1.307419601680574124e+05 7.491788885929287062e+04 5.470329566675721435e+04 3.434764896799997191e-01
3.269844132913272139e-01 3.694226018676954326e-01 2.418139664620203300e-01 4.227506671500664281e-01 2.701349591848100085e-01 2.699318214220494117e-01 3.612694104728608191e-01 1.098451460651278903e+05 1.094029939601280930e+05 7.291461768100356858e+04 6.418970736491375283e+04 3.188341307875922070e-01
4.078431886201210887e-01 6.103321180255819600e-01 2.572022905685181771e-01 4.079729481948639047e-01 1.959325441143121849e-01 2.736704286524916929e-01 3.947462535247285853e-01 1.315920139051211590e+05 1.133394417359429208e+05 7.028550125758690410e+04 5.971482277819816227e+04 3.452199925653658963e-01
4.850502095295330385e-01 3.833273358357751626e-01 4.601218548627396543e-01 4.801917247772947706e-01 2.313941791068089004e-01 3.266481684618465220e-01 3.821528986628326963e-01 1.184892451961897314e+05 1.185446415992289985e+05 7.527358375526248710e+04 5.700469422860207123e+04 3.515495298191891882e-01
4.392051122944630737e-01 4.608526152194444836e-01 4.127331876447751791e-01 4.079793986990453702e-01 2.976784457929925187e-01 2.624305554247223782e-01 3.326559888623960015e-01 1.067404803989429347e+05 9.819513591195149638e+04 6.992140677219600184e+04 3.590144761412501975e+04 2.917501291435139477e-01
4.041670621829884236e-01 3.743129712705785539e-01 3.930383063600705884e-01 4.413934885297575161e-01 2.201673527531386731e-01 3.026282946210122615e-01 4.265745990691139911e-01 1.076969978638635803e+05 1.144933347992690833e+05 7.520904667085653637e+04 7.728659149010530382e+04 3.106990705671898723e-01
4.254311896680854077e-01 4.669378712284896760e-01 3.131413482760323497e-01 4.862152528068287571e-01 2.384753995849787644e-01 3.325590408515358698e-01 2.882057442460601027e-01 1.318331175192607334e+05 1.200272096271827759e+05 7.324097586376470281e+04 7.722315493213127775e+04 2.981281979455223108e-01
4.654868058671495779e-01 4.481534542004341204e-01 3.338138593780359820e-01 3.833887507419868057e-01 2.077372907575871230e-01 3.642866631072901873e-01 3.138652344558560681e-01 1.440326235219010850e+05 1.056431464737057104e+05 7.536014258926582988e+04 6.792304487001670350e+04 2.986301279534090969e-01
3.547855807028337805e-01 5.868360419229131653e-01 1.566284817415373454e-01 6.096724726370129632e-01 2.346753180236207936e-01 3.329971736887582523e-01 2.953312502873656209e-01 1.233290551840418193e+05 1.115081433235797303e+05 7.258026650639601576e+04 4.375258145844803221e+04 2.471736974423685007e-01
4.936711590288903051e-01 3.131582263218175011e-01 2.731117222746130557e-01 3.757763621316926317e-01 1.875013265405211238e-01 2.916418110539126252e-01 4.360040035184917229e-01 1.285505779791470559e+05 1.132589024499611551e+05 7.102520329826041416e+04 6.451052559057233157e+04 2.755041744557958361e-01
5.280247589229803973e-01 6.148216859307008564e-01 5.920338878925186510e-01 4.779018836185830454e-01 7.911080732725536135e-01 4.422331192696644653e-01 6.687406945458299612e-01 1.181973550572105451e+05 1.069607339442648517e+05 7.260483196690633486e+04 5.036254257585125015e+04 2.792839821960244051e-01
