1.000000000000000000e+00
5.000000000000000000e+00
1.000000000000000000e+01
1.600000000000000000e+01
2.200000000000000000e+01
2.300000000000000000e+01
2.600000000000000000e+01
2.700000000000000000e+01
3.000000000000000000e+01
3.300000000000000000e+01
3.600000000000000000e+01
5.200000000000000000e+01
7.400000000000000000e+01
7.500000000000000000e+01
7.700000000000000000e+01
7.800000000000000000e+01
8.900000000000000000e+01
9.000000000000000000e+01
1.070000000000000000e+02
1.170000000000000000e+02
1.340000000000000000e+02
1.760000000000000000e+02
1.830000000000000000e+02
1.930000000000000000e+02
2.030000000000000000e+02
2.210000000000000000e+02
2.480000000000000000e+02
2.550000000000000000e+02
