4.293400612717105380e-01 4.111422954610460256e-01 3.411157105562050429e-01 4.858779046841121274e-01 2.639001195905029129e-01 2.934001500217596203e-01 4.087922220781836646e-01 1.090133699103001272e+05 1.147723129684315209e+05 7.093744432225216588e+04 5.296888760374567210e+04 2.801316134612242825e-01
4.787461458526642288e-01 5.898322967727056554e-01 1.710347064412521823e-01 6.119501284411558162e-01 2.241438253055369201e-01 2.842134051197136579e-01 3.115979476419121208e-01 1.312971747741487634e+05 1.184504119286641653e+05 7.276224527374668105e+04 4.001983731672516296e+04 2.702787655693682511e-01
4.883410966371501405e-01 5.052395371811571056e-01 3.834528151443219457e-01 4.073285046931923725e-01 2.246613095664119764e-01 2.916700256700439087e-01 3.006090976034562212e-01 1.184033225410320301e+05 1.109994464225438860e+05 7.253061114081641426e+04 8.103600495840818621e+04 3.389554243234831343e-01
4.040974467126850489e-01 3.720421362983288294e-01 2.426136866249474222e-01 4.737100967404130336e-01 2.564588443458342137e-01 3.023602157043490113e-01 3.537661148022152591e-01 1.188976171690857445e+05 1.160840966463832592e+05 7.493480148426428786e+04 5.982906163594211102e+04 3.095934759160420824e-01
3.346499768824671706e-01 5.774874966836752721e-01 6.042387044879656832e-01 2.951795822796163815e-01 1.977589543695679186e-01 2.088467977020729283e-01 2.960165556114542351e-01 1.558559045972489694e+05 1.430871289270824636e+05 7.141928131850268983e+04 3.428091262348747114e+04 2.481109424225235172e-01
6.483931181120213827e-01 2.099250868291524241e-01 3.582543564030494787e-01 4.891196790248816262e-01 2.398550487832399325e-01 3.595934950987317857e-01 4.303712741021941124e-01 1.035195876311300817e+05 9.255130417440463498e+04 7.338237722575457883e+04 9.533519772824672691e+04 5.518220528732197261e-01
5.086154637681833401e-01 5.912887033563707373e-01 6.211711434366427032e-01 3.545883457863511223e-01 2.118498752934428464e-01 2.744079451066314679e-01 3.156807318957903785e-01 1.313238254557212640e+05 1.173119821416645136e+05 7.341847097284016490e+04 4.155979183216387901e+04 2.757768571640848432e-01
3.418814648283909907e-01 1.787288445290783900e-01 1.572772698044654638e-01 3.859723904852898624e-01 2.050569546359442552e-01 2.655993088731676277e-01 3.204395861519454547e-01 1.170706819079084671e+05 1.075402344098278845e+05 7.124399534990602115e+04 6.816704980415136379e+04 3.158907966749874285e-01
4.405448805010251934e-01 4.545997897359673190e-01 4.738507806879003192e-01 4.873880634539482504e-01 2.605818014254288606e-01 3.534588739500291177e-01 2.994214525760854895e-01 1.213625172628967848e+05 1.171743461732493015e+05 7.195518831823400978e+04 6.239967039819782804e+04 3.043866466588599495e-01
4.634532735321882924e-01 4.222704913407049343e-01 3.110825735419219806e-01 3.852287388191111828e-01 2.709331681439009487e-01 3.383963363674395430e-01 4.086480066629279428e-01 1.351550182494225737e+05 9.649448108517932997e+04 7.374601097974943696e+04 8.654761107419636392e+04 2.460973692056658280e-01
4.038087717440853042e-01 5.247844861979656939e-01 2.376556581868217999e-01 5.069508237574079645e-01 2.356581807363113124e-01 3.238583169543517437e-01 3.913580711131706136e-01 1.026884465171173797e+05 1.131531949878628366e+05 7.187085719977834378e+04 6.368163879597860068e+04 2.748539821303957464e-01
4.336442627368705671e-01 5.708765414771956870e-01 3.188061510239842411e-01 4.211001354805863350e-01 2.233710811809002661e-01 2.978262257912838717e-01 3.322135363490745230e-01 1.311009207165885600e+05 1.169883762535457063e+05 7.330197535256513220e+04 6.728744110541962436e+04 3.878273165757885055e-01
5.964352792010187976e-01 4.122448042035758431e-01 3.745744342907548208e-01 4.100154478347338705e-01 2.276644931632629820e-01 3.571988786461545162e-01 3.781443011181318536e-01 1.413562979716685950e+05 1.025304716595726204e+05 7.213814083452774503e+04 8.927346077850183065e+04 2.920409242178043652e-01
5.104755187165772590e-01 5.181590394044810477e-01 3.044090832583647988e-01 4.265781364432108536e-01 3.148898342663522532e-01 2.975645501304923224e-01 3.607353656375953954e-01 1.233120800269852771e+05 9.906953669104320579e+04 7.548172536224960641e+04 8.436577445435583650e+04 2.702781663796267053e-01
3.998194481771132347e-01 5.389843263343701008e-01 3.138442002842241618e-01 4.505654363897306780e-01 2.851886368703900887e-01 3.203245801193035369e-01 3.578665079985723363e-01 1.343857505679362512e+05 1.129841490985377168e+05 7.388678591751799104e+04 6.477196358391851390e+04 3.341182322333752230e-01
3.828720890525522669e-01 5.484159801528436518e-01 3.506899830616789782e-01 4.391726076600885875e-01 2.447069381282470646e-01 3.139435323279834433e-01 2.868255224999599617e-01 1.019503546830610721e+05 1.139540043309840257e+05 7.517950897922679724e+04 6.720896809463280078e+04 3.001782606082389893e-01
3.996953633636455283e-01 4.539194587470611886e-01 2.020939719439097948e-01 3.373531227798484688e-01 2.727109454979223524e-01 3.646345870194164229e-01 3.418842872623191198e-01 1.274126686503943929e+05 1.043387663817662396e+05 7.045365336587879574e+04 5.199899484365950048e+04 3.633786926142301699e-01
4.031162371741910389e-01 3.686386303273794796e-01 2.812393108314439338e-01 4.758130117334509190e-01 2.237975473412859573e-01 3.204934920183928337e-01 3.625351435863556904e-01 1.171940905711743544e+05 9.400436418420341215e+04 7.483106988348763844e+04 6.512639394864710630e+04 3.199084622515160348e-01
3.491099915219640359e-01 6.070959324447681160e-01 1.729194429346255779e-01 5.405365303717433179e-01 2.282281090838940985e-01 3.911212482006981017e-01 3.219647405288743602e-01 1.129166456167684519e+05 1.037649729554121150e+05 7.144090646649862174e+04 3.428671040055248886e+04 2.817662968177414018e-01
3.601952726383582104e-01 5.617941356492505145e-01 3.621993231485198805e-01 4.449537217247714893e-01 2.053237368388407813e-01 3.338850847949610401e-01 3.418789199707902293e-01 1.280957458097481722e+05 1.107702605667800235e+05 7.055112550478233607e+04 4.866397366368421353e+04 3.391687094293685534e-01
4.417575066795712546e-01 4.741018886801711130e-01 4.111274710227397766e-01 4.410159396202780746e-01 2.164240910163432452e-01 3.081926452127652927e-01 2.713713764976828924e-01 9.646648064343183069e+04 1.007009986304278864e+05 7.279058347979889368e+04 5.436792441637672164e+04 3.323509602062831303e-01
4.993601960542829454e-01 6.146205116381029399e-01 4.818908648885280033e-01 4.602554733215070693e-01 2.343420135459122755e-01 3.124960145604641082e-01 3.361633898936880471e-01 1.016654455581240181e+05 1.119073233144479018e+05 7.282675857120956061e+04 8.040271582710607618e+04 2.559847373331344822e-01
3.898464831175972867e-01 4.640623756171121661e-01 3.237763242009472076e-01 4.822657007394325901e-01 2.661738556270795697e-01 3.301882667017163597e-01 4.032697169717754937e-01 1.260532541401227209e+05 1.053614548483225662e+05 7.604008234184722824e+04 6.043077134150555503e+04 3.752848319166459112e-01
3.878430714958547298e-01 4.690866994609506069e-01 4.136317089805119918e-01 4.486088101699656772e-01 2.820086456470091707e-01 3.075200027346295939e-01 3.117414630631446526e-01 1.141294285158887360e+05 9.888926134483284841e+04 7.564824929850870103e+04 6.557587487941552536e+04 3.279604401616649234e-01
3.316068138949359034e-01 5.634628712789176985e-01 1.418820684756537109e-01 6.139271906917894706e-01 1.999118051063218660e-01 2.180250190451572256e-01 3.057663409028997803e-01 1.752515592270696943e+05 1.619729881912745186e+05 7.092199967408513476e+04 3.633328380292921065e+04 2.522932731153086361e-01
4.265299175471471416e-01 5.384504372941323336e-01 2.941899663227594552e-01 4.161511724460475459e-01 2.739677959119937722e-01 2.288419933524391547e-01 2.836287546708587959e-01 1.069355727923174563e+05 1.016212471290901740e+05 7.291329495157503698e+04 7.451530676521784335e+04 2.692860722146679930e-01
3.602384663559275446e-01 6.148093387589941283e-01 6.609643416490920131e-01 1.734410334175281454e-01 2.281775625872194957e-01 2.546797512490028281e-01 3.331719143466270183e-01 1.086154245330367994e+05 9.772168687639285054e+04 7.317988100651543937e+04 4.986149627285821043e+04 2.645794878319179255e-01
5.976187930746172938e-01 2.978763352904660322e-01 2.905211430487366076e-01 3.796885149057445674e-01 2.608565856513601622e-01 3.726218498421636771e-01 5.288144489049610986e-01 1.152199047509072843e+05 1.028100550026150304e+05 7.313593680442601908e+04 7.117591988704401592e+04 2.953240972473917259e-01
3.880270244636376820e-01 4.764205685393239631e-01 8.919881418137316775e-02 5.561162893279472108e-01 4.055468686544888568e-01 2.880437674789723679e-01 3.443138848317764955e-01 1.081594015521660767e+05 9.624784117539497674e+04 7.415294919435241900e+04 5.416479331837564678e+04 3.123499198890736794e-01
3.914512221090373778e-01 4.790194985794250515e-01 1.606242407099188196e-01 3.921805189554845583e-01 2.146262179575469664e-01 3.591892114902012767e-01 3.520493551112189312e-01 1.083567750712334528e+05 1.194606750824422343e+05 7.236561593336221995e+04 3.021280110649403650e+04 3.737852624885891761e-01
2.996022368280979453e-01 5.987412247680015120e-01 6.594316055528662845e-01 3.425492882289388752e-01 1.630042665998499007e-01 2.406247239163908092e-01 2.894282479010015785e-01 9.068746327096602181e+04 8.426878735370429058e+04 7.077210152226797072e+04 3.245698628088951227e+04 4.934387546193977347e-01
4.986214697006945973e-01 4.792807799017439474e-01 3.972087238067916748e-01 3.856579393668203570e-01 2.420527672618637272e-01 3.478551453899937362e-01 3.736641567206043235e-01 1.361658611932063359e+05 9.859838266739076062e+04 7.438039586166637309e+04 8.632535352259816136e+04 3.614519443340602489e-01
4.069974596884435303e-01 4.871463076399700221e-01 3.868508156276371235e-01 4.238466313443787215e-01 2.645440620989893410e-01 3.562278899839230184e-01 4.140926674820631370e-01 1.349875530770523765e+05 1.021598126251261128e+05 7.307761615844634071e+04 5.336902976681348082e+04 3.001147858281550396e-01
3.848788098747563668e-01 3.882180962732219576e-01 5.090952237185729645e-01 4.237969347045612012e-01 2.320157013180947914e-01 3.666732806721206828e-01 2.990333283172958434e-01 1.338220850183342118e+05 8.607876492035634874e+04 7.179290338506037369e+04 5.610410807161685079e+04 3.127643038370834239e-01
4.037672126309675424e-01 2.077168033249469081e-01 3.374373875308236959e-01 4.337966067572968099e-01 2.383796957307951492e-01 3.293218357785807626e-01 3.660968541239125185e-01 1.157365827067017526e+05 1.014317918345443031e+05 7.549259292621522036e+04 1.020008874695118138e+05 5.677309557203751300e-01
4.350503879570606358e-01 3.540511428395963223e-01 4.434287189024501696e-01 4.656118877370711839e-01 2.077041490461363771e-01 3.151176820013166235e-01 3.217996844895523179e-01 1.182221357266392879e+05 1.164114912016682647e+05 7.548286306482859072e+04 9.027045283190599002e+04 2.822790579743033046e-01
5.479241100164558009e-01 4.521503773445878505e-01 4.123812066619360062e-01 4.576231631657071697e-01 2.380349717289748090e-01 3.393740363832475349e-01 3.855714270458945880e-01 1.210650180856835505e+05 9.753574444146952010e+04 7.444026406082934409e+04 6.323149425573234475e+04 3.555148315017600535e-01
6.589725176735126144e-01 3.689956014811091034e-01 3.374140882395503249e-01 4.434618910675516279e-01 3.090867484392504916e-01 4.081701100445751518e-01 5.233815762344919964e-01 1.305043350857540645e+05 1.125633789076732646e+05 7.605996633508962987e+04 8.102428478540782817e+04 3.257373962842045056e-01
3.491345407371196918e-01 6.107631524518707389e-01 1.519242030384858055e-01 6.448462329800471737e-01 2.323918849023304256e-01 2.856317634594462973e-01 3.095100258977302454e-01 1.279988584663834918e+05 1.166364187636716524e+05 7.199168532973768015e+04 4.467936692646247684e+04 2.512943215734971258e-01
3.551188514346618197e-01 4.533178072147797666e-01 2.823448957360927825e-01 5.108501818392477967e-01 2.150909225189652219e-01 3.051281432147587847e-01 3.679162216529696661e-01 1.209645376578372961e+05 1.070466354302361287e+05 7.416034948268011794e+04 7.888062569082426489e+04 2.975050694051449285e-01
4.273754477002648100e-01 5.411383307477958260e-01 4.026376243725771631e-01 3.792478920598163494e-01 2.397903416859048509e-01 3.092373963714267759e-01 2.887891895040223256e-01 1.178208965698360262e+05 1.130567000477626134e+05 7.412570613015437266e+04 7.126477620404517802e+04 2.891565655270446622e-01
3.835052757709321858e-01 5.201630452753223111e-01 2.595348001571590180e-01 3.481756126725483180e-01 2.489851527492970285e-01 2.563713218950244288e-01 4.120505402302376274e-01 1.308606824699207937e+05 1.105237844740043220e+05 7.584342452237001271e+04 6.773089198149085860e+04 2.243464023421069820e-01
4.689591673982301256e-01 2.311955098971422151e-01 1.475404034580277968e-01 3.212183385725936868e-01 2.196215536375110133e-01 2.901383318187193416e-01 2.829656836587061686e-01 1.102677570200361079e+05 1.007588308355008194e+05 7.190791559797596710e+04 4.026096654245741956e+04 2.461371214546274888e-01
4.897641022388763421e-01 5.263630111926110855e-01 4.110270976442318425e-01 4.391501487464792297e-01 2.388416597049193568e-01 3.453952358362403219e-01 3.394044139617126143e-01 1.304856631792047847e+05 9.652448933858210512e+04 7.449972468415035110e+04 6.516516041833064810e+04 3.453646385784250317e-01
4.322600864299336876e-01 4.926434399933956598e-01 4.969130749576275985e-01 5.032737011338221933e-01 2.325154685586955372e-01 3.231583843086444641e-01 3.485788751368829597e-01 1.181756963477278914e+05 1.032783282136770868e+05 7.600820977936926647e+04 5.820191310661444732e+04 3.460569123919515211e-01
6.533178150727546596e-01 1.741489352898260012e-01 3.182230209847889402e-01 5.360459790926762613e-01 1.984008679770176420e-01 3.779757821583734634e-01 4.663013882491198747e-01 1.139626863250927127e+05 1.014511325093812338e+05 7.404141787065393873e+04 9.118018299613779527e+04 5.885432984061860218e-01
4.263787406368435007e-01 4.721925245023459450e-01 3.176806503863467968e-01 4.219611708668163930e-01 2.394495780912984373e-01 2.808811573659649174e-01 4.064337733449273071e-01 1.241798763704441808e+05 9.882912712854454003e+04 7.552666014724186971e+04 8.148206562806696456e+04 3.804930824805917156e-01
3.617233591695736550e-01 5.391359243235784859e-01 3.538445307073349033e-01 3.561322795107549899e-01 2.605084284962923546e-01 2.383775051981522342e-01 2.778567037652139304e-01 9.982863397457724204e+04 1.263951395342907053e+05 7.073180896591590135e+04 9.170755986294584000e+04 3.895051672710031498e-01
4.571104754572120066e-01 5.379959518790535800e-01 3.488693866355299100e-01 3.702632368878656099e-01 2.180328556596721479e-01 3.283874996163095306e-01 3.460699356771801960e-01 1.282318182342479995e+05 1.194458856887067086e+05 7.533313284767794539e+04 6.394473418035214127e+04 4.465283104272809722e-01
5.303870460767488026e-01 4.491828055071397374e-01 4.491747481891127380e-01 4.782333198405528396e-01 1.694860607254354834e-01 2.861572949589368808e-01 2.422277621820472793e-01 1.077881195082985068e+05 1.099769371208024531e+05 7.218178855600125098e+04 7.730106545028371329e+04 4.154088599904597334e-01
4.182910561774549896e-01 5.289200163689574685e-01 3.350175754263731154e-01 4.506728586932286507e-01 2.734355348241511718e-01 3.377285723503623549e-01 4.193357517622252062e-01 1.275820199246269767e+05 1.064835047712590604e+05 7.206035626444728405e+04 6.596005737937701633e+04 2.928253168220608660e-01
3.825572826943157700e-01 5.716337783566338704e-01 2.082302866334867497e-01 4.033739801466323383e-01 2.691156629753070351e-01 2.557022888663005866e-01 4.039656659536139949e-01 1.235286068719903706e+05 1.112589713552590838e+05 7.305979622451454634e+04 4.819201399906780716e+04 3.399749142717442552e-01
2.030179763985915931e-01 5.923852323799502217e-01 3.077884092687618312e-01 4.468945616352484329e-01 2.118453471504450625e-01 3.727813402007351673e-01 3.856871457348143850e-01 1.408917744478331006e+05 1.227458858734270325e+05 7.270911025406893168e+04 6.688657817661044828e+04 2.803948961123863270e-01
3.449184866249467296e-01 5.888797589115754016e-01 5.874567544198854296e-01 3.511592735371001361e-01 2.217831294067111880e-01 3.228323451529619414e-01 2.995217426877186395e-01 1.252122511396521732e+05 1.132570763228125870e+05 7.251453346708985919e+04 4.314342490428271412e+04 2.497236382237555674e-01
4.240930716561062686e-01 4.706465881658977168e-01 4.084003864039539855e-01 4.509006718902043853e-01 2.416073977795433203e-01 2.878344964630424885e-01 3.839316946461217572e-01 1.285213500635071541e+05 9.669283154341179761e+04 7.633659659960590943e+04 7.424638905867392896e+04 3.592943471993468862e-01
5.160609421100764704e-01 4.922679050595444306e-01 3.090184525064392229e-01 4.573796474528376010e-01 2.652759733497824790e-01 3.000262162315903147e-01 3.837691974661101013e-01 1.198732828121313069e+05 1.092207959961064334e+05 7.408116390369694273e+04 5.508749292856967804e+04 3.661796435635332747e-01
4.857901750457500056e-01 4.988099088272332504e-01 4.959923718009633387e-01 4.277841978502928688e-01 2.348951685575119686e-01 3.136944305153886448e-01 3.829405034345490511e-01 1.381882363448900869e+05 1.318192326660304388e+05 7.169135491590423044e+04 6.070099263795288425e+04 3.244034008709604233e-01
3.461319337563885656e-01 4.469843777642888982e-01 2.692391964332538912e-01 4.094237815086703702e-01 2.845407808731711397e-01 8.155117210585975940e-01 2.952195791604459996e-01 1.288940127433781890e+05 1.230506982603195938e+05 6.990490385096025420e+04 6.644881542019377230e+04 3.265011222297030669e-01
3.773870785529467309e-01 4.380076853608613763e-01 1.842761918821219369e-01 4.244496663243800261e-01 1.956267221248782218e-01 2.319341177748814320e-01 3.249769892493686863e-01 1.070991514293531654e+05 1.127770288907823269e+05 7.506053939531976357e+04 6.739407655921853438e+04 3.172914716125993517e-01
7.675715643047831271e-01 6.064344573323705578e-01 3.512829200222934989e-01 6.055900510930890546e-01 4.147736722659477460e-01 2.940313616507145844e-01 3.628266137960151627e-01 1.278361462509910780e+05 1.163516363135630381e+05 7.207442385058605578e+04 4.610799827385791286e+04 2.594939445404709222e-01
3.393282914878657519e-01 6.140832785545425887e-01 6.459761364314303700e-01 3.586766594821900744e-01 2.051779865379271817e-01 2.475775093258174020e-01 3.031447603073694208e-01 1.232704014582050731e+05 1.119810662268421729e+05 7.219098550473143405e+04 4.237807467366501805e+04 2.489185643017907124e-01
3.741189804052848511e-01 4.635852125699021498e-01 3.138751621112525481e-01 4.581903668777244087e-01 2.192662934790370610e-01 3.425000246327074560e-01 3.082264933259278306e-01 1.412959119070504385e+05 9.362814898051702767e+04 7.145123760376049904e+04 7.387699566721050360e+04 3.691849467218715208e-01
3.497599442416805537e-01 4.089098195023140869e-01 4.366634999504886983e-01 4.234245424005772529e-01 2.211789382227041523e-01 3.889076256246904451e-01 3.715241051602138356e-01 1.478759720794871100e+05 9.860740913785829616e+04 7.217711199204453442e+04 7.705954492971641594e+04 3.437000494607350132e-01
4.157676849544335584e-01 4.447790314623641383e-01 4.718336630596022818e-01 5.009017314452877123e-01 2.528450879465623524e-01 3.151711109155910240e-01 2.733854449586398117e-01 1.359778795236968144e+05 1.416429816855258250e+05 7.081395360845785763e+04 6.228773642121750163e+04 3.393860328037494600e-01
3.876645792317926498e-01 3.760063031393325317e-01 3.473459093281670573e-01 3.829045051518424891e-01 2.292004930371501215e-01 3.067524389705513221e-01 3.994029140125618937e-01 1.158051148506310274e+05 1.145372488502754859e+05 7.173505555186943093e+04 5.166439411928171467e+04 4.388300433329699324e-01
3.320685853296941881e-01 6.001134281051984098e-01 6.831318403719809362e-01 3.691092455621801105e-01 2.099266904228558883e-01 3.599477172400999403e-01 3.166837116903092886e-01 1.079548661412445217e+05 9.956628439630832872e+04 7.130782106083516555e+04 3.841575398984918138e+04 2.853207020110971048e-01
4.325476305899605967e-01 5.601037379983972997e-01 2.755541548349533798e-01 4.535519894356482284e-01 2.461882379308311664e-01 2.839598865722260390e-01 3.459035699970706701e-01 1.326819596975320310e+05 1.128678576404713531e+05 7.263008040598352090e+04 5.835655131830884056e+04 3.746063130365746008e-01
4.302452551378325163e-01 4.809383018829220813e-01 4.285837541915549775e-01 4.562023180824459900e-01 2.296333695567361888e-01 3.895154691405977032e-01 3.923577049525986959e-01 1.298183819085599971e+05 1.034772756581023714e+05 7.244624796779445023e+04 5.724236117469807505e+04 2.750269160430557913e-01
4.449173217043961293e-01 4.721449740012417795e-01 3.095157490915600440e-01 4.045678691551544137e-01 2.244240821581915679e-01 3.458397873933362621e-01 4.126914401103413677e-01 1.425206848746758769e+05 1.187800676910911279e+05 7.308158127353747841e+04 7.059009383796743350e+04 3.564988377130787200e-01
4.303831044813821172e-01 5.046231669222711602e-01 3.983602428064227929e-01 3.936821667776870814e-01 2.309687899821692703e-01 3.699202398899102406e-01 3.358700342266068839e-01 6.186129775855926709e+04 1.217135025190772139e+05 7.535892237988172565e+04 7.768114064695891284e+04 2.354415436576939025e-01
3.806259470231120323e-01 4.956076815284904957e-01 2.841602587341230390e-01 4.337943357196802907e-01 2.558694106980467509e-01 3.043757953703940533e-01 3.784540660234944065e-01 1.391343887055185041e+05 1.233077294509984931e+05 7.202629677711734257e+04 7.036583262045087758e+04 3.423603637143726730e-01
3.484027937036652256e-01 2.670026599070470796e-01 1.486486509474143625e-01 3.837927131874556141e-01 2.428647335426238618e-01 3.040529852188277316e-01 3.116289426983522293e-01 1.249062912081933027e+05 1.137458496562752116e+05 7.205412224755663192e+04 4.928799350089664222e+04 2.611982170888775823e-01
4.253934621495673585e-01 5.102882345816891485e-01 3.243353655368370059e-01 4.846902596376931882e-01 2.674922133954747983e-01 2.785453239387074564e-01 3.167038631026928841e-01 1.080613093891729950e+05 1.111520648371309799e+05 7.080958447269801400e+04 8.152696092260854493e+04 2.544967730910641102e-01
4.522058102147582526e-01 6.592568066917279257e-01 7.019591201235596545e-01 4.112744668611250654e-01 4.058922974405220208e-01 5.847368549658314985e-01 3.450678166730232754e-01 1.235793869624107319e+05 1.048492500053599797e+05 7.237493370306442375e+04 4.692119062389818282e+04 3.161754500980822336e-01
3.183296195814009355e-01 4.686461949825131423e-01 4.128709157898912685e-01 6.032647094437354474e-01 2.309455610629501388e-01 2.634586539132305338e-01 3.403148849557617872e-01 1.266460264741085412e+05 1.171964624367862125e+05 7.205107845476100920e+04 1.015271495134563302e+05 3.852041759668171639e-01
4.097968732231038191e-01 5.614984965380039883e-01 3.409337664902076237e-01 3.823152189404420698e-01 2.601227127439376674e-01 3.514795387133315963e-01 3.065160494317757944e-01 1.188254111735706974e+05 1.097838263221488451e+05 7.368273233671323396e+04 7.419595347916701576e+04 3.573671483274207250e-01
4.416329351737567910e-01 2.493242704625608652e-01 3.544856239735352244e-01 3.217761090498505450e-01 3.739025595519789302e-01 3.079042202725691402e-01 3.865646713252705036e-01 1.698500440716826997e+05 9.572401096631414839e+04 7.332521538035167032e+04 6.355801083885355183e+04 3.174232367485159689e-01
4.724758803591426193e-01 4.206250328091056812e-01 3.674482116137548493e-01 4.430295899512997626e-01 2.618921850302797227e-01 3.666116797244106107e-01 3.601855679735632698e-01 1.128875645298956078e+05 1.057984172600312741e+05 7.270967473771644291e+04 9.316466135444778774e+04 3.174015397652767412e-01
3.259852160647745967e-01 4.540315744975050305e-01 2.872752542873839854e-01 4.428068683163367547e-01 2.581315568440051833e-01 3.049954279125958179e-01 3.964773121019606328e-01 1.278230847883081879e+05 1.056268120313648251e+05 7.265813014875477529e+04 4.076320176659562276e+04 3.810532871770856422e-01
4.678089570521779539e-01 5.092855066757426830e-01 4.027478436515013471e-01 3.402844817138562794e-01 2.065835102727664463e-01 2.716147577649692946e-01 4.367064908695329484e-01 1.521840964866142021e+05 1.124247731960774254e+05 7.182251987905120768e+04 6.427772477772978164e+04 2.765625191868739674e-01
4.661016220643529606e-01 4.354355957149470546e-01 2.508816831700943495e-01 4.449762791315191035e-01 2.751952887262834047e-01 2.068779404842162606e-01 4.260100025888348685e-01 1.094271234995357372e+05 1.168759286442886514e+05 7.078541223302330764e+04 6.872238638161478775e+03 3.076494268741286064e-01
5.180942739986310608e-01 4.177573013553205206e-01 1.697780228124843027e-01 4.111866481728048139e-01 2.890674174155482556e-01 2.614667324103752133e-01 3.886768367881392461e-01 9.648385220912862860e+04 1.341746790439847391e+05 7.399538160559796961e+04 7.715426596631354187e+04 3.690769994448101499e-01
4.294499250211991082e-01 5.475478817333779835e-01 9.081045465405787609e-02 5.439324134953743561e-01 3.410215654963921761e-01 3.280140255344229927e-01 3.270564236180946160e-01 1.237466428383856692e+05 9.624618175419454928e+04 7.336560552144941175e+04 3.930874313467481988e+04 3.396393085232518594e-01
6.308464159812627869e-01 6.052586139664003495e-01 1.471054119193235532e-01 6.213398223972040890e-01 7.283731665474002526e-01 3.415362009889383876e-01 5.651903778751493634e-01 1.302235837767329649e+05 1.182979373560415697e+05 7.228634488015926036e+04 4.823227094174845115e+04 2.604748721829239777e-01
3.040943471600306425e-01 3.427456837872951967e-01 2.822324877419954414e-01 5.743573631701999194e-01 1.933953652370668796e-01 3.969110997560530985e-01 3.295218636569519077e-01 1.290968074937019992e+05 9.161510798512194015e+04 7.268775894239939225e+04 9.004953428614513541e+04 3.196634372328201468e-01
5.308830830117605704e-01 4.324394876088011319e-01 4.033521262510131877e-01 3.808551619608355754e-01 2.746244403834295911e-01 2.856798261125000904e-01 4.108114715057785693e-01 1.196825909945646999e+05 1.206966905256248283e+05 6.978839749441998720e+04 7.353560500681000121e+04 3.674249489508722433e-01
3.858784922459557176e-01 5.367218937394655498e-01 3.195861150333063616e-01 4.286132265785709272e-01 2.722124990517579834e-01 2.973564425160306057e-01 3.469773570681718988e-01 1.178432570195096196e+05 9.675975059756023984e+04 7.086118273000960471e+04 6.984795308068007580e+04 3.250055693214030095e-01
3.975934595689089579e-01 5.060875857147217882e-01 3.729258323783773421e-01 4.526178738784611411e-01 2.239854628573352824e-01 3.413980928508346668e-01 2.823600888645759199e-01 1.062073686403543106e+05 1.239274286376060190e+05 7.449979462341092585e+04 7.272884635411386262e+04 2.985268008231126702e-01
4.805422422167098251e-01 5.707533857998473570e-01 2.794798628641808613e-01 4.678812264853907110e-01 2.341639547924162512e-01 3.377987895177085309e-01 3.901975370776543661e-01 1.560509278680650168e+05 1.164920091394941119e+05 7.085769283223264210e+04 7.163330957940300868e+04 3.572510290382562292e-01
3.123914306647541106e-01 4.521303857518250147e-01 3.791574313604266222e-01 4.461864248081461315e-01 2.156311948964713954e-01 3.642565073053113944e-01 2.983665498838801722e-01 1.259105732257214404e+05 1.055727615020464727e+05 7.223546442201863101e+04 3.901228548372777004e+04 3.156273866748685597e-01
3.703873245395538083e-01 5.069328853723016337e-01 3.722625795038351226e-01 5.220722936426634986e-01 2.661846411826567227e-01 3.159725338467736511e-01 2.750916851774208305e-01 1.382785628058472357e+05 9.221263148601511784e+04 7.140454668796417536e+04 4.258317016613698797e+04 3.384770365803200787e-01
3.561304371541694214e-01 5.582610015088159683e-01 3.724423028155802728e-01 4.128570693341215847e-01 3.010975683283829696e-01 2.471135943246975664e-01 4.272573057291564891e-01 1.226775735983882478e+05 1.034363030030759401e+05 7.387677134392561857e+04 9.684608629014913458e+04 2.627285179143569738e-01
3.712868535506473333e-01 4.764508551131894643e-01 4.099432004943472929e-01 4.888791440062544846e-01 2.780631892641184932e-01 3.391409322283351346e-01 4.100839951344079082e-01 1.001150698846749583e+05 1.243591723152879858e+05 7.369430529361468507e+04 7.127915409917000216e+04 2.902910916695425891e-01
4.010598626950376833e-01 4.751776937162868752e-01 5.127963896507771180e-01 3.601442183886323645e-01 2.471805260464795539e-01 3.020294073709369753e-01 3.541455212738197633e-01 1.299681564998738904e+05 1.170471385791083594e+05 7.591314381139975740e+04 4.567785534949577413e+04 3.612690208039396889e-01
2.980782731474746483e-01 4.431294765451423423e-01 7.557738450746608050e-02 4.923217238002794982e-01 2.637376435619384618e-01 3.512248242863547087e-01 3.037621335372198694e-01 1.084142717822275008e+05 1.274189665485776641e+05 6.972338187332716188e+04 8.459579069132883160e+04 1.915415147191981138e-01
4.509645378439915420e-01 4.185361509872194685e-01 3.872087018015680782e-01 4.760897933251249659e-01 2.508811271568624490e-01 3.333347345728711053e-01 4.010201165094178788e-01 1.133624372684617701e+05 8.807389991365576861e+04 7.673024429627899372e+04 5.234679496495130297e+04 2.582806662807942133e-01
4.375362811684391784e-01 4.657110566345267766e-01 3.034183171101644816e-01 4.732957735001960264e-01 2.179476159806240654e-01 3.602549917647147049e-01 4.612593601127671361e-01 1.290186973883974424e+05 1.021185622945670621e+05 7.667993747555984010e+04 5.408444109479731560e+04 3.770876969244662535e-01
3.265972694700205459e-01 3.753470866373541659e-01 2.517226279755975238e-01 4.141800728151777133e-01 2.260320777583592344e-01 3.462973085353391323e-01 3.336505649532004458e-01 9.801228521329190698e+04 1.037863162409072684e+05 6.988117760465350875e+04 7.013223500138160307e+04 3.003647839866846470e-01
4.100365976280670455e-01 3.964052894348593092e-01 2.032130065930989327e-01 4.441795502106415938e-01 2.426704814789551190e-01 3.093000477430857265e-01 3.516329951514722274e-01 1.222676301801395166e+05 1.099635890963965649e+05 7.278654202057130169e+04 8.555262011629687913e+04 3.009579926237385128e-01
4.465041876330620441e-01 4.972090413471068060e-01 2.487710508963038580e-01 3.733164490999978935e-01 2.238503394337608421e-01 3.179006476028696793e-01 3.938578668191779486e-01 1.078263212029803544e+05 8.959765512536086317e+04 7.422576980344484036e+04 5.125694800139984000e+04 3.671130368418698553e-01
4.904074216533123587e-01 5.129919211249809319e-01 2.572095648204053009e-01 4.885253536557008225e-01 2.283459732316198421e-01 3.276672544248876440e-01 3.761254974684948849e-01 1.143240543666369049e+05 1.119870635991502058e+05 7.555036735715712712e+04 6.457775459745676926e+04 3.258615047798076869e-01
4.475888732081012567e-01 4.912786781793808122e-01 3.854907365330021984e-01 4.670445288908683934e-01 1.950183429728567508e-01 2.667663035651358650e-01 3.039379056847148486e-01 1.202355604703630815e+05 1.168947868651748868e+05 7.094014182913411059e+04 4.280388596431634505e+04 3.509507073880790973e-01
3.897960763947381779e-01 1.899492125874512882e-01 1.496168970985707058e-01 3.816281886407956181e-01 1.905550688689224281e-01 2.620554508874063382e-01 3.127942052093549141e-01 9.685922214845262351e+04 8.968408161849708995e+04 7.085159507635088812e+04 5.857342084496624011e+04 5.184459119194249066e-01
3.498985512166953304e-01 4.782651525853123808e-01 3.954587587195810272e-01 4.112111258734465480e-01 1.872242016408035004e-01 3.709887045238606795e-01 3.805595929838835323e-01 1.376783083215967927e+05 1.163941305587452080e+05 7.387081994531687815e+04 7.543235849600168876e+04 3.514712283276161253e-01
2.731365792643890567e-01 4.205423566565420490e-01 3.409880474450661114e-01 4.327205324055747315e-01 2.724874807982058944e-01 3.725557543276350470e-01 2.834936938128924111e-01 1.238513402751691756e+05 9.159357208610161615e+04 7.185048206925537670e+04 6.756300818296500074e+04 2.698103539270463314e-01
3.636087796427057706e-01 4.703293853991447060e-01 2.882454995914484064e-01 4.419481001765212524e-01 2.800888339496884205e-01 3.326617878800754435e-01 2.892191962399842109e-01 1.260797192448336136e+05 8.578269241921408684e+04 7.488345997590114712e+04 8.650908395968843251e+04 2.671743603188508898e-01
3.825582142819861642e-01 5.692408484323990825e-01 3.245871159255031557e-01 3.983862815844274041e-01 2.823794790269203436e-01 3.472194928327871910e-01 3.179208559128235412e-01 1.125533649656343332e+05 9.070654768287090701e+04 7.102607647963441559e+04 8.735611400463826430e+04 2.930698094460905123e-01
3.415884087064546826e-01 4.725282603447204521e-01 3.401281369199734561e-01 4.494315322400106449e-01 2.035992800710362538e-01 3.989036791499663281e-01 2.558908552060347730e-01 1.483095590414045437e+05 9.070182438590568199e+04 7.102145806169777643e+04 9.495168689927890955e+04 3.372901435795980785e-01
3.243183757279952117e-01 4.916535984959817807e-01 5.808151549958169291e-01 4.377714036741680026e-01 2.892044821905829233e-01 3.385467557915096126e-01 4.172341034543306515e-01 1.493273298348649114e+05 9.423665504742295889e+04 7.471546840125562449e+04 6.743845157813194965e+04 5.504799084363364292e-01
4.208647528473453137e-01 4.841533737627178868e-01 3.397586066108090885e-01 4.669515992128988047e-01 2.012676999041393966e-01 2.900972137921440930e-01 3.640556469611833101e-01 1.238244161937661702e+05 8.335977828373599914e+04 7.327347018146826304e+04 4.839886625076646305e+04 2.387900517563499858e-01
4.696628724303586466e-01 5.942778425164928491e-01 3.326267691611238808e-01 5.133102386586263499e-01 3.020462549710892786e-01 3.260439585018694020e-01 3.294593357478973195e-01 9.739651673263272096e+04 8.732112797666028200e+04 7.269448783659152105e+04 5.282449486973225430e+04 3.449392113524713532e-01
4.345540615555178454e-01 5.508036463819294681e-01 3.189769717716799957e-01 4.449446011556690839e-01 2.592675367775003625e-01 3.254285698076164746e-01 3.266163766780232902e-01 1.047672523411639850e+05 1.182070586049875128e+05 7.254826945445607998e+04 6.619081412238738267e+04 3.610868266286065831e-01
4.803060055346440316e-01 5.006280014609254536e-01 3.405934006330956776e-01 3.926144642976563959e-01 2.372102227532427721e-01 3.330622901093280852e-01 3.867366494944929900e-01 1.265835396456898015e+05 1.230273021145584644e+05 7.472756560986522527e+04 7.777968921969641815e+04 3.774993996366137750e-01
4.664886052046617326e-01 3.958923611599707293e-01 4.085377196403313094e-01 4.997462213727585922e-01 2.065110447721663356e-01 3.123737078202886708e-01 3.361456302780401195e-01 1.096133485870832228e+05 1.295654402958645078e+05 7.442149383129979833e+04 4.612349095432936883e+04 3.850064904232305962e-01
4.536162049600713231e-01 4.734816262670289988e-01 3.549556511811674531e-01 4.968308817742863037e-01 2.488353662218902029e-01 3.121344528896691783e-01 3.028284343140442147e-01 1.324072451407500484e+05 1.224943722059607826e+05 7.150817639460130886e+04 5.299328875995265116e+04 2.985030409982261101e-01
3.403327243273022162e-01 4.161843669465525863e-01 3.735193274591195323e-01 3.283941646700629380e-01 2.719013163202113614e-01 3.828751195867931556e-01 4.236880003599934330e-01 1.188428039778746897e+05 9.257127723840512044e+04 6.900260567085609364e+04 9.206303844893033965e+04 2.633853384811286613e-01
3.452536279512928852e-01 5.907664748286101108e-01 1.781982498363637313e-01 4.207972702869462456e-01 2.067040507158366125e-01 2.819340502177933305e-01 3.052035316721269931e-01 1.430402982075056352e+05 1.309352117320862744e+05 7.169439197881658038e+04 4.218508158456313686e+04 2.522662491809502527e-01
5.588752921952465647e-01 3.184555693668325027e-01 2.763026223981929208e-01 4.283534998633953816e-01 2.762162738957368302e-01 3.654025603237768260e-01 3.801957606046943439e-01 1.275678293771882163e+05 1.113567284611712967e+05 7.520454338194479351e+04 8.267601028554685763e+04 3.156052253267901953e-01
3.449590986143550864e-01 5.388023177213948633e-01 1.676728682914484791e-01 4.707548327189487458e-01 1.914064623339491733e-01 2.545151062145346588e-01 3.072617214558476806e-01 8.760661186323215952e+04 8.035826345685216074e+04 7.161200805428079912e+04 7.159133197616683901e+04 5.315332687588305571e-01
3.828007978443570547e-01 2.844892180367831203e-01 4.235405619892855800e-01 4.040592019620873887e-01 3.054057733724711565e-01 2.576498964819378124e-01 4.642909905185965691e-01 1.214402359750398755e+05 9.749764223380318435e+04 7.310626777229762229e+04 3.475297968084420427e+04 3.498702444615550133e-01
4.938982195610431281e-01 4.880138805687267989e-01 3.856942000303528184e-01 3.957522828648073476e-01 2.073060523269610600e-01 2.867751052560039149e-01 3.802571107712126031e-01 1.191101216041600128e+05 1.132696697411106725e+05 7.135747092143956979e+04 9.409534651089711406e+04 4.318406029854509054e-01
3.685078779243711744e-01 5.168846217149494215e-01 2.714318121684478613e-01 4.580516419510247683e-01 2.675385533533893301e-01 4.085364100151677169e-01 3.721307812566958528e-01 1.023103795574265678e+05 1.092704822682106897e+05 7.216384807979399920e+04 6.917346664111764403e+04 3.121180550557436373e-01
5.590301065608567210e-01 5.083692921814426668e-01 4.017278603109527002e-01 6.983155781158587594e-01 2.768381543143014212e-01 2.238425050328134436e-01 4.064789354615577222e-01 1.417603253744194226e+05 1.297382095397185767e+05 7.314340146592682868e+04 3.684260838492627227e+04 2.830560866735956638e-01
3.479446970313987975e-01 3.131339644806995781e-01 1.674605376248521349e-01 3.887118181581535326e-01 2.675971916076576029e-01 3.632967309441962334e-01 3.293281887921309381e-01 1.205978293212385033e+05 1.104090231709782529e+05 7.173101947173582448e+04 3.467044046853536565e+04 2.984257015987898387e-01
3.650790982602745149e-01 4.155710856138446485e-01 2.600496426687566864e-01 5.986426938055309233e-01 2.751748206188878720e-01 2.567427066438591754e-01 4.121565259964641292e-01 1.178444818461700197e+05 1.082722040530783706e+05 7.273187964557604573e+04 4.398074027615891828e+04 2.758415149058781601e-01
4.588247105350668487e-01 5.325628349322082400e-01 3.059699634139214641e-01 3.588973139562809944e-01 2.283586372122196895e-01 3.614900920344293889e-01 3.306736095521713437e-01 1.276970217579733726e+05 1.081552538499269285e+05 7.565404070131026674e+04 6.732080440086324234e+04 4.061397980233071858e-01
3.385424385424288807e-01 2.438177312679237763e-01 1.386338473585249642e-01 3.980249263263133663e-01 2.303129935726181132e-01 4.042285039257952906e-01 3.197430845194469407e-01 1.150901544456640404e+05 1.053110775517742150e+05 7.177866630828664347e+04 3.404096943065590312e+04 2.885315249649957892e-01
4.082404289408930742e-01 4.200481310347120578e-01 3.846185840607954098e-01 4.639250844106604932e-01 2.639035854681091586e-01 3.250931214374218614e-01 3.603521127973578486e-01 1.407408591961216298e+05 1.033332594567122869e+05 7.394274068709636049e+04 6.104349192239443801e+04 3.928557129529278158e-01
4.119014794158451509e-01 5.317257438141674841e-01 1.619498171632421102e-01 4.591549546139316873e-01 1.764486084896356166e-01 2.558903276821139494e-01 3.024375688851138611e-01 9.344287861418019747e+04 8.688753336903966556e+04 7.051967899908796244e+04 4.787800069058932422e+04 5.020034574018272799e-01
4.230826208275557110e-01 5.591275315252246525e-01 3.103481973684451001e-01 4.172513123316292094e-01 2.400248659685703945e-01 3.492171458833536191e-01 3.927795413675536640e-01 1.233246177987955161e+05 9.347613421748312248e+04 7.476194226647180039e+04 4.790246515042896499e+04 3.181595304835471705e-01
4.788603597542420154e-01 4.328774130455960156e-01 3.591450453750175686e-01 4.882896302204871586e-01 2.415857950382192532e-01 3.255670382155265163e-01 3.239161816727173515e-01 1.042782898118410376e+05 1.123438628846069478e+05 7.526493478152374155e+04 6.784221497670598910e+04 3.443662981911224663e-01
4.733778227407386407e-01 5.296672187338243853e-01 4.659226134165831978e-01 3.954919605623545276e-01 2.519264653088227890e-01 3.212213347045360656e-01 3.383165411947957057e-01 1.430199543194070866e+05 1.067452079392013693e+05 7.559245810740361048e+04 4.303919904059133842e+04 4.050788804102714580e-01
4.028283972522955780e-01 3.547608925629924803e-01 3.762113975556479195e-01 4.722102350459752573e-01 2.044544076889399931e-01 3.429858684816921577e-01 3.102877042738834690e-01 8.939843933604034828e+04 1.109976012200971454e+05 7.553326717003918020e+04 6.829442149541199615e+04 2.727000863144480869e-01
4.545228740949731061e-01 4.820616549714998311e-01 2.797499751846877492e-01 4.953889964467249052e-01 1.664081639847111438e-01 3.038134893496653999e-01 3.637337827014228142e-01 9.785035013777008862e+04 1.150713857355515793e+05 7.588386018558521755e+04 3.665729930518201581e+04 3.581406424649148379e-01
3.668187358620768057e-01 3.366872478906055566e-01 3.772088466268462281e-01 4.941167092765297308e-01 2.628197402339622624e-01 3.172163093008096846e-01 3.258905414070848994e-01 1.321131538262975519e+05 1.130752806547081127e+05 6.997667618546939048e+04 1.000458908541928249e+05 3.042622422545378513e-01
5.000096543598939736e-01 4.915689308730191720e-01 3.369199159034075297e-01 5.522324178794328908e-01 2.653527971280948972e-01 3.767684506343155770e-01 2.967896447037203234e-01 1.349512656312122126e+05 1.120988001000502554e+05 7.572152409137970244e+04 7.260969804317370290e+04 3.476739191027297116e-01
3.669418058454333997e-01 4.440040143525909588e-01 3.525932458195552011e-01 4.301402306303598322e-01 2.773760338152348459e-01 2.693157483647491413e-01 3.897069909613419258e-01 1.174931864248471829e+05 1.172350729313348565e+05 7.471578117742670293e+04 7.089298138092698355e+04 2.686388770544370641e-01
4.335915352745813300e-01 3.910128356461426424e-01 3.089503963118074847e-01 4.643333583631962802e-01 2.233130929706039214e-01 2.772760035670399081e-01 3.507965741977991381e-01 1.208103044503487326e+05 1.307419601680574124e+05 7.491788885929287062e+04 5.470329566675721435e+04 3.434764896799997191e-01
3.625362319922213472e-01 4.893697211443768791e-01 3.632650767620236865e-01 4.398930105127795698e-01 2.006128118490710099e-01 3.175640695877759434e-01 3.982214625852937839e-01 1.171196286075697863e+05 1.116641859299241041e+05 7.436602663098741323e+04 3.621203217140513880e+04 3.463316584946433130e-01
3.269844132913272139e-01 3.694226018676954326e-01 2.418139664620203300e-01 4.227506671500664281e-01 2.701349591848100085e-01 2.699318214220494117e-01 3.612694104728608191e-01 1.098451460651278903e+05 1.094029939601280930e+05 7.291461768100356858e+04 6.418970736491375283e+04 3.188341307875922070e-01
4.181372237701850292e-01 5.162583922518140245e-01 2.345271095659135774e-01 3.890271221767092613e-01 2.242995391428738439e-01 3.554303322832491618e-01 3.244584041837522137e-01 1.141114263717473514e+05 1.085893591908813978e+05 7.340999182599458436e+04 8.208430051663296763e+04 3.373414615555170304e-01
4.078431886201210887e-01 6.103321180255819600e-01 2.572022905685181771e-01 4.079729481948639047e-01 1.959325441143121849e-01 2.736704286524916929e-01 3.947462535247285853e-01 1.315920139051211590e+05 1.133394417359429208e+05 7.028550125758690410e+04 5.971482277819816227e+04 3.452199925653658963e-01
3.882111939183425231e-01 5.593520867276615682e-01 3.323294072391013154e-01 4.693909536337428356e-01 2.401949523190022306e-01 3.444985827815181256e-01 3.644078133182639401e-01 1.198983924417239614e+05 9.167251300620699476e+04 7.472587303525320021e+04 8.240382470090423885e+04 2.820792888658115727e-01
5.276198013644115559e-01 4.326875508683772908e-01 2.958356596997126498e-01 4.347953654299652193e-01 2.451170320225860566e-01 2.543782398316341564e-01 2.830203815147885327e-01 1.033732384744088049e+05 1.060476386826912931e+05 6.918656625129182066e+04 2.410102405493658807e+04 3.028251541618128817e-01
3.957699978904238303e-01 4.867521634601608138e-01 3.132430785943649543e-01 4.800668479125803634e-01 2.879260172591969758e-01 3.640241497708663343e-01 4.199962356922128381e-01 1.393675395411269856e+05 1.136544996854445781e+05 7.307439759358207812e+04 9.103407255379055277e+04 3.542701633093547353e-01
4.850502095295330385e-01 3.833273358357751626e-01 4.601218548627396543e-01 4.801917247772947706e-01 2.313941791068089004e-01 3.266481684618465220e-01 3.821528986628326963e-01 1.184892451961897314e+05 1.185446415992289985e+05 7.527358375526248710e+04 5.700469422860207123e+04 3.515495298191891882e-01
3.773290304030039177e-01 4.998261431126592713e-01 4.096290680260466499e-01 4.008401001209710435e-01 2.307719773103352745e-01 3.822821203367797183e-01 3.649316230619943924e-01 1.504879601037341636e+05 9.651499758822577132e+04 7.554146135604748270e+04 8.519839574387017637e+04 3.691634640084502927e-01
4.392051122944630737e-01 4.608526152194444836e-01 4.127331876447751791e-01 4.079793986990453702e-01 2.976784457929925187e-01 2.624305554247223782e-01 3.326559888623960015e-01 1.067404803989429347e+05 9.819513591195149638e+04 6.992140677219600184e+04 3.590144761412501975e+04 2.917501291435139477e-01
3.726416942156858814e-01 4.753790549762188511e-01 3.711411643291702700e-01 4.148549209212818445e-01 2.643228920033011686e-01 2.701560928568034203e-01 3.529484824384235830e-01 1.370126038097276469e+05 1.142288919485121587e+05 6.912749813493057445e+04 4.449026401193989295e+04 3.649672195676205710e-01
4.355580439364278300e-01 4.284228991789054142e-01 2.616878647184368023e-01 4.547434465780122448e-01 2.443183046008473580e-01 3.741729111873812741e-01 3.406861358866804523e-01 9.056141852118093811e+04 9.004450540037621977e+04 7.155845111961686052e+04 7.308794317716016667e+04 3.913285817347186835e-01
2.818669375632776308e-01 5.767663581551873975e-01 1.136396628265802095e-01 5.326025036115509259e-01 2.194583569476114271e-01 3.521332868874140765e-01 3.836206334985783339e-01 1.291343984934208711e+05 8.779573138789818040e+04 7.605922182670085749e+04 5.779534289693067694e+04 4.162087122825895436e-01
4.186735818706956991e-01 6.233774931843207856e-01 5.908598793068741140e-01 4.302767152323132005e-01 2.905270579281352683e-01 2.294709851171822801e-01 5.296682151820668594e-01 1.183506890636963653e+05 1.079517998148562037e+05 7.202611914144299226e+04 5.594005232465518930e+04 4.012153565802462629e-01
4.280172247120762052e-01 4.833233873998289964e-01 4.595085663253334340e-01 5.146382726519013184e-01 2.157314580537114113e-01 3.066579318689317546e-01 3.716634330211669446e-01 1.333594117938388372e+05 1.052926079014884308e+05 7.277414845394606527e+04 5.954643661415071256e+04 3.609161299357463437e-01
3.486188831537874733e-01 4.485329118336226495e-01 2.665917064679365067e-01 4.511980536855934032e-01 2.712756347506962706e-01 2.996626513733995356e-01 3.148208742500799295e-01 9.893427185680629918e+04 1.114806532647107233e+05 7.238605793616489973e+04 7.859010303250778816e+04 3.908903056726383274e-01
4.041670621829884236e-01 3.743129712705785539e-01 3.930383063600705884e-01 4.413934885297575161e-01 2.201673527531386731e-01 3.026282946210122615e-01 4.265745990691139911e-01 1.076969978638635803e+05 1.144933347992690833e+05 7.520904667085653637e+04 7.728659149010530382e+04 3.106990705671898723e-01
4.481115344243894461e-01 5.001190862919800972e-01 4.505547875381262224e-01 4.460495250230656072e-01 2.649868413193850469e-01 2.842903847474375079e-01 3.364158826773926414e-01 1.214571643990002340e+05 1.163076575006221829e+05 7.434108171924322960e+04 6.798921936003975861e+04 3.732726724302299903e-01
4.254311896680854077e-01 4.669378712284896760e-01 3.131413482760323497e-01 4.862152528068287571e-01 2.384753995849787644e-01 3.325590408515358698e-01 2.882057442460601027e-01 1.318331175192607334e+05 1.200272096271827759e+05 7.324097586376470281e+04 7.722315493213127775e+04 2.981281979455223108e-01
4.223542926040639300e-01 4.893411739316670395e-01 4.150670509068219438e-01 5.119309986339167784e-01 1.828346823216525086e-01 3.409715786774033530e-01 3.619688690865599523e-01 1.332215669006669777e+05 9.190852753984388255e+04 7.357182379855593899e+04 8.708199188224387763e+04 3.784002755768677284e-01
4.654868058671495779e-01 4.481534542004341204e-01 3.338138593780359820e-01 3.833887507419868057e-01 2.077372907575871230e-01 3.642866631072901873e-01 3.138652344558560681e-01 1.440326235219010850e+05 1.056431464737057104e+05 7.536014258926582988e+04 6.792304487001670350e+04 2.986301279534090969e-01
4.460069756481725989e-01 4.905355075460366976e-01 3.096151423179886453e-01 3.702901521972523646e-01 2.188742569867603571e-01 2.486955618295517978e-01 3.238412364896135487e-01 1.308661679487959482e+05 1.022696715729012212e+05 6.801452563822310185e+04 5.787016555537795648e+04 3.759762893498412861e-01
3.353544575524132765e-01 4.519999559135483014e-01 3.928423085184967745e-01 4.254301913556659542e-01 2.406214965675495809e-01 2.892178800545269213e-01 3.812087894694262680e-01 1.111546461534332047e+05 9.419240618362196255e+04 7.104831541838233534e+04 6.370490426748315076e+04 3.610654570994993873e-01
3.547855807028337805e-01 5.868360419229131653e-01 1.566284817415373454e-01 6.096724726370129632e-01 2.346753180236207936e-01 3.329971736887582523e-01 2.953312502873656209e-01 1.233290551840418193e+05 1.115081433235797303e+05 7.258026650639601576e+04 4.375258145844803221e+04 2.471736974423685007e-01
4.936711590288903051e-01 3.131582263218175011e-01 2.731117222746130557e-01 3.757763621316926317e-01 1.875013265405211238e-01 2.916418110539126252e-01 4.360040035184917229e-01 1.285505779791470559e+05 1.132589024499611551e+05 7.102520329826041416e+04 6.451052559057233157e+04 2.755041744557958361e-01
3.336213485211909080e-01 6.622502834017934825e-01 4.433446926017698964e-01 3.643658624075241104e-01 1.927856431292087891e-01 2.461414101938067811e-01 2.676950248278967548e-01 1.441220204111884232e+05 1.046663315254288609e+05 7.389296908614384301e+04 7.278059134700828872e+04 4.217141476095238595e-01
5.280247589229803973e-01 6.148216859307008564e-01 5.920338878925186510e-01 4.779018836185830454e-01 7.911080732725536135e-01 4.422331192696644653e-01 6.687406945458299612e-01 1.181973550572105451e+05 1.069607339442648517e+05 7.260483196690633486e+04 5.036254257585125015e+04 2.792839821960244051e-01
