3.096087739915529546e-01 5.759430928509037262e-01 3.384906718560674044e-01 4.961935687328274946e-01 3.004047052946874352e-01 3.415714682067331753e-01 3.429847259914362012e-01 1.263674898644471541e+05 1.100225220397352823e+05 8.339905188214679947e+04 5.791000882083286706e+04 3.195768589291252404e-01
3.517715558065709347e-01 2.930741529521945221e-01 1.466105028285988043e-01 3.426005974159134770e-01 2.122959993114370558e-01 2.898789932289719817e-01 2.923696810913750666e-01 1.067028822182313015e+05 8.375644051666597079e+04 8.348074093804782024e+04 4.506206523446158826e+04 2.386522026192401114e-01
5.982680573892100728e-01 5.474784815713218400e-01 4.067254561341714370e-01 4.676854978742888691e-01 2.415713083814739204e-01 3.263636855330886988e-01 4.083230786196437312e-01 1.486616193279673753e+05 1.065829346657024143e+05 8.329343636219821929e+04 1.180505732288820873e+05 3.592150109163216865e-01
3.207035989372522544e-01 6.139150416658389897e-01 1.469781463326906290e-01 5.644909432050720932e-01 2.139803592017831824e-01 2.701510477540645661e-01 2.205708150362301612e-01 1.142327946060202230e+05 9.053522815207269741e+04 8.327215463373698003e+04 3.817847230559909076e+04 2.229183233019368937e-01
4.795846407328134831e-01 4.422635975409026643e-01 4.261391665100702220e-01 5.582627581505811287e-01 2.569929759537493696e-01 3.142118838964035876e-01 3.695894094383296857e-01 1.477500076237093890e+05 1.296495798564380384e+05 8.096037063978052174e+04 9.290047330058926309e+04 3.230501550953009393e-01
3.377531762205792099e-01 5.836448819073366545e-01 5.616505718748607823e-01 4.017485095248407578e-01 2.194230844487378707e-01 3.866771657918748328e-01 3.849350409854674915e-01 1.274759591324925859e+05 1.092130673565143225e+05 7.631659878747443145e+04 4.421715400245742785e+04 2.644271515576706588e-01
3.556211945719444656e-01 5.885771325223096984e-01 3.050188013486565541e-01 5.014852270518768140e-01 3.017513657542620908e-01 3.097988191101802014e-01 3.109842244500389263e-01 1.441191611253512965e+05 1.032463941072681773e+05 7.737682102350422065e+04 8.478532630551431794e+04 3.154429382630086764e-01
3.227198384047392232e-01 4.907248215524774304e-01 2.798295700839980027e-01 5.057536864518272779e-01 2.079931799552004468e-01 3.174632721915382483e-01 3.516130901989477087e-01 1.158831779067064053e+05 1.119040930628983187e+05 8.227646558860410005e+04 3.971275802928249323e+04 2.794634967276612425e-01
5.449771903398200612e-01 5.486189687110377688e-01 5.668066579157051699e-01 5.231362882101283640e-01 3.624767961680354644e-01 5.193411319482513777e-01 5.379118704948894214e-01 1.247774078123945801e+05 1.005334902814200905e+05 7.908551789444040332e+04 1.758589532561147935e+05 5.191423180540443161e-01
3.142548863540012283e-01 6.191093503624238714e-01 1.585180452634501469e-01 6.878681767847731887e-01 2.326317813715902127e-01 2.568595545288355764e-01 2.855693274860101605e-01 1.284613900281470706e+05 1.106550193577509199e+05 7.612210243656185048e+04 4.101569784808793338e+04 2.259307326552310868e-01
3.956520117447499540e-01 5.091221428645511526e-01 3.096406026151565793e-01 4.896215597369151795e-01 2.149040262008069802e-01 3.462399069158151876e-01 4.256835072263823738e-01 1.292616830255225796e+05 1.064990780620265868e+05 7.880478734685378731e+04 6.144166680311827804e+04 3.865565965627846823e-01
4.487785069177047670e-01 4.301587026967239047e-01 3.659543137725011497e-01 6.149988281128442313e-01 2.285252700118021452e-01 3.256714850771322278e-01 2.768775179555491572e-01 1.518736011292011826e+05 8.655774503118092252e+04 8.151775081935504568e+04 7.629428809859804460e+04 2.394847077465724894e-01
3.390734798768507141e-01 4.595506121606171002e-01 2.526585551255737805e-01 3.815626911596878279e-01 2.095264821171624048e-01 3.265257434289914884e-01 3.294437797420865510e-01 1.481216916738719447e+05 1.123363634126558172e+05 8.122332799173379317e+04 6.640513117711665109e+04 3.435208355851255835e-01
4.715337616140655719e-01 4.756962001392020523e-01 3.635348248873132571e-01 4.430663589542708780e-01 2.911172080471244872e-01 3.123025380699188114e-01 3.637073384184435487e-01 1.302665837522585061e+05 1.151171561536425288e+05 7.147690243891130376e+04 5.759573752030416654e+04 2.664611849164817414e-01
3.547565282951998245e-01 4.876991850677613871e-01 1.976777158446662019e-01 4.427359925610199753e-01 2.675393263636675067e-01 3.011825431205293335e-01 4.457604268200944242e-01 1.483489774366848287e+05 1.254513858323968161e+05 7.694980588422395522e+04 8.857691102380186203e+04 2.447101371083800769e-01
3.299319065604886525e-01 6.344507121214396639e-01 1.933307042203785686e-01 4.205594645950194721e-01 2.841754604416842356e-01 3.041391627488731486e-01 4.536999935789421401e-01 1.242743310460947978e+05 1.075177940996882389e+05 7.998395336816682538e+04 6.385186521665925829e+04 3.148453172640610642e-01
5.235456310527777379e-01 2.941800030405856137e-01 3.725003900792813183e-01 4.228652018907807508e-01 2.466176914207082183e-01 3.422172458584033516e-01 3.831561333676511971e-01 1.029455367411843472e+05 8.339531901475141058e+04 8.108519720281408809e+04 1.031688605391174351e+05 6.044834645658151429e-01
3.899175011386495360e-01 5.171375163055307311e-01 3.085799553971463882e-01 5.180452951009396623e-01 2.384389386280168499e-01 3.045442324078428409e-01 3.786775695846057443e-01 1.053147186125779845e+05 9.356620984382320603e+04 8.243087947378675744e+04 5.335462860163363803e+04 3.885651540550482119e-01
5.502249318941507816e-01 4.572486332249677266e-01 2.840086023089122835e-01 4.027496372735905328e-01 2.900061093249142186e-01 3.778433413601126056e-01 4.575530236469888545e-01 1.098558727133528155e+05 8.846178026882559061e+04 8.136930822783694020e+04 6.952354333315127587e+04 2.776482209416878399e-01
3.550794602392633448e-01 6.165710748890935733e-01 1.693554288073237657e-01 6.802707889535113406e-01 2.384981679160768642e-01 2.879930929370547177e-01 3.103350632810551457e-01 1.234041588750063675e+05 1.015049926415628433e+05 7.976922873374742630e+04 4.639662863731245307e+04 2.850932153101419231e-01
3.392097643311300925e-01 3.318012429329456059e-01 2.057114204839290139e-01 3.087542287434675847e-01 4.624727534178659782e-01 2.694226114577616960e-01 2.674656214518401076e-01 1.112201412344730488e+05 8.769793988537442056e+04 7.905385277396372112e+04 1.089008209879952919e+05 2.160389666318227597e-01
3.916105966038584407e-01 5.975719412629529881e-01 2.300220567970907015e-01 4.349699154734473217e-01 2.488777258234512180e-01 3.652610241558684190e-01 3.700828689278605199e-01 1.143820277665720350e+05 1.081789384837492398e+05 8.057860299890452006e+04 1.135232298291719198e+05 1.760084096088981864e-01
5.123074436306026547e-01 5.507026425247044665e-01 4.230445551608154608e-01 3.871651862686117940e-01 2.852917979992479758e-01 3.367172583056233237e-01 3.499443463650353525e-01 8.128243581643063226e+04 1.277595598299872072e+05 7.828010306093194231e+04 7.873881320457979746e+04 3.506367942893636180e-01
3.214742458145513626e-01 2.845555516701537835e-01 1.462776939031925350e-01 3.625963472789422437e-01 2.107631776666760715e-01 2.763167198028777527e-01 2.949548724872722016e-01 1.282088756751533947e+05 1.093933603008283244e+05 7.678125793483090820e+04 4.569781390230450779e+04 2.388720979421055934e-01
3.541522213891984405e-01 5.116660523041276498e-01 4.706220016141798301e-01 4.702472035015369811e-01 2.990913402606674709e-01 3.369111795896311268e-01 3.285462819330719486e-01 1.492038159488301608e+05 9.599299986996290681e+04 7.490845697158203984e+04 1.103656834344255622e+05 2.761950989401066869e-01
3.417181005609114530e-01 4.561705695528512350e-01 6.402628030774457080e-02 4.421003992378421676e-01 3.070516654082464658e-01 3.202692233712390868e-01 2.895983611354935872e-01 1.311175676561304717e+05 1.124670704135784181e+05 8.092753452009228931e+04 8.691397865592180460e+04 2.046290988623882257e-01
4.028211337083227317e-01 5.161391746683566817e-01 3.297772200880278448e-01 5.881621623114098307e-01 2.452742065790100290e-01 3.048631704677389753e-01 4.318816620471332413e-01 9.014355658034721273e+04 1.108766196345510398e+05 7.943989878641496762e+04 4.472928579291141796e+04 4.034188529535479018e-01
4.543057987884845383e-01 4.335906536248332332e-01 4.381681444077251686e-01 4.689931242861370420e-01 2.304185258659082469e-01 3.709331738084417074e-01 3.352887468936552318e-01 1.173873505404817988e+05 1.142719100025782391e+05 7.968784757294118754e+04 7.542902088890508458e+04 2.679399689908512627e-01
3.789955687306867382e-01 5.154304979415690324e-01 3.398542363249766884e-01 5.029439983027850225e-01 2.375054516313156172e-01 3.711372238073966101e-01 3.014352749112167995e-01 1.161897567040751746e+05 1.055174158073404833e+05 8.351993737064553716e+04 9.882586024553986499e+04 3.964989699317820748e-01
3.648719478963531881e-01 5.225788341011157190e-01 3.314671040810985847e-01 4.144811708276991968e-01 2.472989369749374056e-01 2.903947610252734512e-01 3.736402186396520775e-01 1.398979674535283993e+05 8.913613041761674685e+04 8.082935482074542961e+04 6.481476875310779724e+04 2.917315431294397743e-01
3.653504858602528160e-01 5.581906421520284045e-01 3.031489525128980844e-01 4.511024863295293175e-01 2.575305630821480007e-01 3.022681207438946971e-01 2.826947793829657773e-01 1.613871109057197173e+05 1.118920506974845921e+05 8.377546136065374594e+04 9.672854517304593173e+04 3.781597069030033786e-01
3.486154783721842620e-01 6.264725887809933225e-01 3.381221997780620714e-01 4.912346320657038357e-01 2.765939649268549516e-01 3.197241634582421166e-01 3.174994425520842323e-01 1.411835599725742941e+05 1.156941365162260336e+05 8.170813005414199142e+04 9.421920047147999867e+04 3.790393075949965995e-01
3.322776439605413246e-01 5.283076324129345469e-01 3.120793621825377895e-01 4.714217610464220276e-01 2.943882001561102246e-01 2.974643442136288840e-01 3.700778268077914435e-01 8.918623760533478344e+04 8.794105743483941478e+04 7.819219861430086894e+04 4.613559262098993349e+04 3.140407772959987742e-01
3.910256490375100813e-01 6.217018098275091109e-01 4.405249679699623222e-01 5.428930826669534637e-01 2.394673288307804793e-01 3.340359207370738881e-01 3.060331578354029691e-01 1.558844579933939385e+05 1.194613043456760643e+05 7.764602359262965911e+04 8.042760231491645391e+04 3.564673625077325880e-01
4.185288184966304281e-01 5.512943579973574870e-01 2.905164107316743904e-01 5.111630247572431784e-01 2.045108306393776110e-01 3.479233115344488314e-01 3.044157545993558256e-01 1.448431456503841910e+05 9.939951044606350479e+04 8.080077730972222344e+04 7.666474912846653024e+04 3.963151517517319866e-01
3.389454992362538888e-01 4.520075720244994266e-01 4.672211903012455370e-01 4.508339917965007437e-01 2.434443201846294702e-01 3.330198890184572491e-01 3.905136486984022159e-01 1.618375529398702201e+05 1.084712404844970588e+05 7.957781145920908602e+04 8.546876429005079262e+04 3.028227077380939991e-01
4.904598092140865506e-01 3.412226483731521376e-01 2.658509903680709302e-02 4.957072617381139690e-01 1.746107124367926033e-01 1.522580384906472573e-01 4.302228348922623735e-01 1.099126182338743674e+05 8.413307273213902954e+04 8.252764374314379529e+04 5.942680147666500852e+04 2.914436487099980599e-01
4.465008158257458004e-01 5.530795700124051528e-01 2.951499951538209543e-01 4.640580190371046410e-01 2.517015819637861695e-01 3.580447379475406589e-01 2.815780333716811912e-01 1.280857319533454138e+05 1.073509518763383676e+05 8.431244704115350032e+04 5.403528557352375356e+04 3.107894601096697351e-01
3.557907580039577633e-01 6.118073370885682705e-01 3.435264529295934399e-01 5.287805846987909675e-01 2.341196650286460068e-01 3.225686019233855450e-01 3.159286024368118118e-01 1.701972619798250089e+05 9.659383892394771101e+04 8.370648625985500985e+04 6.456055710384874692e+04 2.910067039258391608e-01
4.916098634368609166e-01 4.069218969842984812e-01 3.780037647912440901e-01 3.639796552082192882e-01 2.745419004517239969e-01 2.887779529064599671e-01 3.578638396900175600e-01 8.469158129240518610e+04 8.811844368379432126e+04 7.663077366256521782e+04 1.348116921759257384e+05 2.621334349610052739e-01
4.116565344423032125e-01 5.964475307044093677e-01 5.753016330915682319e-01 4.582500546322175183e-01 2.348994535757267244e-01 2.891091962576272101e-01 3.594378678142862715e-01 1.424560705376150436e+05 1.098570580067918490e+05 7.997473322304720932e+04 7.363902696505161293e+04 3.835406704514690013e-01
3.705033525871449518e-01 5.774240203536030736e-01 2.045777184949026661e-01 4.202402579114125625e-01 2.655948586964134162e-01 3.337355949113524067e-01 2.847127720102408666e-01 1.541583024441391753e+05 9.601709649233316304e+04 7.781941024181275861e+04 6.565605881771320128e+04 2.940154721022837925e-01
4.670867059400191645e-01 4.572717301352659525e-01 3.913567194132642202e-01 4.648428333070556695e-01 2.493983700277124516e-01 2.951617249534491672e-01 3.400239999087834031e-01 1.274227493088559568e+05 1.126031647570452042e+05 8.063479329629467975e+04 4.760043816393035377e+04 2.280822525363190023e-01
3.337548599607671473e-01 5.898363174489640315e-01 3.088202723845436815e-01 4.867054742652825450e-01 2.919828319386150728e-01 3.061999964790607098e-01 3.485890490260392660e-01 1.479111825252588897e+05 1.036422643715576269e+05 8.250397892687714193e+04 6.156302313085157220e+04 4.048953163465796590e-01
3.734031315909238091e-01 5.596939533478240136e-01 3.124575251469715043e-01 4.768406239103361588e-01 2.948816068630314424e-01 2.741121895471135828e-01 3.561786946031013645e-01 1.647499453914083133e+05 1.046122102118195762e+05 7.982941190718494181e+04 5.845678959653004131e+04 2.105515132691974101e-01
3.835334052075952127e-01 5.631620458192956313e-01 2.140461486013210402e-01 4.363723747447712520e-01 2.197879712037406341e-01 3.165255609534211589e-01 3.460739594716581990e-01 1.480626949721579149e+05 1.098045838267684594e+05 8.327519593322444416e+04 5.840356107163682464e+04 2.725380657586550237e-01
3.957281531656944851e-01 6.075326257555999643e-01 3.586727848796233964e-01 4.060003204186457548e-01 2.075817481986282076e-01 4.195376293560075243e-01 4.185833787061744582e-01 1.964217071981003974e+05 1.205327584005715180e+05 7.265896101579150127e+04 1.468554017310562485e+05 3.278799530545271623e-01
5.722882836897034142e-01 6.594491042181465090e-01 5.922172858728765865e-01 6.603352464408293043e-01 4.462986005078997120e-01 3.818774470302813140e-01 6.158815790910217025e-01 1.422792717619057512e+05 1.134795656601970259e+05 8.204337713190798240e+04 4.442047164007007814e+04 2.558025175065917201e-01
3.632971477886070000e-01 5.737348218033988534e-01 3.283523537895532973e-01 4.307242508525115920e-01 2.040156959031098061e-01 3.735782227649949161e-01 4.543604245313980772e-01 1.418928597977477766e+05 9.683101197490061168e+04 8.178043476123426808e+04 6.061839819830883062e+04 3.175152955863543291e-01
4.024452462429618516e-01 6.153890546019176178e-01 3.822247976967845240e-01 3.923439323203248286e-01 2.211510277052900486e-01 2.950760918820071188e-01 3.630535234608043837e-01 1.150212890867051465e+05 9.711473968245800643e+04 8.493649971214383550e+04 4.119005330770462024e+04 2.551060438443846223e-01
4.236814561845597127e-01 5.634120443067195394e-01 3.002517362631879072e-01 4.513683104713591132e-01 2.321700944370335695e-01 3.505963657608635597e-01 3.667385357515152711e-01 1.151134750710134977e+05 1.124402744887107256e+05 7.877802499987323245e+04 4.244060673442212283e+04 2.488868499842821769e-01
3.705579341501877844e-01 5.478769565180378054e-01 3.634361531389049826e-01 5.014846557803779303e-01 2.318314816375046383e-01 3.079529816232984829e-01 3.157829499120068384e-01 1.607819274907312938e+05 1.132386737278722576e+05 7.557155353306747566e+04 6.729011606692789064e+04 2.902465159013072893e-01
3.457750091035410311e-01 6.294849198342743479e-01 6.225871973042425012e-01 4.077283210607168251e-01 2.379032408495352635e-01 3.109586958992520689e-01 3.213464256119717977e-01 1.252612502914122888e+05 1.029727471453547478e+05 7.975727969459404994e+04 5.134413266113027203e+04 2.738000500106984592e-01
3.848228440296413977e-01 5.193153485721672125e-01 3.436189913837165433e-01 5.223523896783119902e-01 2.024189041826076896e-01 3.036060149095142213e-01 3.636140888545806304e-01 1.621330673834060435e+05 1.122993623528015596e+05 8.094256503566344327e+04 5.450324081028360524e+04 3.300715158516986381e-01
3.279219810536601054e-01 5.487509546480598965e-01 3.349461360719300784e-01 4.737421028760012143e-01 2.597577754683704776e-01 3.347422649639661962e-01 3.053666488549275360e-01 1.586393179965774762e+05 1.186614953138018464e+05 8.013427379420811485e+04 1.709535581654353155e+04 4.023793204848985505e-01
3.991717072539763267e-01 5.113096725052330704e-01 2.205696870620361960e-01 4.479048287263791561e-01 2.747684038548496854e-01 3.584548457137354815e-01 3.557111477676987432e-01 9.405603209082750254e+04 1.217838690728948277e+05 7.571437708727955760e+04 9.005045073370140744e+04 3.113962728038717209e-01
3.637817137582007310e-01 5.774319434491758107e-01 3.881740650034838369e-01 4.126486224210051401e-01 2.426977457972844532e-01 3.496655510878363127e-01 3.582994826492157392e-01 1.152420209989040886e+05 1.185849580290661252e+05 7.722951441072853049e+04 9.709832026644404687e+04 3.069527360788489867e-01
4.091311069028211733e-01 4.239716810622194965e-01 3.244554771884898270e-01 5.072181291047658247e-01 2.656833928539146239e-01 4.323531068443372538e-01 3.576016056660623610e-01 1.156271213161656051e+05 1.113423081030694011e+05 8.152088378161963192e+04 9.503358406954402744e+04 2.907256265517182414e-01
3.721373793247957917e-01 4.786021257193474598e-01 1.967922856571112100e-01 4.602291195561948323e-01 2.493609390996133490e-01 2.981543939976168400e-01 3.573308378488215253e-01 1.428987714030701609e+05 9.770694112271620543e+04 8.420114245020966337e+04 6.082754484901470278e+04 3.154289646366148503e-01
3.776653145642110410e-01 4.736455401151289935e-01 4.134038794419802043e-01 3.533957277953838627e-01 2.135185983282120448e-01 3.324024906818845437e-01 4.080284791833259095e-01 1.305453897739642707e+05 1.087438730423387897e+05 7.751406800236749405e+04 4.308276684359201317e+04 1.837616505961106594e-01
3.694946441070514065e-01 4.905712841257560131e-01 1.796541967605293499e-01 4.999251752968533191e-01 3.033454759985146909e-01 3.720657484379206181e-01 3.127734841021875822e-01 1.220666817408042407e+05 1.199826984094242944e+05 7.736523639290279243e+04 1.137359353361946705e+05 4.046786942274341325e-01
5.051112227431356905e-01 5.337461982433109320e-01 2.806330231314455581e-01 4.590804774907580321e-01 2.565846535087410452e-01 2.861232050563788376e-01 3.394144666897875862e-01 1.227151491120471183e+05 1.100115043126888340e+05 8.033624820415084832e+04 9.059260450482672604e+04 3.074031778747021715e-01
4.525066785783864454e-01 5.070175567676658002e-01 4.492764282459573155e-01 3.701915777963652454e-01 1.707661919100992298e-01 3.784882390050778866e-01 1.750939764117829534e-01 1.544296560002008919e+05 9.054440551508039061e+04 8.147257131750312692e+04 -8.792150273486908191e+03 3.430452937559115290e-01
3.863562970773252725e-01 5.144316953656412617e-01 2.174774111103187080e-01 5.023686559931433981e-01 2.335997301916279134e-01 3.399583457975227097e-01 3.189248666989649705e-01 1.387284604304267268e+05 1.065536050966697949e+05 7.429735604154488828e+04 7.255693397712316073e+04 3.123477426983738425e-01
5.024289418860417022e-01 5.656567829461324193e-01 3.200746963743664741e-01 4.081048878144175607e-01 2.550691009549257426e-01 3.358158198505130088e-01 3.922904775564125535e-01 1.416322943742643401e+05 9.557887862170030712e+04 7.868983973478262487e+04 1.017182832306590135e+05 3.929155382041388256e-01
3.401050219282981124e-01 4.907145660934842391e-01 4.011734122898722998e-01 5.600476669050707956e-01 2.367577234272091602e-01 3.267200767324584532e-01 3.423209839168899760e-01 1.210588712907036534e+05 1.054196411318684404e+05 8.066430069443612592e+04 1.039085424127617298e+05 3.576613925633625457e-01
3.670706965328839888e-01 4.836203019056661834e-01 2.327087059448400275e-01 4.289924399712283232e-01 1.926303031448791392e-01 3.689903486334246696e-01 4.435349018747178351e-01 1.169129890380315628e+05 1.159475477372601454e+05 7.727793332477229706e+04 9.992255010681839485e+04 2.918535785309823161e-01
6.042608651118882568e-01 6.030726734966367353e-01 1.719066711934265912e-01 6.487250493352872960e-01 7.388887564883998005e-01 3.531001277385115711e-01 5.358272625792560584e-01 1.284392080939259613e+05 1.099584113304734783e+05 7.653998160488072608e+04 4.518732386208578100e+04 2.260147174206162402e-01
3.073481693842068374e-01 4.670584904688781513e-01 3.213817856977037035e-01 5.070133721053121656e-01 2.526637804921617603e-01 3.442172722136285778e-01 3.525238165078952157e-01 1.210003202094406442e+05 1.029333408987386210e+05 7.799475619067825028e+04 5.837807261264949921e+04 2.582339968495527271e-01
4.492172706068615073e-01 5.723345169958854450e-01 2.956472300165244871e-01 4.743376844897700395e-01 3.028559624788556559e-01 2.509423673804188071e-01 3.056543925604541800e-01 1.266572148362630251e+05 1.039560165731419838e+05 8.027078059259927250e+04 7.732191185364134435e+04 2.885190079232244909e-01
3.694196842988588525e-01 5.298842025722703131e-01 4.294904439885584568e-01 5.207607136713459095e-01 2.810452196018707327e-01 3.059092367198302242e-01 3.410410257330228623e-01 1.376390969268947956e+05 1.119060720243422547e+05 8.375867390455944405e+04 8.983503843798872549e+04 3.906020973401250207e-01
3.744390373283872919e-01 5.236124847262064730e-01 4.904731903284671457e-01 5.219870227695077025e-01 3.185994847055133583e-01 3.164644919126429756e-01 4.474320872636525226e-01 1.340937787761046493e+05 1.276085724263656011e+05 8.105878734898232506e+04 4.762096387094003876e+04 3.380420576747461547e-01
3.944435037717890502e-01 4.787204256683885162e-01 3.171455212597630857e-01 4.526806209305002104e-01 2.760714193841390940e-01 3.435900335291752761e-01 3.813235692958166223e-01 9.812138111453760939e+04 9.427685455671160889e+04 8.009715049044339685e+04 8.309714228348211327e+04 2.714177440110867590e-01
3.949900326164587638e-01 5.129860220908234458e-01 2.456688030745443618e-01 3.761287191605531266e-01 3.462093046077192593e-01 3.603411938995239594e-01 3.756001038270671000e-01 1.507713460849011317e+05 1.008769301922446175e+05 7.501095699696789961e+04 1.109007429207330133e+05 2.299200355271743823e-01
3.994557835996245254e-01 3.856038260502516746e-01 4.067963866413915053e-01 5.369143416018510306e-01 2.758007058171247916e-01 2.896652381060581538e-01 4.145314645823512389e-01 1.304743462451654341e+05 9.694955513834068552e+04 7.929812732928580954e+04 1.166396782159743889e+05 3.698188032594751373e-01
3.147073651441908981e-01 5.845965208639810617e-01 3.497539437312543464e-01 4.655282190301188727e-01 2.367670348665060209e-01 3.789209467893822625e-01 3.807632508057611220e-01 1.359636129315657017e+05 1.084741256885447510e+05 8.126437297742778901e+04 8.672603955265744298e+04 3.210008616747165311e-01
4.379489616161597598e-01 5.138516445399645693e-01 4.231300556325855444e-01 5.292555663319344905e-01 2.250489006224028199e-01 3.288263927330822844e-01 4.107808916211074801e-01 1.687498856329169357e+05 8.974669038247504795e+04 8.140616641513565264e+04 1.229160937744150433e+05 4.310520374030537560e-01
4.556248034925374224e-01 4.228505312106221048e-01 4.035897446506229169e-01 5.584743453419789283e-01 2.296923779047837511e-01 3.809757417329375784e-01 3.509287250404049541e-01 1.386727755910436681e+05 9.739845303258979402e+04 7.424421385130588897e+04 9.980877429800046957e+04 2.920826791612667339e-01
2.952946510342379094e-01 5.328283420302224460e-01 3.200619635549306619e-01 4.837281529508964395e-01 2.398532418871182070e-01 3.348433066679391001e-01 3.878538773478984458e-01 1.444635832048000302e+05 1.098295679016453796e+05 7.161830335031647701e+04 5.262067257771727600e+04 2.936378805997959529e-01
3.226323005157357149e-01 6.153893281543658667e-01 2.430865162155127768e-01 3.488866450375188166e-01 2.483583272700145006e-01 2.538888974490323691e-01 3.438790472939783904e-01 1.370371439451732149e+05 1.187918133348704869e+05 8.150749885796791932e+04 7.278972720555124397e+04 3.611925902264092603e-01
4.079992989520762059e-01 5.002379899333100344e-01 1.745757161143514646e-01 4.223971030625646716e-01 1.986723545529905655e-01 3.086364115116888573e-01 3.151117094587386203e-01 1.289188951066149457e+05 1.061913014745208202e+05 8.079905320649464556e+04 8.803578908997522376e+04 3.977396006067994705e-01
3.488950108765588864e-01 5.413025627882886992e-01 1.511302326027532672e-01 4.646376471237334549e-01 2.400398536898544211e-01 3.480705291646431498e-01 3.795880466246528973e-01 1.419881836010310217e+05 1.248779897177845851e+05 7.563170145310607040e+04 7.015427862079767510e+04 2.666539318024793714e-01
4.962184924675618336e-01 5.644621760585194492e-01 2.664782508960482077e-01 5.102900433210446618e-01 3.198112648002960356e-01 3.072826743529548654e-01 2.733690776597778038e-01 1.013224980463831889e+05 1.051466987223566393e+05 8.233474937526947178e+04 8.244884400588013523e+04 3.124625754028365621e-01
4.542664236372368491e-01 4.078790217514109417e-01 1.837513770181757045e-01 4.427550453009857501e-01 2.339097800532677351e-01 3.145736135990581661e-01 3.339639069198581667e-01 1.269429847205267142e+05 1.020365688898507506e+05 8.129912142006354406e+04 7.535401191399809613e+04 3.745907249740106915e-01
4.033794632246245904e-01 6.360604715143232113e-01 2.588982198344683128e-01 5.765959291779655382e-01 2.410909962348366242e-01 3.117041180319821136e-01 3.190393918803393625e-01 1.419483851427689660e+05 1.085903474918404390e+05 8.394631126902005053e+04 8.641475222788703104e+04 3.439198133702573434e-01
5.333976440650569639e-01 6.231384943821920430e-01 4.006761758296910059e-01 4.030587969335368559e-01 2.086292810619950755e-01 2.023684937660896466e-01 4.013245821967102445e-01 1.475193885912318365e+05 9.864184726303786738e+04 8.115730757955426816e+04 5.453251942031211365e+04 4.257089563276341138e-01
4.029214255919225662e-01 5.385199934367037589e-01 3.579399211177879403e-01 4.625524179202170627e-01 2.523594536288116807e-01 3.699665609293487090e-01 3.463519897666327285e-01 1.098946795945703489e+05 9.594929586317934445e+04 8.053182069536315976e+04 4.366883697619562736e+04 3.872556987467483669e-01
3.716756931189708069e-01 4.869374258666346322e-01 3.459999628295122309e-01 4.837893755497125192e-01 3.443063512361369538e-01 2.890256681281633266e-01 3.628634231206719352e-01 1.388435319568484556e+05 1.079873583779170003e+05 7.565688501960725989e+04 3.272258570740318464e+04 2.976379793198402068e-01
3.138804660537398705e-01 5.360909505411115550e-01 3.909001914268067646e-01 4.080730043800657181e-01 1.994389757774082672e-01 3.285102842422408798e-01 2.502021088345283140e-01 1.330764587239876855e+05 1.179207188580365037e+05 8.195974227703543147e+04 9.081362951568041171e+04 3.050514066247039802e-01
4.629175738686462371e-01 3.803908729753437412e-01 3.755109169046385031e-01 4.244849173926579788e-01 1.890337920506272307e-01 3.104815627617146800e-01 3.330199305667126408e-01 1.350956068519262190e+05 1.234710789490264287e+05 8.229442378898730385e+04 1.189617778810960008e+05 2.067522754347874414e-01
3.571217241277421794e-01 3.903048730454227178e-01 2.529572196472110179e-01 5.136114907787989736e-01 2.471190696399227782e-01 3.097674629189755557e-01 2.915440841658047955e-01 1.228742826971634058e+05 1.001041090648885875e+05 8.121050184351571079e+04 5.447587681285720464e+04 3.650120504924698195e-01
3.186095112107141802e-01 5.671500022179291056e-01 4.296759931382401199e-01 5.765309055401913740e-01 2.641762729977198965e-01 3.169613107375360284e-01 3.493432366279491941e-01 1.597780986082668242e+05 1.127387190836340160e+05 7.986558484981718357e+04 5.013815969989709265e+04 3.577381823959875917e-01
3.600889678106724556e-01 5.117241867067615635e-01 3.226427990208198260e-01 4.487684348076591556e-01 2.483384927274104592e-01 2.766776367246039370e-01 3.730081706849804890e-01 1.294217515118755982e+05 1.132067706834294077e+05 8.291315855697267398e+04 9.217912442226479470e+04 3.441519561683876738e-01
3.974831617195823674e-01 4.479479394613489762e-01 4.447360385808706851e-01 4.616757125926009286e-01 1.589339200386566120e-01 1.870531752279928350e-01 3.919264792030923150e-01 1.638211337853920704e+05 1.089499696518583078e+05 7.846651740138699824e+04 2.321894462678743366e+04 2.990322822681690251e-01
3.514176973087939082e-01 5.861252807977170853e-01 2.044054576052411198e-01 4.479075875436374088e-01 1.727200059946362165e-01 2.630344801137948219e-01 3.547378638969342357e-01 1.300015852348955668e+05 1.023509085760356102e+05 8.188175382542464649e+04 6.637619945544842631e+04 3.164743839277317505e-01
3.638847051456540749e-01 4.333352706213264849e-01 2.212642079328151212e-01 5.260879789076209345e-01 3.103578574217586983e-01 3.270943553873900678e-01 2.747878914665762839e-01 1.399523744172910810e+05 1.022473760046354873e+05 7.992714357224627747e+04 1.236208739975037752e+05 2.648630458061159709e-01
3.321295388261611969e-01 5.204176315119223295e-01 3.730551539226645286e-01 5.091620425962645191e-01 2.170637945482009334e-01 3.683443148359223374e-01 3.771286367384684701e-01 1.680130744197303429e+05 9.892229639868011873e+04 8.275837015876345686e+04 8.426292001271060144e+04 2.014198623333629257e-01
3.942197261162476707e-01 4.720297575706027260e-01 3.696757672417744223e-01 5.022713960078593054e-01 2.815789451741207428e-01 3.256035829301773266e-01 3.529414347791028916e-01 1.658899956848403090e+05 1.046513697177979921e+05 8.148491191765466647e+04 8.628399968523786811e+04 4.543378925889705600e-01
3.129530098554788031e-01 6.223491728789782851e-01 1.536488557243476660e-01 4.293773237623540462e-01 2.178726135876925818e-01 2.774857911155769741e-01 2.900489907347651997e-01 1.306934344239004276e+05 1.126605149639113661e+05 7.605201393156590348e+04 4.104975513681380107e+04 2.311314853366137623e-01
3.482233723546851456e-01 4.694966071901134907e-01 2.481821053922043108e-01 5.188237624541695014e-01 2.101514111373579685e-01 2.900836825065159497e-01 3.348930267274010109e-01 1.440697041863945487e+05 1.134081626340428047e+05 8.224457175086316420e+04 8.315267589212411258e+04 2.513971120589912900e-01
4.154507521554499649e-01 5.394329731640040704e-01 2.637926918685556954e-01 4.579886812505521432e-01 2.726316540487855877e-01 2.420687838176728834e-01 3.433626771837839931e-01 1.633562108610485157e+05 1.162063310976560169e+05 8.179859319684744696e+04 8.952471881176691386e+04 2.983599464402610923e-01
3.798575661023875782e-01 6.481012891489724703e-01 3.670394507895558545e-01 5.428078204939507101e-01 2.667596695749436808e-01 3.368696986679657890e-01 3.300089386480937192e-01 1.386001455217470357e+05 1.106056746358843375e+05 7.324730382728125551e+04 5.413215279457042197e+04 3.556245897338994877e-01
3.648075112619526550e-01 5.907306530521754251e-01 3.127975380125392335e-01 4.804983979527278626e-01 2.653377042111292883e-01 3.745195989382180679e-01 3.432556772353159147e-01 1.331171951000830450e+05 1.097696212419349322e+05 7.904236416560258658e+04 1.055972424246470327e+05 2.603185527433932722e-01
3.643956960832255842e-01 4.683910546061531566e-01 1.734820372803657085e-01 5.507731639877243568e-01 2.351162245768682046e-01 2.831950938471022305e-01 4.452920371700277991e-01 1.180115162006741157e+05 1.285566136830487230e+05 8.085137389166204957e+04 4.459928148133627838e+04 2.635221143468145510e-01
4.140084942385297007e-01 5.286615112498490587e-01 3.579734811050061527e-01 4.524743949468832960e-01 3.138322504249473899e-01 3.536294353972396221e-01 2.382006808446388291e-01 1.288564682838246372e+05 1.159503629045236303e+05 8.183819955320071313e+04 7.260268979386576393e+04 3.200441436105344040e-01
4.461424571208283396e-01 4.527863354963053144e-01 3.719514068085150726e-01 3.978900276041558715e-01 2.743698033870358710e-01 2.081102741688106161e-01 3.546835661463532130e-01 1.192199185280990205e+05 1.018292428437992203e+05 7.850600937610647816e+04 1.056737376500196697e+05 2.467919696288204956e-01
3.592569264404031903e-01 5.696864125107004018e-01 2.775274286543264468e-01 4.534948762752453733e-01 2.687701024654434723e-01 3.309051795504854843e-01 3.666714324605460096e-01 1.063918692904392665e+05 1.066474480204704596e+05 8.166468992836616235e+04 8.155997937278242898e+04 2.362115832924332470e-01
2.201721536817701497e-01 4.514393751176692393e-01 5.387910201164602952e-01 3.717088573093418891e-01 3.312121971031757317e-01 3.601331479980541261e-01 3.682597275037893803e-01 1.211456307176258415e+05 8.280084930784706376e+04 8.443782663061223866e+04 4.848302413716918090e+04 2.854770333984649883e-02
2.730395035662969150e-01 4.339961353479149797e-01 4.295801471221728507e-01 4.313840358082624005e-01 2.832979272612214383e-01 3.872340586902385806e-01 4.176700700921048282e-01 1.518751501329852326e+05 1.217123443177607987e+05 8.123146480021416210e+04 6.728538850633142283e+04 3.951337506513344366e-01
4.293592229682219874e-01 6.232032104945137707e-01 2.250005652023736868e-01 3.581404325309361369e-01 2.062929393388725496e-01 2.779724847916999475e-01 3.990132541228342822e-01 1.150442918435670581e+05 1.326959943473414460e+05 7.327199794498350821e+04 3.866207088912744803e+04 3.385818495129288563e-01
4.630819169930950330e-01 5.839475543500532995e-01 4.630113145767598137e-01 4.225415452884276890e-01 2.153079690000502533e-01 2.743300669670419856e-01 4.477082372565566182e-01 1.813634703678319638e+05 1.137530359311494831e+05 8.064753490920588956e+04 6.211042795494246093e+04 3.435454488517987737e-01
3.935251558378201064e-01 4.684920188677346164e-01 2.061633538809533317e-01 5.501570050509839716e-01 2.519354776018979392e-01 3.875213697766203835e-01 3.279505872525594889e-01 1.336862875161780103e+05 1.138159154834405344e+05 7.571604379104159307e+04 8.458706010276197048e+04 3.169253711850270605e-01
4.152298916775562510e-01 5.131047455514434752e-01 4.018911664918350946e-01 5.233090135456113234e-01 2.265872497631875870e-01 3.222981875302065036e-01 3.191364927462758683e-01 1.434286271184019279e+05 1.062027173156281933e+05 8.148372182782852906e+04 7.604845377714927599e+04 3.312616278428077154e-01
3.102587004620902533e-01 6.244672700897003770e-01 6.093976951683724996e-01 3.786456471100914656e-01 2.194699866921000775e-01 2.668363160909037468e-01 2.820343843843028386e-01 1.251735263635158044e+05 1.074623525300023903e+05 7.635473106663904036e+04 3.690570387927473348e+04 2.010100924036178072e-01
2.845794465254727346e-01 5.261808021553754378e-01 2.834639632931032494e-01 4.175977799285411907e-01 2.935599148603554309e-01 2.878152722062728985e-01 2.908365233210135625e-01 1.246779455896826112e+05 1.134089258528605860e+05 7.698552969431524980e+04 9.496188135265214078e+04 1.911550178536162992e-01
3.538493122966657745e-01 5.535561196200611267e-01 4.260321446861273231e-01 4.984486733636109834e-01 2.317560272910003938e-01 3.383964523107504396e-01 3.634786257441616764e-01 1.201000102677350369e+05 1.166602470665099827e+05 7.001280237576729269e+04 4.910539979042895720e+04 2.601504898643552943e-01
4.254212308383463204e-01 4.975017302054849933e-01 3.096247478125679908e-01 5.013285017786791586e-01 2.860172922229866077e-01 3.071715655082020713e-01 3.480659439845051883e-01 1.324677514944855939e+05 1.080306783435210818e+05 8.046407695214639534e+04 1.038169002149064909e+05 3.212218021901074305e-01
3.190314494059835471e-01 6.206825705036550511e-01 6.055935054539672846e-01 2.652880668258096319e-01 2.253623333297947451e-01 2.649694594279399795e-01 2.710994800675459171e-01 1.154515861585631064e+05 9.629433984379396134e+04 7.878819560614987859e+04 3.531122457074515114e+04 1.953534499671782110e-01
4.855074181784421739e-01 5.342798246455764399e-01 4.432143156226648339e-01 5.271712560193114738e-01 2.727449915990023954e-01 3.527923577563384927e-01 3.631616728178988507e-01 1.566791372849183972e+05 1.035284891166351881e+05 7.749607257181545720e+04 4.763378157325381471e+04 3.259098688533137445e-01
3.889993567530568574e-01 5.382359242558243384e-01 3.884545984453569023e-01 4.256670933743225693e-01 2.323640569536391809e-01 2.852033973742708062e-01 3.340302859477635722e-01 1.389350498872868775e+05 1.110207740963183896e+05 7.906386918420282018e+04 1.021664124042428448e+05 2.536216592341746234e-01
2.993862723317921581e-01 4.763338926881601765e-01 3.501010378993764660e-01 4.541284102683668666e-01 2.448971642720227104e-01 3.559097842413914692e-01 3.318424875493397042e-01 1.201648839030167146e+05 1.060071387037207751e+05 7.540552664154094236e+04 1.151501072174391738e+05 2.019471465170959157e-01
3.637456488961367529e-01 4.820392932981629741e-01 3.098753162099440739e-01 4.064632438166737582e-01 2.447822376276510836e-01 3.809578788609001565e-01 3.495895468619557578e-01 1.285019754409930902e+05 1.051354582432354364e+05 7.995239393014772213e+04 1.141385411303138681e+05 2.443133742814676268e-01
3.215917190540215631e-01 5.891312850618484198e-01 3.658760917561493936e-02 6.404665452825101246e-01 2.819375949371785151e-01 2.673059808068317111e-01 2.833608690320568169e-01 1.356420798072855687e+05 1.119278989965548390e+05 8.260560440267073864e+04 2.427780969010645640e+05 2.409795691722624866e-01
3.987886597798946386e-01 5.306642639669173489e-01 3.895687970398368782e-01 5.652844600584614465e-01 2.211365917411098614e-01 3.029218236601479708e-01 2.994975336184663717e-01 1.365342240365868784e+05 9.578774967629626917e+04 8.247936097884195624e+04 6.600135473769319651e+04 2.763821720436812623e-01
4.189771899752471884e-01 4.576127160382083559e-01 1.736331082637718737e-01 5.047651012464670073e-01 2.307278758821043885e-01 2.585770305146182779e-01 3.440189879384503713e-01 1.276542717067728518e+05 1.036952845267763914e+05 7.843778826592885889e+04 9.357542180582921719e+04 3.468924189705392402e-01
3.956320862615854694e-01 5.231208308504468052e-01 3.011246682408703079e-01 4.567223509200518117e-01 2.676898506829074043e-01 3.358244013398300476e-01 3.644806645536042833e-01 1.492902843414180679e+05 1.169031798581532930e+05 7.747351746585752699e+04 6.060303247176206060e+04 3.400589329215244483e-01
3.941956762141421433e-01 4.969839518021534897e-01 3.630759084059151376e-01 3.842114280190677689e-01 2.210863054037724429e-01 3.287859402712647316e-01 2.841751431695233032e-01 1.160787678217910434e+05 1.007915670536849211e+05 7.993191536201359122e+04 7.944576095979362435e+04 3.058555664579602484e-01
4.865632889865175725e-01 4.783408588516415705e-01 4.654705096363634942e-01 5.584512573915507705e-01 2.598918689488354250e-01 3.343164650488840706e-01 3.341033953414141444e-01 1.747807548593139218e+05 7.837986227716259600e+04 8.250079451743450772e+04 6.644748948289189138e+04 3.883365419041167055e-01
3.752686603631943951e-01 5.790676570326083183e-01 3.944715913633839999e-01 3.691937119680791524e-01 3.351421496679413692e-01 3.437676964917480427e-01 3.718547192620114128e-01 1.420127849929815857e+05 1.105739121543370129e+05 8.329206398358727165e+04 7.926507739461040183e+04 3.566869860376471468e-01
4.948028271630952601e-01 6.197370536752928594e-01 5.609393074193953499e-01 4.421417730381021483e-01 8.653478898978663736e-01 4.649693571298795791e-01 7.190529781366702400e-01 1.306057128998176631e+05 1.119268216191876854e+05 7.666247294996876735e+04 4.658917421314353123e+04 2.531838340140052934e-01
3.586915502038492964e-01 4.593108327597696938e-01 3.001697021659245346e-01 4.865357289030871057e-01 2.412597688138298502e-01 2.617109959153809395e-01 3.665578658067182860e-01 1.361377795437651512e+05 1.116541666892455687e+05 8.425982673233776586e+04 4.783035632956519112e+04 2.444049330861913505e-01
3.951091487511188549e-01 5.398693515825169209e-01 1.422444451060963788e-01 4.868807761076254792e-01 2.803942336475298558e-01 3.483213168354120093e-01 2.713282936330613793e-01 1.155363909065190383e+05 1.137069211086632713e+05 8.327970189145579934e+04 4.039048625453770364e+04 2.664532558908810356e-01
3.871521400438385219e-01 5.541580306959930091e-01 3.830541693793849123e-01 4.101152479985039068e-01 2.938948601969348373e-01 3.682323567976862333e-01 2.512884773976944985e-01 1.554831520920793700e+05 1.187671410383075709e+05 8.090918707140676270e+04 6.449555628866124607e+04 2.879451506429092089e-01
4.023032807635067987e-01 5.475121530359601252e-01 2.457585246696184222e-01 5.054107769028969299e-01 2.127148067769766837e-01 3.278993993592180245e-01 3.711733592176696406e-01 1.361351493925373943e+05 1.201787430500051705e+05 7.624464474817649170e+04 6.417360447881059372e+04 2.696005539775009341e-01
3.502588225559006285e-01 5.316945210936372401e-01 6.480353394142592816e-01 4.213953491275461150e-01 2.344608223594316365e-01 3.286885471818689064e-01 3.962504513957892938e-01 1.371559439112290856e+05 1.370916988851809583e+05 7.855942255863152968e+04 6.254833426256472012e+04 3.253392397921960888e-01
3.564983983399025447e-01 4.350427804165333812e-01 4.119355153231947231e-01 4.743750635004596594e-01 2.090823712639144072e-01 3.611250417335844509e-01 4.324653396882067735e-01 1.418293508084766800e+05 9.732399843270682322e+04 8.481428772139914508e+04 1.004117392941449070e+05 2.312364080806587896e-01
4.613223987649812674e-01 5.672233529987665834e-01 4.270434965073194311e-01 5.002271099886256289e-01 3.083615358467764467e-01 3.533657377226182006e-01 3.551852255729059382e-01 1.375497990172180289e+05 1.018511913672678056e+05 8.175461910248876666e+04 7.394623803112393944e+04 3.284498420804268237e-01
