1.000000000000000000e+00
5.000000000000000000e+00
1.100000000000000000e+01
1.500000000000000000e+01
3.000000000000000000e+01
3.300000000000000000e+01
3.700000000000000000e+01
3.900000000000000000e+01
4.100000000000000000e+01
4.600000000000000000e+01
5.100000000000000000e+01
5.200000000000000000e+01
5.800000000000000000e+01
6.300000000000000000e+01
6.600000000000000000e+01
7.100000000000000000e+01
7.600000000000000000e+01
7.800000000000000000e+01
7.900000000000000000e+01
8.200000000000000000e+01
8.300000000000000000e+01
8.600000000000000000e+01
8.700000000000000000e+01
8.900000000000000000e+01
9.000000000000000000e+01
9.600000000000000000e+01
9.800000000000000000e+01
9.900000000000000000e+01
1.020000000000000000e+02
1.050000000000000000e+02
1.180000000000000000e+02
1.190000000000000000e+02
1.280000000000000000e+02
1.340000000000000000e+02
1.350000000000000000e+02
1.360000000000000000e+02
1.400000000000000000e+02
1.550000000000000000e+02
1.590000000000000000e+02
1.690000000000000000e+02
1.750000000000000000e+02
1.770000000000000000e+02
1.780000000000000000e+02
1.830000000000000000e+02
1.870000000000000000e+02
1.900000000000000000e+02
1.920000000000000000e+02
2.000000000000000000e+02
2.030000000000000000e+02
2.090000000000000000e+02
2.100000000000000000e+02
2.120000000000000000e+02
2.140000000000000000e+02
2.190000000000000000e+02
2.270000000000000000e+02
2.310000000000000000e+02
2.340000000000000000e+02
2.440000000000000000e+02
2.450000000000000000e+02
2.460000000000000000e+02
2.470000000000000000e+02
2.480000000000000000e+02
2.520000000000000000e+02
2.550000000000000000e+02
