3.108381254045254893e-01 2.217242329603832385e-01 1.568552742870514827e-01 3.188464365412084223e-01 1.882331778263300615e-01 2.385279470242081534e-01 2.936850118478903093e-01 1.344762221577123855e+05 1.304066461950312805e+05 6.666178242602702812e+04 5.134354955081013031e+04 2.593808182394996553e-01
3.157565675276064465e-01 4.280945817849818313e-01 3.006080416011421841e-01 3.710797687938487965e-01 2.799757855412688401e-01 2.807690056402595280e-01 2.933951005094402320e-01 1.624903704184706439e+05 9.321183680594517500e+04 7.562319645073192078e+04 4.834384754892052297e+04 2.669286299247449201e-01
3.111538037585998007e-01 5.981956014602427540e-01 5.414010949427318087e-01 2.880356275435300706e-01 2.467223354884960362e-01 2.395734060681208311e-01 2.597773705945857214e-01 1.218464056762222172e+05 1.070322151374872628e+05 7.462499507002854079e+04 4.642802356521461479e+04 2.151384064909381832e-01
3.026923666285216696e-01 5.285686407102586637e-01 2.410911081465427208e-01 2.487754622099124791e-01 2.522323440846859222e-01 2.462674441109267420e-01 2.671938039320010949e-01 1.403094768932830775e+05 1.211126328431457805e+05 7.579379816008906346e+04 6.688637842877337243e+04 2.294898675221174744e-01
2.299460537381416425e-01 4.901782667515232061e-01 4.665064891286553328e-01 3.130898289612165097e-01 2.591624562002323162e-01 2.725414369564895245e-01 3.861288056302546456e-01 1.337367554614554101e+05 1.084496657739070361e+05 7.753686144420249911e+04 4.016740435526500369e+04 2.735407755870090662e-01
2.939876880414755700e-01 5.755218820399626845e-01 1.668225704778548701e-01 5.883557993137175091e-01 2.401291405103314347e-01 2.126528453693085352e-01 2.746538433186114236e-01 1.542003402213657682e+05 1.387720540689521004e+05 7.282735543477554165e+04 4.489621192386003531e+04 2.386065999367155688e-01
3.177798592131559907e-01 6.009834648912796284e-01 1.647049333506095392e-01 6.298849187362358659e-01 3.082385607816181539e-01 2.514062044657174311e-01 3.105850655437744079e-01 1.338419015348293760e+05 1.273722349493278889e+05 6.827509987802378600e+04 6.171675722970225615e+04 2.653777911294343816e-01
3.026649727345587793e-01 5.946134743093077768e-01 1.758538684269970453e-01 5.976810162076203747e-01 2.378393347295050253e-01 2.476818244217806886e-01 2.698965343053375543e-01 1.141188577715170977e+05 9.987635270544975356e+04 7.495364449553878512e+04 5.058025426123417856e+04 2.353418003877468800e-01
3.086314488845993687e-01 5.991129125958274404e-01 1.684729728100394230e-01 6.420010767552696285e-01 2.959933384174929238e-01 2.482352640617674633e-01 2.887443314542320061e-01 1.320226587294861383e+05 1.163759279445858265e+05 7.437968643822355079e+04 5.400404720365469984e+04 2.485047216589246211e-01
5.352921666470449313e-01 2.297943225207062790e-01 1.440142305829461289e-01 2.203830293368759241e-01 1.939715432576016585e-01 2.364932150995280591e-01 2.643789375007271625e-01 1.132552836185427441e+05 1.004956032529107179e+05 7.389079497178950987e+04 4.262924201945270761e+04 2.331663511677827538e-01
3.161528669371324596e-01 6.011258053520815992e-01 5.450343473088465895e-01 2.913948760957157935e-01 2.472791480649697560e-01 2.534634922783304267e-01 2.596012705661092657e-01 9.673878583869892464e+04 8.163321866219110962e+04 7.768271442591879168e+04 4.984533334672547062e+04 2.138381538395579262e-01
2.996848773807055388e-01 2.518970950980359280e-01 1.514824115111088332e-01 3.213073287644876985e-01 2.133047394382988071e-01 2.609321763830969032e-01 2.918364764948360723e-01 9.113708225898459204e+04 7.588462632395734545e+04 7.882329748233220016e+04 6.026505625316022633e+04 2.530371633674303733e-01
5.481753275064780162e-01 5.890349469095275126e-01 4.814849516637188520e-01 1.264540021023524419e-01 8.357662170326533024e-01 2.640843808793069125e-01 6.955762458149340466e-01 1.136427911228151497e+05 9.684084892719505297e+04 7.809984722130269802e+04 5.815263569015928806e+04 2.540704065259178357e-01
3.038203000365928275e-01 2.399428749713184428e-01 1.429578129982244095e-01 3.198943362261152945e-01 2.114450243528250006e-01 2.523692185443822678e-01 2.852016644120279332e-01 1.280311327987347322e+05 1.125447305131074827e+05 7.459014888059477380e+04 5.597241923008623417e+04 2.512853285681012072e-01
3.372914401900138359e-01 5.118237573039848831e-01 3.720962435441127480e-01 3.557908158057220271e-01 2.672735535155285058e-01 3.241345698681040166e-01 2.804447180109204685e-01 1.427447786122303514e+05 1.061776033307975886e+05 7.588741022089538455e+04 5.363280661859206157e+04 2.479856080669900764e-01
4.175117622276963147e-01 5.689136676931471071e-01 3.608726613402481465e-01 4.103699198898529965e-01 2.669417575700764322e-01 2.397086461844959993e-01 3.315764437109354756e-01 1.053587116717495228e+05 1.085762210609688627e+05 7.356752793342605582e+04 5.414320213837658230e+04 2.346815068324919484e-01
2.982148054238315527e-01 5.948813808178622375e-01 2.303372425036879501e-01 3.597377936057990500e-01 2.410404328347280911e-01 2.372442656080368806e-01 2.808081287367409917e-01 1.355918047991923231e+05 1.201103424366538966e+05 7.407256605580949690e+04 5.038677395464981237e+04 2.445752557757959189e-01
4.120288776098413042e-01 4.578227897470561469e-01 3.282437118227875539e-01 3.829112100037580513e-01 2.307855731399397203e-01 2.484585031144359857e-01 3.549468971171372278e-01 1.253673077236459649e+05 9.957000096569235029e+04 7.949760567019776499e+04 6.453362819396713166e+04 2.648989318199111431e-01
3.779822183398872104e-01 4.380929649042401564e-01 4.757597797119484384e-01 4.397447049043622380e-01 3.119065985223797299e-01 2.398054719664380607e-01 2.450520967315393817e-01 1.208474057692137139e+05 1.313391734664702672e+05 7.417927831214199250e+04 4.766802649895973445e+04 2.300268074608631530e-01
3.287805196663656782e-01 6.191748346843614081e-01 5.760385471356376241e-01 3.339458943856902229e-01 2.910338836759047143e-01 2.405828459570943378e-01 2.850268687404335366e-01 1.225813349336390384e+05 1.077073335164523160e+05 7.463743655676720664e+04 5.720675975745800679e+04 2.290622495981641249e-01
4.059010672941756881e-01 4.174834838081375454e-01 2.628188762415267776e-01 4.289417676465873686e-01 2.690395587809636946e-01 3.051477757305799954e-01 3.155918459651230745e-01 1.326918334479025798e+05 1.039105019800587761e+05 7.630807035924171214e+04 6.820623764760552149e+04 2.371234069320907467e-01
3.871692881660285246e-01 5.730211210038639313e-01 3.899876277047694129e-01 3.770616647759220674e-01 3.992214289324513832e-01 6.920293301572314482e-01 5.325985772713227595e-01 1.395893648827455763e+05 1.218494605348058394e+05 7.430668396920007945e+04 4.528760862590654870e+04 2.794592170836801004e-01
5.452572281993119940e-01 5.832511009968784910e-01 2.759392862695410620e-01 5.159787641436626160e-01 7.296994751510059718e-01 3.233084714263804171e-01 5.818956784540032512e-01 1.243919650195408030e+05 1.093024417034690268e+05 7.478186504808001337e+04 5.680421112612423167e+04 2.480230420023949445e-01
3.559610853873392822e-01 5.349215315765531997e-01 3.557511483624520299e-01 3.565216181193751610e-01 2.640470720244816327e-01 2.390948101652770608e-01 3.705474191713686860e-01 1.247893753054771223e+05 8.995754938521183794e+04 7.856688467480306281e+04 4.296260387223734870e+04 2.628453240302249805e-01
2.664630371083646643e-01 5.409090716484484807e-01 4.842319171272159717e-01 2.276201142808368383e-01 2.006091204151303486e-01 1.952514133553935327e-01 2.316914389467448487e-01 8.142311197037903185e+04 7.646632686991668015e+04 7.039037666230673494e+04 3.392247776105900994e+04 1.917598521236128228e-01
3.078146700261981117e-01 5.793116638004243146e-01 5.245953873984023907e-01 2.938417588658405188e-01 2.300229452069435521e-01 2.106954265627154765e-01 2.687669974942645812e-01 1.533776325542200066e+05 1.367427557178791321e+05 7.351269284226483433e+04 4.397268920406681718e+04 2.244541739754313814e-01
