1.892579730269705884e-01 5.049021085229825623e-01 2.965892545287318605e-01 4.122971249018996254e-01 2.287316017579272276e-01 2.177294206663665799e-01 3.854030279207758536e-01 1.434258645904517616e+05 9.672997172174880689e+04 8.281987888078289689e+04 1.021916731469675724e+05 3.251185412239533390e-01
3.108381254045254893e-01 2.217242329603832385e-01 1.568552742870514827e-01 3.188464365412084223e-01 1.882331778263300615e-01 2.385279470242081534e-01 2.936850118478903093e-01 1.344762221577123855e+05 1.304066461950312805e+05 6.666178242602702812e+04 5.134354955081013031e+04 2.593808182394996553e-01
3.963254492115420580e-01 4.481464988465185817e-01 2.650252262135703862e-01 4.315880538087439322e-01 3.223252224381172870e-01 2.770505550600096956e-01 3.613286846495890603e-01 1.384238629178644333e+05 1.210179773638899205e+05 8.047867504809738602e+04 6.506871419530850835e+04 2.764929284924266817e-01
3.157565675276064465e-01 4.280945817849818313e-01 3.006080416011421841e-01 3.710797687938487965e-01 2.799757855412688401e-01 2.807690056402595280e-01 2.933951005094402320e-01 1.624903704184706439e+05 9.321183680594517500e+04 7.562319645073192078e+04 4.834384754892052297e+04 2.669286299247449201e-01
3.453157418802532685e-01 4.774439648891107280e-01 2.934437965248857805e-01 3.502625603096746754e-01 2.578583776943343397e-01 2.820563240573830677e-01 3.374213656623692437e-01 1.036697888227796357e+05 9.415721373845165363e+04 7.154266088094300358e+04 1.343688836551416316e+05 2.759544558954312166e-01
4.166140675606670452e-01 2.463822269724651182e-01 1.554603318753805807e-01 2.298737586592061177e-01 1.883950885784618501e-01 2.294455816658935166e-01 3.067866044453348984e-01 7.053669199551775819e+04 6.371256654340082605e+04 7.264540320226497715e+04 3.645187340386054711e+04 2.310615039093690259e-01
5.374628001927974630e-01 2.632753579379466524e-01 2.811326091121186810e-01 3.560143067369810899e-01 2.770348985228139327e-01 3.065478592513052325e-01 3.683032403071415106e-01 9.219222613086197816e+04 7.835324997165518289e+04 7.729251543675508583e+04 1.201108773124380386e+05 6.016336964659781961e-01
6.709292079298946332e-01 3.901837617029126348e-01 3.582039173203642179e-01 -1.613507554373016725e-02 3.433698341565977197e-01 3.739843118831147062e-01 5.976229705899215316e-01 9.194740710926966858e+04 6.067997829754210397e+04 1.019612268443183275e+05 1.302429683842219383e+05 3.551280486568840766e-01
6.469364756527621330e-01 4.592810981489665045e-01 3.306209206223037489e-01 4.560774451408328711e-01 3.774898289383393779e-01 4.328714243752274649e-01 5.050740352567074654e-01 2.141282560794740275e+05 1.535568793781378190e+05 9.156066269237869710e+04 2.086035549239934480e+05 5.125030911244319309e-01
5.673932794231208998e-01 3.614672598359475741e-01 2.556986904122497406e-01 4.151231358673414529e-01 3.153379449354923869e-01 4.100254648536245106e-01 4.991037443622970415e-01 1.282832150352853205e+05 9.398470405714707158e+04 8.944344441772931896e+04 1.772260313710440823e+05 3.932644499392430326e-01
3.985574852837837079e-01 6.883479206790967808e-01 6.019755833499178532e-01 3.701223998523919256e-01 3.204172871579298310e-01 2.493194455442363788e-01 3.318216418703406889e-01 1.300356059010554309e+05 8.711111677148607851e+04 9.585154737178130017e+04 6.580172285623267817e+04 2.499786793287764874e-01
3.400439702978306222e-01 5.485817113774890119e-01 2.799536699238315274e-01 3.886591040411087605e-01 2.362712056660591364e-01 2.172795220714952569e-01 2.652828034012655878e-01 1.050155048733136646e+05 9.118977494614239549e+04 7.526884105937766435e+04 5.347015448350985389e+04 4.191733394834999404e-01
5.306931370101378720e-01 4.225493741653207347e-01 3.072048895940056035e-01 3.895029034260702461e-01 3.045754955540503350e-01 3.514029246551170771e-01 4.023276025304795001e-01 7.154662620343285380e+04 4.962776862924482703e+04 9.490801454225672933e+04 1.338069461915974098e+05 5.075868302211178351e-01
4.617592715349725374e-01 7.147590895013239409e-01 8.252820522706290352e-02 2.886711559423338347e-01 2.389497157399916027e-01 2.224497945915498709e-01 3.071240038238799985e-01 1.204038714823009650e+05 1.033797643660783651e+05 7.334168910464677901e+04 4.331450563785959821e+04 4.386669751744514678e-01
3.779761545593938177e-01 4.680929723481330185e-01 2.723837622221185750e-01 5.362719021095014860e-01 2.525097974288530445e-01 2.691449466003660862e-01 3.665603281562803684e-01 1.116786461925530602e+05 1.016335743130329938e+05 7.964526629494324152e+04 8.920052460151170089e+04 2.884361937909314944e-01
4.792910447128642115e-01 5.280951912142785032e-01 2.886231486095133802e-01 4.663371180326475463e-01 2.360961051458516646e-01 2.973988352992857909e-01 3.729015465351963599e-01 1.347858271641842730e+05 1.232637660882891505e+05 7.842039859152397548e+04 7.727568157586487359e+04 2.903755926813864074e-01
2.848755221071986310e-01 5.810351216809555019e-01 3.502116606295730405e-01 4.269701286366168191e-01 3.390663202205778659e-01 2.773579377107518451e-01 2.859335309963428884e-01 1.251751046306761127e+05 9.774759672380426491e+04 8.255456691360202967e+04 9.505169024912641908e+04 2.580548216924271610e-01
5.539581304307216181e-01 5.143167098211166577e-01 3.812834769030803428e-01 4.662752004361919167e-01 3.491572911692731873e-01 3.913138715926938738e-01 4.451153029226166957e-01 1.698243610739730939e+05 1.062329990191292891e+05 1.049115652681428764e+05 1.907510893741419131e+05 5.772517366115208493e-01
3.824188740873518122e-01 6.069757098290557984e-01 5.544055697963310436e-01 3.707039938435955362e-01 3.066425456575089803e-01 3.150514002665401603e-01 3.327809143869198127e-01 1.779055221461908659e+05 1.343728919781738950e+05 8.567990976145771856e+04 1.119547419485244754e+05 2.938752428544193496e-01
5.232292008546677309e-01 4.240945766714865894e-01 1.669822351904254876e-01 3.673353934712195734e-01 2.815551203328284235e-01 2.853161324790830511e-01 3.516067453237441409e-01 1.333430878187705239e+05 9.408648218634074146e+04 8.046646576248363999e+04 9.188973599807414575e+04 2.540009356476919944e-01
3.111538037585998007e-01 5.981956014602427540e-01 5.414010949427318087e-01 2.880356275435300706e-01 2.467223354884960362e-01 2.395734060681208311e-01 2.597773705945857214e-01 1.218464056762222172e+05 1.070322151374872628e+05 7.462499507002854079e+04 4.642802356521461479e+04 2.151384064909381832e-01
4.343415857789019174e-01 3.402614647108250789e-01 3.252092916362347985e-01 3.223061266785366419e-01 2.941002716100748482e-01 2.859882273258446128e-01 3.411405425139255043e-01 1.412728119622431695e+05 1.030780149548366317e+05 7.691528813347035612e+04 1.084845175738208054e+05 4.112294376291993903e-01
5.508519780611831340e-01 3.681483699692358336e-01 2.947630358788028149e-01 4.632530578283978184e-01 3.668380576065564669e-01 5.070622355524827540e-01 4.892653932560705465e-01 1.446568103633951396e+05 1.135951838622685318e+05 8.319911639432409720e+04 1.711341526810709038e+05 4.961509257354214109e-01
9.645961985992355103e-01 1.908007926715112046e-02 1.917661767525345728e-01 9.288663267293735259e-01 -4.000934166886666032e-01 4.211460830058360028e-01 7.046998790641798571e-01 2.339345972113600001e+05 1.798597718078611651e+05 8.463450942988879979e+04 1.751093835967717459e+05 4.660829267053121505e-01
2.646752175887422398e-01 2.191653269261763237e-01 1.263362349548179664e-01 3.066538143925226501e-01 1.548511843624595097e-01 2.318170031360280992e-01 2.816300558889687777e-01 1.001798997294587898e+05 8.912619189497502521e+04 7.418043061776734248e+04 6.953296248502281378e+04 4.392720212037012351e-01
3.585163306788872739e-01 4.243015985335014117e-01 2.439897236834624727e-01 3.774822292735918738e-01 2.840529332062766144e-01 2.538355293005297719e-01 2.724720185622759305e-01 1.210577012045088923e+05 1.102428769576911000e+05 7.950464648750057677e+04 8.319968141760546132e+04 3.004869099194180104e-01
2.292526792503009891e-01 2.831103121411278623e-01 1.757354820520696526e-01 3.304654565990613468e-01 2.177644303268008175e-01 2.381956506154494224e-01 1.836734204424250172e-01 2.502327903378542105e+05 2.388067912233835086e+05 6.782042176179117814e+04 2.435389979325096065e+05 2.025601464258103279e-01
3.026923666285216696e-01 5.285686407102586637e-01 2.410911081465427208e-01 2.487754622099124791e-01 2.522323440846859222e-01 2.462674441109267420e-01 2.671938039320010949e-01 1.403094768932830775e+05 1.211126328431457805e+05 7.579379816008906346e+04 6.688637842877337243e+04 2.294898675221174744e-01
9.821668724935845862e-01 1.223111601091169121e-01 -1.853968028716393782e-02 7.284458584986985841e-01 -5.060554338845402872e-02 4.313013443758682564e-01 5.538253406281175018e-01 1.617714937069913431e+05 1.136601687320505443e+05 9.360429048305063043e+04 1.926926068039128440e+05 4.491161435842002669e-01
2.458853923658048113e-01 3.938690447688172336e-01 1.924995679584467767e-01 3.826595548717204309e-01 1.970705874541054115e-01 2.630329892127803992e-01 2.916804261778519480e-01 7.570734595780220116e+04 6.418028440721536754e+04 8.070685720242574462e+04 1.047558095835277927e+05 5.991627869572606624e-01
3.588186519579333322e-01 5.331065559439170931e-01 2.599866726947624440e-01 4.969481991941681609e-01 2.606146864771011207e-01 2.549585220055800572e-01 2.339262781370744781e-01 1.091450700968434685e+05 7.904656312310091744e+04 7.697257422847789712e+04 8.356931320094532566e+04 3.345147865272454779e-01
2.331444705099621484e-01 2.234519856037485708e-01 1.319235501278492040e-01 2.080254480039922249e-01 1.567449265071353959e-01 1.865554194205122918e-01 2.286039463026759144e-01 7.464007467492332216e+04 6.769670283366293006e+04 7.239624184264773794e+04 2.936606269234094725e+04 1.866884648083254883e-01
2.299460537381416425e-01 4.901782667515232061e-01 4.665064891286553328e-01 3.130898289612165097e-01 2.591624562002323162e-01 2.725414369564895245e-01 3.861288056302546456e-01 1.337367554614554101e+05 1.084496657739070361e+05 7.753686144420249911e+04 4.016740435526500369e+04 2.735407755870090662e-01
2.939876880414755700e-01 5.755218820399626845e-01 1.668225704778548701e-01 5.883557993137175091e-01 2.401291405103314347e-01 2.126528453693085352e-01 2.746538433186114236e-01 1.542003402213657682e+05 1.387720540689521004e+05 7.282735543477554165e+04 4.489621192386003531e+04 2.386065999367155688e-01
5.627010432379817573e-01 3.599819231158201682e-01 2.793401625167271085e-01 4.255082472567242591e-01 3.157366399925171097e-01 4.114822167388582086e-01 4.949251995194781095e-01 8.768754407615720993e+04 6.029063170526480098e+04 9.566145332660667191e+04 1.993465763826726761e+05 4.001645033347288050e-01
4.313912250150766514e-01 5.175807559965200921e-01 2.996505108966930342e-01 3.656138556174060583e-01 2.340780551727265624e-01 2.601446270742171496e-01 3.436737251571366225e-01 1.337225802913655061e+05 9.274468997066229349e+04 7.853925529425556306e+04 1.054853058748617914e+05 1.900512454806923546e-01
3.255368350252314524e-01 5.786704105171381896e-01 3.745806074745482994e-01 4.450812717136606866e-01 2.891214493080675463e-01 5.408364194215764531e-01 3.361364202561298864e-01 1.120231490522020176e+05 9.854944012567499885e+04 7.481990426793796360e+04 4.931068435970363498e+04 2.962006956932927704e-01
2.833821738678817259e-01 5.565936662003320157e-01 3.928208945259612506e-01 4.237438449293287057e-01 2.219915227028990135e-01 2.925101420801603513e-01 3.037466030033481035e-01 1.275978800515920302e+05 1.108482496522314032e+05 7.689825822886203241e+04 6.731854002353752730e+04 2.950274883424162109e-01
3.669660258220395210e-01 5.290520196934839214e-01 3.199133227376640409e-01 3.588271279255912383e-01 3.188866011667182421e-01 2.886973981879456530e-01 3.238063205887724005e-01 1.308370572207897785e+05 1.041923346025490173e+05 7.925096434111398412e+04 8.321212297271004354e+04 3.314357124946544775e-01
3.355122975711992694e-01 4.077062738737990966e-01 2.817359949104903394e-01 3.863514782384007695e-01 3.018901991671090190e-01 2.833079669887449414e-01 3.121552774258639085e-01 1.330941213275332120e+05 1.105410695722098899e+05 7.338897882402791583e+04 9.007178205934292055e+04 3.085882935244929626e-01
3.177798592131559907e-01 6.009834648912796284e-01 1.647049333506095392e-01 6.298849187362358659e-01 3.082385607816181539e-01 2.514062044657174311e-01 3.105850655437744079e-01 1.338419015348293760e+05 1.273722349493278889e+05 6.827509987802378600e+04 6.171675722970225615e+04 2.653777911294343816e-01
5.089889512646276204e-01 4.931945414983404663e-01 2.587135748912467448e-01 5.211282893010921180e-01 2.679520355381690977e-01 3.788520184202989194e-01 3.556488537401080174e-01 1.148477361598187999e+05 1.266532034639254416e+05 7.543224139401321008e+04 1.114524143491494469e+05 3.566422213752992731e-01
5.606552140951441832e-01 3.526669714589999449e-01 2.622720522847332147e-01 4.140786672127768631e-01 3.140403761334537580e-01 3.943020568109975033e-01 5.020333899754106932e-01 1.614500557856955857e+05 1.251099297074345814e+05 8.461330160489081754e+04 1.662004321650115016e+05 3.875609112717089966e-01
3.695366332078298122e-01 4.276841718249881352e-01 4.660122386861771382e-01 3.732209947163155905e-01 2.765205725311457585e-01 3.022820934830063866e-01 3.438784093956367416e-01 1.210339527972233627e+05 9.800474449047946837e+04 6.958390629479695053e+04 8.621139189051663561e+04 2.311421835641536415e-01
2.700001679602443416e-01 5.151431788083582486e-01 5.281935335774127216e-01 2.656607375262119430e-01 2.204908824582895166e-01 1.966020402442988646e-01 2.437920416717529182e-01 8.434660214789769088e+04 7.516740880993362225e+04 7.367506541910600208e+04 6.630201560814576806e+04 5.726856179305851446e-01
4.392615931798899975e-01 5.336019906192137618e-01 2.691597936156491233e-01 4.335042003552810885e-01 2.655383993304926693e-01 3.261217503424344022e-01 2.830753886646542039e-01 1.269971384950694192e+05 1.276288343557886983e+05 7.843857455392829434e+04 3.702775898952088028e+04 3.169346814605621399e-01
3.699462670332410164e-01 4.995137467273918497e-01 3.450323752039243796e-01 5.046162525517982056e-01 3.006521702321871548e-01 2.597783847315380812e-01 3.263227950815599798e-01 9.677468346696169465e+04 1.053435286075131444e+05 7.725018012132751755e+04 9.582380712695611874e+04 2.852001245570800481e-01
3.783330363481436920e-01 5.017107500440889378e-01 3.624176475170367007e-01 4.377006617523830356e-01 2.720435154727108285e-01 3.219431058578625660e-01 3.527483107087973635e-01 1.329296726384835201e+05 1.072425578793144959e+05 7.829327699179612682e+04 8.299700203668819449e+04 2.862244144344716079e-01
3.845822064239632909e-01 5.377794623272557084e-01 3.286045489609432657e-01 3.239271116312630872e-01 2.604553811333579216e-01 2.892199639409681056e-01 2.841794718519175533e-01 1.453361835355639341e+05 1.150400812651034503e+05 7.776858460647963511e+04 6.081514729262665060e+04 3.335269268809913368e-01
1.157583158209590513e-01 3.547215099943962779e-01 3.329687286099985988e-01 3.470130159387578850e-01 2.651617447257512139e-01 1.057183724565123883e-01 1.633635384296842352e-01 5.775836477212554746e+04 4.060965611571467889e+04 9.172580893871381704e+04 1.623459905405624304e+05 1.439769082293943514e-01
3.026649727345587793e-01 5.946134743093077768e-01 1.758538684269970453e-01 5.976810162076203747e-01 2.378393347295050253e-01 2.476818244217806886e-01 2.698965343053375543e-01 1.141188577715170977e+05 9.987635270544975356e+04 7.495364449553878512e+04 5.058025426123417856e+04 2.353418003877468800e-01
5.243086389185463991e-01 3.638793153186357099e-01 2.342361627185559902e-01 3.459586720967656737e-01 2.916711241131562660e-01 3.635367409656004023e-01 4.096031783363872081e-01 1.180328454560135433e+05 9.891735688157986442e+04 7.823678337125194957e+04 9.308812759910617024e+04 2.934146701494876885e-01
3.086314488845993687e-01 5.991129125958274404e-01 1.684729728100394230e-01 6.420010767552696285e-01 2.959933384174929238e-01 2.482352640617674633e-01 2.887443314542320061e-01 1.320226587294861383e+05 1.163759279445858265e+05 7.437968643822355079e+04 5.400404720365469984e+04 2.485047216589246211e-01
1.889772383059423744e-01 1.357412179043819833e-01 1.244178674244657695e-01 1.871828800183853447e-01 1.547495692313551330e-01 5.679019023771932906e-01 1.966433107912147205e-01 5.719141516368095472e+04 5.414239997987796232e+04 6.989012342649117636e+04 2.210272138676777831e+05 3.234684645257761559e-01
5.677587675360449282e-01 3.748751613295238649e-01 2.653707193975556877e-01 4.136653892846349212e-01 3.079422097024160920e-01 4.074249281757602037e-01 4.279830918573659937e-01 1.624117410728654067e+05 1.250519683309207321e+05 8.628952476569516875e+04 1.494502652173158131e+05 3.997684131593461365e-01
3.329317223568598050e-01 5.140846877593631126e-01 3.416808022441473747e-01 3.810552675988652105e-01 2.755970713406177275e-01 2.578612810278317902e-01 4.120838519182530302e-01 1.291668961982158944e+05 1.122477502305453236e+05 7.885936299488694931e+04 8.029759178024153516e+04 3.688667795806587213e-01
4.133798328347472739e-01 4.765181728722989729e-01 2.893187649988321897e-01 3.625270647122136314e-01 2.763656703090843769e-01 1.977110732260277670e-01 2.847532854282890935e-01 9.536853151206758048e+04 1.115559830455816409e+05 7.611735605683844187e+04 6.131208236810438393e+04 3.443618356854796780e-01
2.835811219728791022e-01 4.199791335965934458e-01 2.567122891624137870e-01 3.319255208707631022e-01 2.599495430777400418e-01 2.142277858733975249e-01 2.467289813922397823e-01 1.225949211849444400e+05 1.177809645368191996e+05 7.495517092615214642e+04 6.729232001376924745e+04 3.679725719809304740e-01
5.352921666470449313e-01 2.297943225207062790e-01 1.440142305829461289e-01 2.203830293368759241e-01 1.939715432576016585e-01 2.364932150995280591e-01 2.643789375007271625e-01 1.132552836185427441e+05 1.004956032529107179e+05 7.389079497178950987e+04 4.262924201945270761e+04 2.331663511677827538e-01
3.152709364162999961e-01 5.800149351381665985e-01 3.037922002800306220e-01 4.660433404621474596e-01 2.368209310909352439e-01 3.098921352198970025e-01 3.902843828511866620e-01 1.257013835304807872e+05 1.047467222702462022e+05 7.627405168510966178e+04 5.800234912720675493e+04 4.761609507686798692e-01
3.505054978016043932e-01 4.888804881008886882e-01 3.367651838985690205e-01 4.050607552379899001e-01 3.151132868974148016e-01 2.046880321542476622e-01 3.688862879898910374e-01 1.112244839266966883e+05 1.093337204821124615e+05 7.286940918699494796e+04 1.370684278810415708e+05 3.487655886316533560e-01
3.096532303819750642e-01 5.790628342715196109e-01 5.402597030307492165e-01 2.834968239922959210e-01 2.393100181290028772e-01 2.122832421023808647e-01 2.451580183362947474e-01 6.308422934963714215e+04 5.371135129980787315e+04 7.690647579682467040e+04 4.040300432586446550e+04 3.680393580785761842e-01
3.609183908865503665e-01 5.512595978098269178e-01 3.133004737742128842e-01 4.812456719498475755e-01 2.142003227511825592e-01 2.768998703265467265e-01 2.928211203998520307e-01 1.391560548938592838e+05 1.165099228003619646e+05 8.187900483544377494e+04 1.449620165681043873e+05 3.452487434255205323e-01
3.915135061570504948e-01 4.424111374035517019e-01 2.962637924587271376e-01 3.931209529229377497e-01 2.960345865086456696e-01 3.082351266297665426e-01 2.781488866310192765e-01 1.125149359705199167e+05 1.007924090744178975e+05 7.323154803945764434e+04 7.101495359381905291e+04 2.606767418541857673e-01
4.522641958759875402e-01 4.415579994242700423e-01 2.618969199010081073e-01 3.992149593645828998e-01 2.138625765800897249e-01 2.934474785108646122e-01 3.142067840851079930e-01 1.197336629972250958e+05 1.071234440046467207e+05 7.304490035090289894e+04 7.891629725439161120e+04 2.831686475365983724e-01
4.667985166107775363e-01 5.745288351594176612e-01 3.697007253881685052e-01 4.709532844878151492e-01 2.674916251008203627e-01 2.644147908357737942e-01 3.668683579913147863e-01 1.159872441823351546e+05 1.138132727842968307e+05 8.383974286424509773e+04 6.685697478936178959e+04 3.531755495013878532e-01
3.158155979285913184e-01 4.690457965231095150e-01 2.432406036751630640e-01 4.105667368984136645e-01 3.304266753823917879e-01 3.356890892216242706e-01 4.270271403550525147e-01 1.101525331663742109e+05 1.094061110895947058e+05 7.782963994602477760e+04 1.196534868670186406e+05 3.363453463952345013e-01
4.075910829840602712e-01 5.345873081107836988e-01 4.349363648434297347e-01 3.674768446455000670e-01 2.580187026256167693e-01 3.122451414011410131e-01 2.850835833811933284e-01 1.314229741518563533e+05 1.053991849435180920e+05 8.472014946225546009e+04 5.282051955395102414e+04 3.613267411376424043e-01
2.936541163322165526e-01 5.877696728893690992e-01 2.242721188981348923e-01 4.233974410840872227e-01 2.488403081622725666e-01 2.524660369265799842e-01 2.839495430116675823e-01 8.465534973189825541e+04 6.863750261783995666e+04 8.168394029016730201e+04 5.465025135017643333e+04 2.488063611428676103e-01
6.481448732832855164e-01 4.717402092998944640e-01 3.677882694344019598e-01 4.671262699030896415e-01 3.833044483683595849e-01 4.346585904681471990e-01 5.091455405843783311e-01 2.615714427830519271e+05 2.149636268389275356e+05 8.030432093783318123e+04 2.252178374629076861e+05 5.317933480270855551e-01
9.517333922081712139e-01 -3.249588377507238723e-01 7.340932955503807200e-01 9.578844322936879152e-01 -3.992984200638025616e-01 3.338019159496936061e-01 7.474172303021872077e-01 9.776521558726565854e+04 7.094540139976284991e+04 9.354872644853818929e+04 1.889286413569550496e+05 4.461496812262720213e-01
4.486520697272806113e-01 4.842382279294328296e-01 4.156417628550814203e-01 5.297628326324186343e-01 2.758321395276413512e-01 2.753790433577020247e-01 2.653164403123523529e-01 1.022588068957993819e+05 1.210179497357119253e+05 7.440551468017535808e+04 1.115948512865766097e+05 3.491215837370882924e-01
6.660935790136852663e-01 3.663814497805339965e-01 2.599635547980999051e-01 4.013825168088884787e-01 3.186473993568675334e-01 4.317451455044978292e-01 4.970459223964360240e-01 1.131321998199790396e+05 7.917644928909836744e+04 9.336838525004549592e+04 1.742680059106923873e+05 4.469695753240277014e-01
6.748644839455552047e-01 2.973110618970825070e-01 3.866418262051742327e-01 6.924790258673090004e-03 2.652252791916760999e-01 2.947433830624036633e-01 6.096757085641449914e-01 1.194801216874413221e+05 1.052542839605228364e+05 7.498617325264832471e+04 1.362695593820524518e+05 3.821750437697919445e-01
3.949987388173393232e-01 3.871597173543029347e-01 2.780889652639795262e-01 4.192297646416056067e-01 2.997820628160399181e-01 3.842490620163003801e-01 3.898080992414217905e-01 1.237569340768895636e+05 9.404140487977620796e+04 8.673391942855555681e+04 1.238488075681653281e+05 3.667334400793639260e-01
4.166662645001459886e-01 4.402420088423242839e-01 3.020862936301682566e-01 4.199442772371371757e-01 2.629848625507337778e-01 1.797615087446684246e-01 3.401162602096846621e-01 1.342020297755487263e+05 1.090271170014451200e+05 7.755196806505063432e+04 7.798870703025387775e+04 3.529987879614689961e-01
4.680577223629469596e-01 4.768602115571599631e-01 3.773730563303036023e-01 4.768599485089445866e-01 2.050996360952924980e-01 2.470250381893940306e-01 2.483666693616625176e-01 1.271672990140222537e+05 9.571233890655143477e+04 8.036089365732845908e+04 7.563233673988304508e+04 2.595536404949606024e-01
4.398173616897501637e-01 5.458932942426365509e-01 3.622643608623181688e-01 3.976818033734745850e-01 3.152047672215870233e-01 2.797136961541958899e-01 3.205377312197421613e-01 1.249633322402151534e+05 1.177650556564807484e+05 8.121116682936693542e+04 6.475567289007094951e+04 2.970428533452557640e-01
3.161528669371324596e-01 6.011258053520815992e-01 5.450343473088465895e-01 2.913948760957157935e-01 2.472791480649697560e-01 2.534634922783304267e-01 2.596012705661092657e-01 9.673878583869892464e+04 8.163321866219110962e+04 7.768271442591879168e+04 4.984533334672547062e+04 2.138381538395579262e-01
4.173647972532864014e-01 5.784639187853403142e-01 2.668116760230312967e-01 3.785424567096868920e-01 2.197383099757749259e-01 3.232879816604385392e-01 3.284532617878870298e-01 1.238258594345969759e+05 1.141990324556665873e+05 8.143496579375806323e+04 7.969372713080016547e+04 3.761187472626818518e-01
4.364298505100117631e-01 5.074669793163589793e-01 2.965834812381158980e-01 3.928983964042667698e-01 2.633049734993522240e-01 2.878062984379223255e-01 3.501473291196740556e-01 1.318559544561546063e+05 9.482202937285081134e+04 7.853461878137584426e+04 7.051289225309448375e+04 2.545106776354264522e-01
4.317128707401400312e-01 4.150514710986967781e-01 5.206633975826366889e-01 3.609699508977166627e-01 2.615021402107379211e-01 2.632221361145690164e-01 4.166158394260046638e-01 1.520805153832341311e+05 1.050526276666034537e+05 7.926300696313910885e+04 5.979456913544353301e+04 3.046392248692558757e-01
2.996848773807055388e-01 2.518970950980359280e-01 1.514824115111088332e-01 3.213073287644876985e-01 2.133047394382988071e-01 2.609321763830969032e-01 2.918364764948360723e-01 9.113708225898459204e+04 7.588462632395734545e+04 7.882329748233220016e+04 6.026505625316022633e+04 2.530371633674303733e-01
3.630475389992817714e-01 5.453943534769668533e-01 3.568978332792284713e-01 4.469687230905483033e-01 3.349510512498723447e-01 3.209625623857767507e-01 2.972552708856404657e-01 1.403792221848497284e+05 1.145048496319381957e+05 8.006525954273693787e+04 1.072687958293388874e+04 2.645461653976595162e-01
2.893343626357928744e-01 4.595206886713005257e-01 3.187910960255627146e-01 3.336011861208318940e-01 2.645285972468730540e-01 1.989479259225870045e-01 3.209757916424273994e-01 1.413621608152535628e+05 8.917004740445913922e+04 7.920101546984606830e+04 7.624174775038819644e+04 2.674844554560763532e-01
3.510649850940170125e-01 4.870714429993218131e-01 2.465355502311900038e-01 4.339879379201518894e-01 2.362614653125030550e-01 2.791934595917462958e-01 2.847755995543785890e-01 1.241002139275888476e+05 1.065002743876787135e+05 8.214245046581396309e+04 5.879502371603772917e+04 3.141102761878695748e-01
3.956290842593835344e-01 6.304959100095648417e-01 1.733225528846894445e-02 6.151928142913858366e-01 3.255675873945256815e-01 8.124275871183663789e-01 3.344416592354721995e-01 1.552633080148083682e+05 1.009730493261626689e+05 1.000025872746875830e+05 6.889374165681890736e+04 3.488793592193140114e-01
4.321058063819273598e-01 5.312772567221868414e-01 2.404025554649825147e-01 3.715457755013944485e-01 2.603683835862340423e-01 3.116932296819216464e-01 3.722463249460904455e-01 1.215890360845405812e+05 8.702082270526039065e+04 7.544189913942344720e+04 1.078329392631689261e+05 2.981254460337177670e-01
3.945575864035202329e-01 4.889287730970346968e-01 3.700435022798487239e-01 4.658639295452697282e-01 2.668454359891079819e-01 3.027681381817740047e-01 3.865268183806873092e-01 1.319024237449744251e+05 9.515443326540158887e+04 7.680112524422659772e+04 1.106396754747462255e+05 2.889021621210848267e-01
5.481753275064780162e-01 5.890349469095275126e-01 4.814849516637188520e-01 1.264540021023524419e-01 8.357662170326533024e-01 2.640843808793069125e-01 6.955762458149340466e-01 1.136427911228151497e+05 9.684084892719505297e+04 7.809984722130269802e+04 5.815263569015928806e+04 2.540704065259178357e-01
3.371972169647778905e-01 5.271303083693728020e-01 5.077662239412594758e-01 3.295263528373480466e-01 2.521663339883299937e-01 3.138527587676619990e-01 2.209952055978158802e-01 1.237523336442359141e+05 1.168049236402771639e+05 7.504845651183852169e+04 7.085801001961377915e+04 3.464323282837726281e-01
3.469905271846466244e-01 5.619201689411295053e-01 3.144076019994190840e-01 3.568217800286692665e-01 2.971238060341736542e-01 2.515281138640717007e-01 3.277776483192416657e-01 1.296612816588550195e+05 9.664633593413788185e+04 8.059663087308188551e+04 9.482827498164730787e+04 3.233750905832064593e-01
3.689152249940174655e-01 4.025127471702786841e-01 1.819628561292177815e-01 3.219534507514215105e-01 2.388602218736823601e-01 2.375844363002416471e-01 2.777727375189832371e-01 1.024196585394128779e+05 9.201998716464352037e+04 8.168293563768900640e+04 1.106547388768626261e+05 5.118384211169151321e-01
3.529116333618129153e-01 3.937940191555188152e-01 3.664726448170008144e-01 3.581176591782539997e-01 2.308169583805279867e-01 2.183951340586288425e-01 2.990262479073383384e-01 9.972419232632340572e+04 9.156669568471284583e+04 8.072849386855802732e+04 5.137532044888513337e+04 3.688313298735124701e-01
3.217676385683553297e-01 4.219738548584938687e-01 3.381437671060864014e-01 3.440548045919846754e-01 2.266079576358998315e-01 3.084197525280637509e-01 3.461063336365463594e-01 1.365507745819152042e+05 9.077099001564412902e+04 8.220435890182069852e+04 8.083600742789007199e+04 3.076905692179541241e-01
6.872527146697323674e-01 3.655886652438781192e-01 2.453533302489911694e-01 3.990662187421596951e-01 3.301010195221829036e-01 4.148383295449489250e-01 4.893322428340078356e-01 1.431987954627149738e+05 1.098615368556790927e+05 8.555481072511858656e+04 1.409799601435818477e+05 3.919229816210895723e-01
4.578307781569448398e-01 5.029125749560986458e-01 3.624625399406914972e-01 3.956935958836694245e-01 2.831713898768192794e-01 2.663058770522983010e-01 2.997349467338984996e-01 1.079867346647073282e+05 1.237894830960764666e+05 7.967849716070889554e+04 8.530938506756669085e+04 2.749853639221780943e-01
4.217598961508748912e-01 8.505428955041179073e-02 9.023607624595754440e-02 5.407081973246558038e-01 4.113590031665184665e-01 1.807520865634490992e-01 4.324409335620001960e-01 3.733568247701063956e+04 3.926059138099236588e+04 6.485036691713442269e+04 2.103985847473606700e+05 3.165944981149792503e-01
3.345073835233731141e-01 6.116521825659092526e-01 2.852046895316584507e-01 3.115338687227249270e-01 2.402826479330880949e-01 2.800272375778388723e-01 3.626027617598232000e-01 1.353973518434361613e+05 1.123616063053853286e+05 8.081074879760826298e+04 6.217508342447810719e+04 2.625410927036223030e-01
4.670220958082261231e-01 4.616992722491622958e-01 3.114979386059242850e-01 4.416327372678235941e-01 2.142708965503142271e-01 2.962508569103103340e-01 3.925512353373528107e-01 1.276244862290368765e+05 1.031976581050352979e+05 8.035892306565225590e+04 4.401078609085604694e+04 2.500785844012090031e-01
5.450017404585796310e-01 4.379694108761940097e-01 2.938778954323163495e-01 4.592765771341270065e-01 3.849398116990462304e-01 4.138943643832437291e-01 5.487416866151226813e-01 1.350193244763345865e+05 9.890966394942085026e+04 8.971962106451518775e+04 1.911977891929925245e+05 4.068201717596181544e-01
4.559218741862244295e-01 3.236924936117246965e-01 3.441519673324696660e-01 5.443305726893921115e-01 4.050192643642557822e-01 5.284779312455074596e-01 4.978092441986349814e-01 9.400279062604445789e+04 6.183879089895866491e+04 9.215429157573707926e+04 2.141524552240135381e+05 4.506849808380329336e-01
4.558953367737442752e-01 5.900578766074439097e-01 3.428818159727095582e-01 3.801162291115706693e-01 3.029901209143207597e-01 3.462803704673764749e-01 2.137452738161092214e-01 1.771378337158468785e+05 1.050081758883947332e+05 8.322859523707267363e+04 7.951871235081210034e+04 3.276327350037436248e-01
4.220635109483469316e-01 5.439794705222693594e-01 2.609559063427570047e-01 3.830133257429957361e-01 2.396166923959998085e-01 2.335353104662430956e-01 2.661863070380107721e-01 1.295951591024393274e+05 8.000809231714633643e+04 7.933074319426307920e+04 8.843184025594007107e+04 3.269621554411519249e-01
3.674143800423308459e-01 4.491744154938756006e-01 3.636464279351829809e-01 4.583859007936573193e-01 2.888393560606993815e-01 2.921133265489693209e-01 3.544584895720419571e-01 1.152407809216140886e+05 1.100281772588923632e+05 7.506025086397556879e+04 8.556638798754443997e+04 3.137489692434503041e-01
4.111058054174492327e-01 5.679173781765551876e-01 2.658967343186577903e-01 3.637074433053177902e-01 2.516086649792079744e-01 3.750453701633022496e-01 3.019588252668605755e-01 1.500791316323031497e+05 9.341710219466112903e+04 7.931763541130158410e+04 7.202791018479973718e+04 3.049665900002753727e-01
3.798971630268804245e-01 5.027956464955183336e-01 3.068233886052302295e-01 3.857730162308938837e-01 3.047372728775304962e-01 2.611550791018817375e-01 3.486752515327281032e-01 1.325425940388863091e+05 1.057378794576213259e+05 8.011532490516800317e+04 9.101966366640880005e+04 3.423101386372108257e-01
3.592142260725332825e-01 4.384814036640991564e-01 2.831998313166060877e-01 4.182958109824413961e-01 2.250052427500294494e-01 2.915607492003952084e-01 2.948963871790826752e-01 9.642341830319805013e+04 1.006565606673707953e+05 8.012589384297293145e+04 1.032901301163982280e+05 3.108066238621528532e-01
3.834453874539744400e-01 4.873302375624167793e-01 3.017653897215907821e-01 3.931074991100977911e-01 2.361586274869323931e-01 3.225886915809942912e-01 3.594135223653964761e-01 1.237515785806936765e+05 1.298804548284198099e+05 7.921697465384556563e+04 8.170031180858488369e+04 2.847305240263885984e-01
3.801943997472810866e-01 3.026479920997574569e-01 2.433553813680941480e-01 4.826832392211020673e-01 2.236820666709721239e-01 2.370664904919523031e-01 3.242875884063055048e-01 1.288710191112541797e+05 1.040321142337349011e+05 7.305777305058045022e+04 6.792484170250603347e+04 2.859278857147872221e-01
3.855758177187085800e-01 5.176679325838368095e-01 3.519555102653728618e-01 4.838683502410217052e-01 2.887357534590330732e-01 2.622960759771197359e-01 2.654894663929711074e-01 1.508735262278174923e+05 9.597341627074223652e+04 7.900765782481749193e+04 9.570699092134313833e+04 3.565628751039915389e-01
3.072230804643464319e-01 4.693777472828987163e-01 3.685607114659674721e-01 2.021131326285701968e-01 2.712473600055183565e-01 2.686327083947823158e-01 4.007755725640391176e-01 1.395792836718597391e+05 1.047590328617491905e+05 7.446485936049105658e+04 1.090620136537915532e+05 2.309681637334092541e-01
4.099991835067682278e-01 4.598189813901144007e-01 2.670539419517969915e-01 3.143962542375116076e-01 2.539440647488341307e-01 3.002780269252939838e-01 3.991626218071536170e-01 1.190596623709062114e+05 9.912524551519312081e+04 8.268044173360167770e+04 8.841477907190864789e+04 2.953928987818768004e-01
4.724777554297369120e-01 3.334364841282125291e-01 2.333168163205011914e-01 3.924642583769755166e-01 2.730041207535530146e-01 3.350752549919145395e-01 3.746361966831850965e-01 1.436303585235073406e+05 1.182100302313710126e+05 7.968585422680663760e+04 1.209958321453789395e+05 3.332672046186371251e-01
3.261616374945028873e-01 4.412880880782651394e-01 3.072908083144173519e-01 5.194235934623993023e-01 2.696666935186468606e-01 2.384935763649806972e-01 3.271179944812885876e-01 1.399483423231636989e+05 1.241908951508760656e+05 7.978503217553332797e+04 1.297674206007080502e+05 3.020851487639338862e-01
6.561133116487666284e-01 2.539755398240686191e-01 2.406637588780694836e-01 9.589133446428477203e-02 2.445284767813442062e-01 2.795447560506213458e-01 3.830610840077280921e-01 6.762367185300121491e+04 5.675823695418880379e+04 7.816482451038384170e+04 9.515943380287509353e+04 5.595914282062084411e-01
4.150872576313091589e-01 3.885623919485833300e-01 3.353986910591871817e-01 4.839110985422877542e-01 2.597314491813735304e-01 3.978666715009411825e-01 3.160302844052465532e-01 1.521559360952576972e+05 1.118826336306953017e+05 8.272436359855123737e+04 5.986615395433311642e+04 3.434884546071726996e-01
4.765822065785421113e-01 9.077761691755270590e-01 5.799823232338844337e-01 5.127646230525743087e-01 6.565154006494333672e-01 7.676781627667481622e-01 3.042964286040016897e-01 4.605464965728081006e+04 4.636743005152908881e+04 6.605430678708037885e+04 1.862907924461716175e+04 1.114490534423318580e-01
3.534409067569780905e-01 4.659951049819284763e-01 3.154796844939670719e-01 4.151547001305836426e-01 2.405228030310191945e-01 2.544486932358250852e-01 3.027511424052480860e-01 1.356912101631483820e+05 9.599704424089532404e+04 8.297924264950689394e+04 9.241734666299684613e+04 3.061539401111915693e-01
4.063356691609092963e-01 4.944197225116442884e-01 3.627634867567277044e-01 4.611130294046608125e-01 2.512551323898757349e-01 3.331461727383911997e-01 3.208399626324716647e-01 1.428691251010032138e+05 9.653028062452634913e+04 8.092837327731796540e+04 1.087310676653494156e+05 3.349287083919489372e-01
3.045973314786509789e-01 5.992845949610243750e-01 5.606665482920282217e-01 2.579068775119810475e-01 2.423192433640932175e-01 1.746724328818335670e-01 2.158239386646199076e-01 7.231528943074110430e+04 6.415427000617483282e+04 7.410367644367215689e+04 2.759059560430372585e+04 5.109368216515606242e-01
7.596972006159310453e-01 5.010486542057986936e-01 4.707073987703062623e-01 -7.366709881635456758e-02 3.096027402082313640e-01 3.163886008723434395e-01 3.738834665446884031e-01 1.102803963291565742e+05 9.112739271566452226e+04 8.180549712884207838e+04 2.051867170460660127e+05 5.714348387369220239e-01
2.893736444320390011e-01 5.044942111777893645e-01 1.944350386733098845e-01 3.934532282788648638e-01 2.301789190564219878e-01 2.138548321544135322e-01 2.716821573748200436e-01 8.752058190712291980e+04 7.774717079236003337e+04 7.386925127154491202e+04 7.442657980053167557e+04 5.882977415994243842e-01
3.091824790441758397e-01 6.000970611228739759e-01 1.769402429023388401e-01 6.449243804946866998e-01 3.057601437194304439e-01 2.569498240611106099e-01 2.939706788268141580e-01 9.154749643474629556e+04 7.593319022909839987e+04 7.917414704074844485e+04 5.984061985775798530e+04 2.554746660032293226e-01
3.425832888382647212e-01 4.605002648415271738e-01 2.498814090373554786e-01 4.366724920383265318e-01 2.800164241190067349e-01 3.201577992864453881e-01 2.598224268506450496e-01 1.313336900746724277e+05 1.283200226193502313e+05 7.506492171908644377e+04 7.948939677469257731e+04 3.364604641943370056e-01
2.256053808528062921e-01 4.754068531563380162e-01 2.531006195882176679e-01 4.548008105598123074e-01 2.857708824639574874e-01 2.409300141019023733e-01 2.798027168231345674e-01 1.224786992010888644e+05 1.126204859167296672e+05 7.456735826677006844e+04 6.303069682408568769e+04 3.222787389218947918e-01
3.171937500895901652e-01 6.020479418024254903e-01 2.733539091267587207e-01 3.639493286763703650e-01 3.381988100133598851e-01 3.095903819942102397e-01 3.151180141784055144e-01 1.148522065531002008e+05 1.174372970181029814e+05 7.675403275242843665e+04 1.102760895067849924e+05 3.967236302779401091e-01
3.179912573854014601e-01 4.719148769570143398e-01 3.607383408358523780e-01 3.794901216930395282e-01 2.560018871378295646e-01 3.141332196826567280e-01 2.833271874923027900e-01 1.148794736270745343e+05 1.037619456183928269e+05 7.987585281588415091e+04 8.456900704809307354e+04 4.133417925910559676e-01
4.253181903012557274e-01 4.510286851956681886e-01 2.773819095618910158e-01 5.193604941451990253e-01 2.459407813599541748e-01 2.758563561397543440e-01 3.680418627625283712e-01 1.370215366526191356e+05 9.542101785283011850e+04 7.192005971074361878e+04 1.048660402910810953e+05 2.683140760038599248e-01
7.347563803495578139e-01 6.974364697886156761e-02 5.188400033047497750e-01 7.543756909043524139e-01 -1.591767718223028316e-01 9.400560726931581623e-01 7.729859242517521656e-01 2.511616946382993192e+05 1.994284896005934570e+05 8.215777679969109886e+04 1.938746200968926423e+05 8.763270256450715889e-01
5.613617147617216974e-01 4.496570198578052069e-01 3.147943107582613642e-01 5.740375474084133955e-01 4.159818062929109828e-01 7.360558669382462060e-01 5.123859749398804730e-01 1.978738667036281840e+05 1.615078710131011030e+05 8.302155796424993605e+04 2.289109334095511877e+05 6.243236246106372844e-01
3.504702202221152696e-01 5.517493911839624898e-01 2.771571959277306929e-01 3.033786312852251865e-01 2.579012848916184542e-01 2.806937172211549369e-01 3.364912349582486750e-01 1.169287206374347588e+05 9.422642868708082824e+04 8.211785971373339999e+04 7.003995265634816315e+04 3.135199410219910998e-01
2.845942460795448659e-01 4.897636747206181584e-01 3.481696264375359062e-01 3.677934705585566011e-01 2.295900304794872004e-01 5.547980665953705648e-01 2.924250756856226485e-01 1.205494537489459326e+05 1.082638324346336303e+05 7.315644474449200789e+04 3.644656012958806241e+04 3.394296047467282862e-01
3.768654123479911466e-01 4.451782734924203400e-01 2.390391388440724907e-01 3.724143698951625225e-01 2.447012856581589069e-01 3.211355637371790528e-01 3.223752917933718765e-01 1.183384181947035395e+05 1.144697701078141836e+05 8.560036359244018968e+04 8.308514531277155038e+04 3.159945598328173788e-01
1.676986307698355161e-01 1.363735127035676231e-01 1.590821876831979564e-01 2.331561547126535794e-01 1.096916889833047526e-01 2.944222506673670470e-01 2.167747893930987990e-01 1.092673122484902269e+05 9.524646313447556167e+04 7.614546399798511993e+04 2.499454704293548712e+05 1.375025938298082839e-01
4.517354448934197686e-01 4.865529081858110949e-01 3.194228535151978354e-01 3.944674818021830509e-01 2.511390144087806142e-01 2.801569591702359197e-01 3.665504627694566864e-01 1.317714150040923560e+05 9.801642246286018053e+04 7.587831851519896009e+04 6.411306179220251943e+04 3.332658804095594007e-01
2.493801468954017220e-01 4.789814848914388801e-01 2.856685430586850538e-01 3.104032022416720604e-01 2.328236585952053461e-01 2.944540124609920650e-01 4.058992235269962556e-01 1.371505527039133885e+05 7.919153804570068314e+04 7.793116265416477108e+04 5.414005800374025421e+04 2.986168582320692377e-01
3.819163385009962108e-01 3.800104694644994008e-01 2.777465255397383315e-01 3.564071945897776539e-01 2.377834550878666908e-01 2.692910566699977526e-01 2.911455347690817264e-01 1.503152343389190210e+05 1.006819495987756382e+05 7.532992729410297761e+04 1.965761002183483288e+04 2.836088572168242727e-01
4.245087184432185801e-01 5.273852311730946596e-01 2.709647464717240273e-01 3.564143263403418693e-01 2.618281104853596442e-01 2.993229179058748413e-01 3.056279516738613644e-01 1.223931963504306914e+05 9.317958386253513163e+04 7.558667953494336689e+04 6.236303644741831522e+04 2.982243482480679830e-01
3.657834190172548627e-01 4.057736076937510372e-01 1.951308854599415332e-01 3.409453352991820840e-01 3.087535612594488055e-01 2.575103325404544119e-01 2.712192722718504423e-01 1.207330920131155872e+05 1.091518226150177361e+05 7.223693402172150672e+04 6.113454999511185451e+04 3.353524810498273445e-01
4.202938989645674805e-01 4.100953887010359011e-01 2.589074315477091215e-01 5.459738057438232595e-01 2.533061549475513763e-01 3.300540993225476449e-01 3.868929060282425003e-01 1.133413111100308161e+05 1.108447495673477097e+05 7.629698488642061420e+04 8.359840754257005756e+04 3.372966230295297296e-01
6.667895980496413300e-01 5.985533141490769760e-01 4.915920492729364821e-01 3.242452728975488974e-01 3.740194471317172531e-01 4.586988537400972787e-01 5.241626947983911711e-01 2.325893369957233954e+05 1.748812007681514078e+05 8.733845029660048021e+04 1.926130901702759438e+05 4.980388173018933107e-01
3.038203000365928275e-01 2.399428749713184428e-01 1.429578129982244095e-01 3.198943362261152945e-01 2.114450243528250006e-01 2.523692185443822678e-01 2.852016644120279332e-01 1.280311327987347322e+05 1.125447305131074827e+05 7.459014888059477380e+04 5.597241923008623417e+04 2.512853285681012072e-01
3.707611554943943122e-01 4.266533328992668794e-01 2.531595546852785095e-01 2.888927359575189646e-01 2.826092647195399543e-01 2.526272484869618862e-01 3.731893198581887616e-01 1.496597503854741226e+05 1.193123676547612995e+05 7.563576631343533518e+04 8.352622519137349445e+04 3.474758076511527127e-01
3.873127063017722249e-01 4.962763868778661269e-01 2.230482505636508517e-01 3.336548011375511935e-01 2.329240216693740095e-01 3.272152436469472070e-01 3.196908250860291401e-01 1.249870424843426736e+05 1.015514941034994408e+05 7.702555825935580651e+04 1.120929212999778101e+05 3.030847752405161355e-01
3.479144782301046290e-01 5.120741162208601871e-01 3.967867079048253975e-01 3.841266125909136298e-01 3.110911929269929987e-01 3.031750275187035104e-01 2.538169465967777261e-01 1.548636012599702517e+05 1.004951096713068109e+05 8.068719739983604813e+04 8.394298457015276654e+04 3.498899198535765920e-01
3.578065264558300540e-01 4.388230171623219156e-01 3.468704745621322694e-01 5.850052613757497078e-01 2.475430997400546451e-01 2.083336939052405079e-01 2.936092653540736119e-01 1.361299137045883399e+05 9.070998420523927780e+04 7.715710738423718431e+04 8.392012973608022730e+04 3.170151526791847862e-01
3.446028134357986272e-01 4.988227742282579369e-01 2.733491745057958222e-01 4.740821159829104459e-01 2.704235339823247708e-01 2.769665089703778338e-01 2.345156793765802439e-01 1.511495732552967675e+05 9.721311443197839253e+04 8.183052666514422162e+04 3.287388977278359380e+04 3.075742843143302041e-01
4.492263224737483296e-01 5.591829211954593148e-01 3.065300011184231566e-01 2.981261072297146097e-01 2.385557837205369569e-01 2.787269246643048759e-01 3.131158548112455420e-01 1.187007883736040967e+05 1.067964243445081956e+05 7.330217884005130327e+04 1.013500014531553024e+05 3.463059988379877385e-01
5.629167769861690429e-01 4.137740397032336204e-01 2.548871903410196982e-01 4.412765736455779297e-01 3.564163359307195300e-01 4.113431152746052644e-01 4.781256089954580291e-01 1.481534896338298277e+05 1.112004024593759386e+05 8.741392955705887289e+04 1.922343832858626265e+05 4.215500043933736452e-01
3.243551765800767317e-01 6.908528116432083310e-01 3.209715908635146220e-01 3.504832444873662856e-01 2.273109255847487742e-01 1.938091347401393050e-01 3.725113484835547162e-01 1.159122928905660228e+05 1.080827079552807991e+05 7.790415449808516132e+04 4.917225684310127690e+04 3.746038093848599870e-01
3.022646812587527210e-01 6.194169338637984801e-01 5.590084476414791670e-01 3.554134264713349478e-01 4.522375383857651920e-01 2.146823717831002620e-01 5.731975191423237526e-01 5.711377437824527442e+04 4.880982922976018745e+04 7.771294271615447360e+04 4.264115748779026035e+04 5.639803193424358652e-01
4.729345500436215599e-01 3.630477404732359581e-01 3.073039781692625261e-01 4.220964926103235593e-01 2.305574594054106419e-01 3.473881285317906853e-01 3.892556905846544235e-01 1.020511846015250630e+05 9.830069824348804832e+04 7.040117200131500431e+04 1.217006202724048489e+05 3.951938175362902927e-01
3.372914401900138359e-01 5.118237573039848831e-01 3.720962435441127480e-01 3.557908158057220271e-01 2.672735535155285058e-01 3.241345698681040166e-01 2.804447180109204685e-01 1.427447786122303514e+05 1.061776033307975886e+05 7.588741022089538455e+04 5.363280661859206157e+04 2.479856080669900764e-01
3.412748034982042156e-01 5.452454536317631328e-01 2.216972995811647695e-01 4.262194385870154423e-01 2.931586357749862426e-01 2.776355919326496946e-01 3.529979354007613535e-01 1.222290954756657593e+05 9.156147735367240966e+04 7.552917983798422210e+04 6.691783949730981840e+04 3.195567883489907612e-01
4.029141392763548324e-01 5.982756990200106539e-01 2.553615912705985425e-01 4.126162455953078512e-01 2.563166991183937204e-01 2.990831381555391077e-01 3.181054184126148043e-01 1.145198870233394991e+05 1.070215761675145623e+05 7.193323044550706982e+04 6.332910730038709153e+04 3.696365903239663409e-01
3.293317204263906395e-01 5.129039496364452555e-01 1.975213528423822584e-01 4.045631850623634951e-01 2.146382191771439574e-01 1.999042030825169680e-01 2.517533040833956903e-01 5.604383843262294977e+04 4.909446190342897899e+04 7.482782839467577287e+04 5.325184099767790030e+04 5.549487268249494454e-01
4.053514549992512928e-01 2.111713676956397667e-01 1.853271017598143167e-01 2.955001740386673514e-01 2.072448770823756559e-01 2.474617938035449105e-01 2.962715385759568942e-01 5.303682389170295210e+04 4.607906342058245355e+04 7.533493185394072498e+04 6.521366133710832946e+04 5.377419424630892619e-01
3.939291729270244513e-01 4.650864022841986190e-01 9.297966225360701498e-02 3.643444080541382024e-01 3.143406729018314860e-01 2.375567445886793416e-01 1.863986535219202822e-01 7.579543742641441349e+04 1.241449656832813635e+05 7.518389272806623194e+04 2.142347130709031626e+04 4.790932069611308908e-01
3.427311654022242027e-01 2.781869891826959096e-01 1.789512750409484876e-01 4.505991621333059749e-01 2.290314596900731303e-01 1.977957592393072284e-01 3.008581212009982520e-01 1.180274275918571657e+05 1.192103765407465835e+05 7.389021401817419974e+04 1.068291193036499608e+05 3.203133825996236084e-01
4.532278522676406185e-01 4.866777977328854976e-01 3.875077084342932188e-01 4.316519326737447426e-01 2.880768072106234534e-01 3.282863544803321099e-01 3.625549888580295033e-01 1.131054242621329613e+05 1.124610143743966764e+05 7.330978148171583598e+04 1.059561498515426792e+05 3.462081566292860568e-01
2.244350547123187267e-01 4.993302541856360910e-01 2.047142712758810434e-01 3.719953701509313704e-01 1.879500468764190024e-01 1.960115978140675452e-01 2.351968092296285451e-01 7.072568731695800670e+04 6.383848159385837789e+04 7.273288896331442811e+04 3.312859893420542357e+04 2.319281217483291635e-01
4.061419178937941132e-01 5.727241231428881196e-01 1.857037618530180678e-01 3.526114694869674215e-01 3.389039111977110719e-01 2.657550758161464355e-01 1.608630611575690983e-01 6.608684741110356117e+04 1.247678471492493700e+05 7.096619925612807856e+04 5.096231565533129469e+04 3.614833413102909732e-01
5.024033771508358281e-01 3.243738947365800152e-01 2.483906985346634733e-01 3.650417021864151290e-01 2.702545127818338777e-01 3.424938723620846170e-01 3.775108462713723245e-01 8.604857572453291505e+04 6.380000270517569152e+04 8.854312106098962249e+04 1.111087554961964634e+05 3.100794479731746600e-01
4.630398346379226426e-01 5.153907191568203316e-01 3.325519570439665062e-01 2.880776963004255675e-01 3.112828560288080637e-01 2.592128277179978624e-01 1.336599533393522110e-01 6.733328688709586277e+04 1.409576143196197518e+05 7.404446219169818505e+04 3.108995746901481834e+04 4.834019059063032198e-01
3.791075314346094571e-01 3.645999685270552293e-01 2.662436044821648862e-01 3.120945263050066143e-01 2.823696880516783914e-01 2.957784489738204403e-01 2.863265866177183705e-01 1.424030481876666599e+05 1.076924253691201448e+05 7.942183882536567398e+04 5.790810007464720547e+04 3.106539232002820672e-01
3.801305703663027113e-01 5.104538746932406612e-01 1.849280606998921772e-01 4.588304756315818023e-01 2.943742708349120218e-01 2.675398506673957177e-01 2.908173322656021909e-01 1.095225036578846921e+05 9.236285511844122084e+04 8.665322888243287161e+04 4.501452786644906882e+04 2.396776566472530456e-01
3.887010698618467153e-01 5.307147208484296330e-01 3.455558080278244848e-01 4.502012135169903839e-01 2.840354749615336405e-01 2.658596839768205822e-01 3.598500464841599689e-01 1.328846189942969359e+05 1.108175090470104042e+05 7.355624332709348528e+04 4.743850148230987543e+04 3.057061555600280589e-01
3.555845805410237648e-01 4.946191392264570608e-01 3.783695522994169336e-01 5.446285014643613698e-01 2.797499683445957008e-01 2.911937700256730932e-01 2.927176252155786473e-01 1.044155055713905895e+05 1.114538410413138045e+05 7.672683262285435922e+04 7.804562806236985489e+04 3.421221112712787837e-01
4.056666671407071489e-01 4.641127078783947035e-01 1.897548392368327563e-01 4.342285210488483482e-01 2.558009036344097153e-01 2.902965706085777198e-01 3.300834249838996981e-01 1.405029955382172775e+05 1.011208906515493582e+05 7.270638499472348485e+04 1.154997238979358372e+05 2.760958567251812767e-01
3.741844550290598925e-01 4.685442686779335286e-01 3.453288345781886926e-01 4.754045673732006927e-01 2.508378604674582624e-01 2.997704667519798249e-01 3.240210726229288962e-01 1.313565293762647489e+05 1.020187466527405923e+05 7.411906437316085794e+04 9.337087829724793846e+04 2.709864664072450524e-01
3.233806014998841238e-01 4.560391770150317714e-01 3.760758559709415083e-01 4.252219547156035340e-01 2.603437209413474451e-01 2.641868020254448668e-01 3.498324624249380399e-01 1.262608106909764174e+05 1.182945007286512700e+05 7.872888927227995009e+04 8.706559811686241301e+04 3.745721649446876467e-01
8.275249749455616533e-01 2.857062517257881740e-01 5.504477760378952977e-01 8.567354279619229240e-01 3.999379024739798671e-01 9.376237177231887543e-01 8.785988639841104675e-01 2.598419143259640550e+05 2.069279222431051312e+05 8.243712204485235270e+04 2.620556840791471186e+05 8.939956009979802554e-01
6.077366932623535778e-01 8.063765453736583266e-01 7.375515324093199210e-01 6.405844608605919532e-01 7.414438723274976439e-01 8.653490837096308175e-01 5.533543232216066032e-01 6.081804821614560933e+04 4.426348286206633202e+04 8.952241870363436465e+04 1.639757404570713406e+05 5.693730774565807229e-01
3.778790874440092207e-01 4.252396437337281898e-01 2.433123686201853209e-01 3.982172779168793864e-01 2.747404268366688829e-01 2.622865529610454161e-01 3.318857935361554934e-01 1.351127578680118022e+05 9.722075049662623496e+04 7.858930738398576796e+04 1.034637158172334312e+05 2.724927286340164123e-01
2.406522781346176476e-01 4.161809091872772370e-01 3.735761752999732233e-01 3.340769218991562206e-01 3.055612274110770521e-01 2.911101948001411643e-01 2.830438749429736722e-01 1.522575652761203528e+05 9.811402154787721520e+04 7.388037801748057245e+04 5.924313097959067818e+04 3.839498559692081647e-01
3.844244499296027850e-01 4.426993211429507968e-01 3.201079290084175022e-01 3.569694850486928583e-01 2.446064516951491075e-01 2.522162043098236106e-01 3.235521825225201042e-01 1.329417396755701338e+05 1.200426497161643638e+05 7.709599995234413655e+04 1.005848492847619636e+05 2.721103623337095545e-01
3.751882616084706856e-01 4.512050566965746246e-01 2.645532322659649993e-01 4.267531646725196692e-01 2.664833052572170846e-01 3.345483818401440712e-01 3.907802769910107554e-01 1.049003324220541253e+05 1.002498064916551521e+05 7.793194962174129614e+04 8.720248401906242361e+04 2.346103481862827911e-01
4.175117622276963147e-01 5.689136676931471071e-01 3.608726613402481465e-01 4.103699198898529965e-01 2.669417575700764322e-01 2.397086461844959993e-01 3.315764437109354756e-01 1.053587116717495228e+05 1.085762210609688627e+05 7.356752793342605582e+04 5.414320213837658230e+04 2.346815068324919484e-01
4.085011505153615663e-01 4.936081939306117272e-01 1.708119402156823563e-01 3.981587859235105609e-01 2.782324901955607888e-01 2.294905287680394368e-01 3.503218161173164980e-01 1.443854605945594667e+05 8.931013956152586616e+04 7.835155063481637626e+04 6.268534393527284556e+04 3.667194753898216919e-01
4.707227180819553713e-01 6.122381806663435011e-01 3.179927331662623646e-01 3.979120295338353097e-01 2.798685243514469345e-01 3.057422939325300515e-01 2.929977117987207502e-01 1.402351031916697975e+05 1.070513448291816894e+05 7.554020818458359281e+04 7.691856403363576101e+04 3.228094690471547956e-01
3.415705278977679282e-01 5.111114046344712447e-01 2.310421019999354675e-01 3.899216254021577455e-01 2.663137405495171195e-01 2.419639802377183402e-01 3.548861281818656566e-01 1.502263518896129390e+05 1.291449281406370719e+05 8.019455576648269198e+04 8.657998030830259086e+04 3.091609778163826872e-01
3.519042784938862800e-01 4.492524468298523810e-01 3.443042274133303882e-01 3.770898478928899622e-01 3.262430069173039016e-01 2.829830036522106296e-01 3.085435192421023265e-01 1.507965246577439830e+05 9.356344647546010674e+04 7.812599923374509672e+04 1.454001352797017898e+05 2.468026145366059021e-01
2.982148054238315527e-01 5.948813808178622375e-01 2.303372425036879501e-01 3.597377936057990500e-01 2.410404328347280911e-01 2.372442656080368806e-01 2.808081287367409917e-01 1.355918047991923231e+05 1.201103424366538966e+05 7.407256605580949690e+04 5.038677395464981237e+04 2.445752557757959189e-01
5.774919787134031868e-01 3.742000344739123130e-01 2.533443399174262756e-01 3.957648839038337418e-01 3.098630706218116759e-01 4.023152282917913936e-01 4.562574133056445103e-01 1.579323597323390713e+05 1.199340967537816177e+05 8.636369255520949082e+04 1.423572595146510284e+05 4.006701082356688981e-01
4.120288776098413042e-01 4.578227897470561469e-01 3.282437118227875539e-01 3.829112100037580513e-01 2.307855731399397203e-01 2.484585031144359857e-01 3.549468971171372278e-01 1.253673077236459649e+05 9.957000096569235029e+04 7.949760567019776499e+04 6.453362819396713166e+04 2.648989318199111431e-01
3.908933251479491666e-01 4.839832039808885655e-01 2.507737518389779319e-01 4.811559229917773406e-01 2.929994636364471328e-01 2.804681371497945164e-01 3.222067099757246478e-01 1.279967854047117435e+05 1.053431455263237876e+05 7.442303161458502291e+04 1.012506594958923379e+05 3.486657272376793570e-01
3.489911338444374178e-01 4.280421514682432593e-01 3.349832216729067835e-01 4.526149319858431830e-01 2.972248960246456906e-01 2.863572120699530155e-01 2.767837496323680702e-01 1.217489265154757304e+05 1.225486090209854447e+05 7.554800328044455091e+04 7.242873814576858422e+04 3.428668114054566618e-01
3.853569493141072999e-01 5.270638672939279568e-01 2.455209294956748889e-01 3.707577011368785036e-01 2.566985536521178002e-01 2.972887355728962566e-01 2.793009949530052549e-01 1.132637152650971111e+05 1.017773234103030118e+05 7.073751303357686265e+04 7.226623156765289605e+04 3.395202383878244690e-01
3.570906618505387820e-01 6.357109899423908361e-01 4.126078023616247537e-01 3.799178328110267566e-01 2.445778486003910845e-01 2.854053807199525283e-01 2.978320561825903989e-01 1.340537714589121460e+05 1.019332087157396454e+05 7.532873379508273501e+04 7.585812845726381056e+04 2.191739667493084465e-01
3.779822183398872104e-01 4.380929649042401564e-01 4.757597797119484384e-01 4.397447049043622380e-01 3.119065985223797299e-01 2.398054719664380607e-01 2.450520967315393817e-01 1.208474057692137139e+05 1.313391734664702672e+05 7.417927831214199250e+04 4.766802649895973445e+04 2.300268074608631530e-01
5.557169659101467429e-01 3.352824240979769277e-01 2.594789202417805973e-01 3.863057072801848180e-01 2.722392206147784544e-01 3.896225151943097376e-01 4.874709512202807793e-01 6.643393169283586030e+04 4.875899369488574303e+04 8.968798929160744592e+04 1.484171482087399054e+05 5.780037381174640831e-01
4.156477607003746799e-01 4.821654912998388220e-01 2.652025870971145838e-01 4.358538420156407023e-01 2.623734433471257010e-01 2.872511713273272482e-01 3.292685382412007256e-01 1.289123477557956212e+05 9.323348662839522876e+04 8.124509254232735839e+04 6.665606573281428427e+04 3.036222897526424935e-01
3.978303996646511131e-01 4.956067558099443437e-01 3.342461999197426925e-01 3.536084632160768626e-01 2.496914946017817216e-01 3.152133331586638443e-01 3.415179639123795408e-01 1.274137445903839689e+05 1.173213479988435138e+05 7.530242444211672409e+04 5.858869015894846234e+04 3.455872383574545292e-01
3.368989413879130979e-01 5.342068306040606007e-01 1.996005703825886601e-01 3.953402844149053186e-01 2.920158111344883789e-01 3.190792038195740532e-01 3.638672116885339758e-01 1.063995854662802303e+05 8.214332689175260020e+04 8.067246745197434211e+04 6.993607337064556486e+04 3.398167546664030425e-01
2.985116657799769535e-01 5.290238694665283514e-01 2.624483647416848697e-01 4.645436426498807392e-01 2.710604561683036540e-01 3.038718009687514376e-01 3.323856916686828700e-01 1.416695991267412610e+05 1.140814201749154745e+05 8.171453226719117083e+04 7.848924442307127174e+04 2.724181148131530894e-01
3.341277157805453424e-01 5.148920994634434978e-01 3.339925614118387509e-01 4.798081828554703887e-01 2.564526213595807458e-01 2.603680529237999974e-01 3.228568854935276455e-01 1.214619605591064901e+05 1.236173889229045744e+05 7.112292945713974768e+04 8.624143630864941224e+04 2.020460810911413052e-01
2.876422931654470938e-01 4.364774222012750560e-01 4.271803884648129879e-01 7.104355047545073409e-01 1.753324918410720246e-01 8.670219360981523682e-02 5.138606569936161883e-02 2.176911987123630242e+05 1.771056782900096732e+05 6.543111043263343890e+04 4.587219554935023916e+04 6.661225446541839401e-02
4.011812095876684525e-01 4.755950410455100363e-01 2.521299645206540041e-01 4.293180796396107723e-01 2.850291428570110308e-01 3.339064744621235703e-01 3.192772920992454910e-01 1.392895915269136312e+05 1.141244163549891236e+05 7.806004215110121004e+04 7.937335452266168431e+04 2.865149163232560414e-01
3.142340637117549407e-01 4.672257721597250502e-01 2.966342109404225824e-01 4.030966015376173384e-01 2.165269579335609984e-01 2.522611832065782544e-01 3.795067917499871935e-01 1.284001248143430566e+05 1.088245572949726338e+05 7.546396424406227015e+04 7.038722648682442377e+04 2.683283053118855066e-01
2.911771389990858161e-01 4.261898418728868876e-01 4.427400849685896311e-01 7.640066497217956609e-01 1.739257522139848744e-01 -4.925597744509072756e-02 -1.062220707033501715e-02 2.596795390744922624e+05 2.549579702772954188e+05 6.505861237272649305e+04 5.305279210491369304e+04 -1.157713521791696593e-01
6.495042582592307490e-01 4.332925329991279551e-01 3.348203463231921306e-01 4.483233538461741108e-01 3.777664070256432360e-01 4.477206618510466418e-01 5.068989844678118972e-01 1.730685756119013822e+05 1.090220347804004268e+05 1.040627595716014184e+05 2.303221867891415313e+05 5.029398178881212544e-01
4.345281624601247672e-01 4.542743446914246919e-01 2.101999473325723566e-01 4.138502676370572897e-01 1.943417087748191829e-01 3.117271385089930846e-01 3.543532002219245691e-01 1.242147494529534306e+05 8.948900691074889619e+04 8.046587599589202728e+04 1.050969348424305208e+05 3.304237510136691647e-01
4.351476328839005148e-01 5.696938902763502011e-01 3.810710742797172590e-01 3.693278503255738587e-01 2.668825095673804659e-01 2.618927504518853144e-01 3.033475037698053489e-01 1.164704273811315943e+05 1.095828843139705423e+05 7.761323991528547776e+04 3.553706532749471080e+04 2.928223860654606270e-01
4.070292250571529991e-01 4.628716790076915499e-01 1.716782460086074269e-01 3.641677413924861439e-01 2.910075012537148842e-01 2.635673464452736314e-01 3.520997351308647882e-01 1.083620468895941449e+05 9.836816986626839207e+04 8.249085248331731418e+04 7.509942965648525569e+04 1.957592848802670038e-01
2.905216446150527543e-01 5.482083049887317427e-01 3.757004732058245589e-01 5.262935495772775862e-01 2.515663540920389241e-01 3.098787509485672609e-01 2.945973467055112982e-01 1.228953877478560607e+05 1.090987482435081765e+05 7.963914269163967401e+04 7.434144264180088066e+04 2.765948490977833130e-01
3.711915276425241106e-01 4.982755248846704177e-01 4.006015447914049177e-01 3.933823356829148632e-01 2.323725964555184709e-01 3.002763627884640352e-01 2.964235933445312221e-01 1.244530409798667824e+05 9.263046703059520223e+04 7.979225343681563390e+04 6.883762321442959365e+04 3.099537273121094061e-01
4.343576365778906156e-01 4.802162264340178455e-01 2.750728763499470930e-01 4.042643394985377947e-01 2.648767509139040577e-01 2.435849265533137076e-01 3.678567318568082278e-01 1.258629979826296913e+05 9.097973026017643861e+04 7.393543523294436454e+04 6.450417341732402565e+04 2.961290075760695806e-01
3.343025354745928213e-01 5.256937462485218315e-01 1.347646185957611098e-01 4.173627853633741780e-01 2.945831239797194190e-01 3.208554231631008946e-01 2.929704192474759106e-01 1.045283703418477089e+05 9.500459452247878653e+04 7.827823098960699281e+04 7.571733531633396342e+04 2.849005237759755227e-01
3.428110254792526290e-01 4.482163614382571604e-01 4.759772766052476900e-01 3.197783128307045142e-01 2.468406114356640202e-01 3.253175701599714253e-01 3.320603502786424466e-01 1.216898877644763852e+05 8.359229546595229476e+04 8.041506337817545864e+04 5.441583487240059185e+04 3.512529860982036012e-01
3.287805196663656782e-01 6.191748346843614081e-01 5.760385471356376241e-01 3.339458943856902229e-01 2.910338836759047143e-01 2.405828459570943378e-01 2.850268687404335366e-01 1.225813349336390384e+05 1.077073335164523160e+05 7.463743655676720664e+04 5.720675975745800679e+04 2.290622495981641249e-01
4.535667041856806248e-01 5.105287856708088379e-01 3.108554644750573526e-01 3.262171080701641301e-01 2.633008432853585212e-01 2.179902818955601618e-01 3.271851122680903279e-01 1.153914211715400597e+05 1.043171296489672241e+05 7.831665150079029263e+04 8.150949679296957038e+04 3.051768671492994245e-01
4.216256638487201336e-01 4.812786487507664801e-01 3.636819203621728946e-01 3.117555969490893863e-01 3.141972375559974884e-01 3.249793700176457634e-01 2.517686546100565415e-01 1.284746161657868943e+05 1.039290699873132398e+05 7.878327317740925355e+04 1.000321788861295645e+05 2.571685672061292949e-01
3.648035429603942448e-01 4.735497468429145651e-01 2.921780080708134553e-01 2.834630158939321909e-01 2.967456986763006288e-01 2.731057768230489291e-01 4.111638305253533243e-01 1.373403559839694062e+05 1.014191274010552297e+05 7.705270668627198029e+04 8.256829900930121948e+04 3.031011303000546442e-01
3.201971054168900044e-01 4.526697179299381535e-01 2.973377095905144762e-01 5.598837814270183344e-01 3.189525819275216278e-01 2.883472862740647513e-01 3.140327121891093309e-01 1.182918592903355748e+05 9.927554528456561093e+04 7.150129243167393724e+04 8.371877949615979742e+04 2.668650914434856358e-01
3.888330202553700321e-01 4.714315868799390241e-01 2.671597517120199994e-01 3.008713936545690526e-01 2.699391621344123249e-01 2.956623832799831764e-01 3.564069133168223935e-01 1.166991261628872162e+05 1.091200779590588209e+05 8.096260107842509751e+04 9.142163241021342401e+04 2.958763997410594482e-01
3.365309902700044931e-01 5.180358185636618762e-01 4.223241359883709856e-01 3.371281753929468161e-01 2.232092305111774144e-01 3.006415821997401872e-01 2.782319541983753752e-01 8.843780199931177776e+04 9.923725028376845876e+04 7.336762204586718872e+04 8.873376941336948948e+04 1.805593845793888597e-01
6.486380188511954303e-01 3.531653617261513167e-01 2.778028063476106202e-01 1.992859371074762742e-01 3.041173775644119837e-01 3.890151493215310285e-01 5.042636924450190072e-01 1.420723985855019127e+05 1.097996259223928791e+05 8.480511705594089290e+04 1.389966242229870404e+05 3.796208826779409184e-01
2.744005506790669346e-01 5.800155079900009003e-01 3.061940660747161647e-01 3.215987313879832277e-01 2.409796412124726450e-01 2.427403129610216093e-01 3.299054953434150672e-01 1.337504827177675907e+05 1.083234982132585137e+05 7.756457221220049541e+04 9.003038439447504061e+04 3.509952339268575527e-01
2.824297871232245294e-01 4.866840650847844008e-01 3.004727806709205362e-01 4.429841833343864943e-01 2.883303097945871807e-01 2.658599824654825916e-01 3.568688184550091180e-01 1.220358678500440292e+05 1.050406427593283297e+05 7.433724438223660400e+04 6.856016127113573020e+04 3.217588903435777969e-01
3.950242643928008057e-01 4.235423252096660596e-01 1.371974052193944416e-01 4.119405043096873720e-01 2.723691900586233117e-01 2.536286954332284127e-01 3.546220180508599107e-01 1.204531509925367427e+05 9.031994802297819115e+04 7.819403649637236958e+04 5.887344452773975354e+04 2.880514215432677383e-01
3.186757037786362434e-01 5.590716819212638855e-01 2.019151011985128030e-01 5.404937623523123902e-01 2.275902051135490489e-01 3.012067583685374972e-01 3.429888839377200349e-01 1.596695921454475902e+05 1.198330910077391163e+05 7.994657609429811419e+04 1.375813041050690517e+05 1.137666059433982413e-01
4.097506941542281012e-01 5.846027757067298047e-01 7.462766601324116733e-01 4.044877853122432199e-01 1.661290428637102745e-01 2.779534136068575467e-01 1.858345885363522909e-01 1.623891810833001800e+05 1.808622023977666395e+05 8.238476261595479446e+04 1.689308124904989963e+05 2.196242519727100995e-01
3.587531612898949840e-01 3.650122588110499278e-01 3.838532235509244384e-01 4.398789522592266854e-01 2.389940630148798262e-01 1.976465075222148537e-01 2.594343773999044367e-01 1.456728269783581782e+05 1.103095178880864405e+05 7.790475046288217709e+04 8.298197021320910426e+04 3.796915609599982311e-01
1.826443053459831378e-01 2.056635325642578449e-01 1.542243628853227078e-01 7.690592499813769800e-02 1.791715092885794725e-01 2.090892579062036127e-01 3.745857280109756160e-01 4.040607404313520237e+04 4.052571480288551538e+04 6.693436268724495312e+04 1.329331470505452307e+05 2.052609869916219854e-01
4.059010672941756881e-01 4.174834838081375454e-01 2.628188762415267776e-01 4.289417676465873686e-01 2.690395587809636946e-01 3.051477757305799954e-01 3.155918459651230745e-01 1.326918334479025798e+05 1.039105019800587761e+05 7.630807035924171214e+04 6.820623764760552149e+04 2.371234069320907467e-01
2.841883218392556865e-01 1.954426953913494525e-01 1.638565921169086725e-01 2.743522353937546399e-01 2.045482332068010445e-01 2.263312169905124793e-01 2.778742713307768009e-01 9.078826665210939245e+04 8.029337254049711919e+04 7.424204760882479604e+04 8.309825843093881849e+04 5.930171822253983427e-01
7.007278225340201061e-01 5.390963631767250464e-01 4.821185732113240086e-01 5.513678083691706533e-01 5.495602502168661641e-01 7.147545651076275819e-01 6.334107450236960979e-01 2.377573657606189954e+05 1.393089559082720662e+05 1.107634381800057745e+05 2.142559550625047414e+05 6.819209135991273207e-01
4.184312581060147807e-01 2.668439604266313880e-01 2.776569445270546388e-01 4.778497468362794542e-01 2.405598781789645146e-01 2.074506230892023684e-01 3.400249256783717811e-01 1.227900346211617871e+05 8.490278582860315510e+04 7.932629725239361869e+04 1.001990859755036654e+05 3.766431796394474896e-01
3.871692881660285246e-01 5.730211210038639313e-01 3.899876277047694129e-01 3.770616647759220674e-01 3.992214289324513832e-01 6.920293301572314482e-01 5.325985772713227595e-01 1.395893648827455763e+05 1.218494605348058394e+05 7.430668396920007945e+04 4.528760862590654870e+04 2.794592170836801004e-01
5.452572281993119940e-01 5.832511009968784910e-01 2.759392862695410620e-01 5.159787641436626160e-01 7.296994751510059718e-01 3.233084714263804171e-01 5.818956784540032512e-01 1.243919650195408030e+05 1.093024417034690268e+05 7.478186504808001337e+04 5.680421112612423167e+04 2.480230420023949445e-01
3.580579147743900292e-01 5.065048206166182787e-01 2.765718444306206059e-01 4.622087560138324336e-01 2.801397200493555562e-01 2.661800803114228731e-01 3.887582243122332804e-01 1.347864666269840382e+05 1.183928064768788026e+05 7.642470127135494840e+04 1.050365090703259048e+05 2.977062688817405101e-01
5.528569832193160893e-01 6.188283372203747801e-01 4.766401003624867183e-01 5.235952859378069091e-01 7.623934436704675743e-01 4.081363291421421513e-01 6.648954535335778182e-01 2.451704003732357232e+05 1.549935151959999930e+05 1.053361812234660028e+05 1.905436292770221771e+05 3.879642962962545072e-01
4.535940144720666534e-01 5.376961131253592541e-01 3.644638119635649209e-01 3.816765820009235255e-01 2.612783035437667434e-01 2.968470389088598838e-01 3.281887440820259183e-01 1.083047429209722904e+05 1.255072191434732085e+05 7.986267279143499036e+04 8.029611940543497622e+04 2.783242333037688199e-01
3.363509764801076440e-01 5.440239182035901955e-01 2.365892925335125463e-01 3.779721389655130714e-01 2.699285598276140452e-01 2.476999557299211507e-01 3.236958057775166098e-01 1.190011945154965360e+05 9.650655635655317747e+04 7.452610164179099957e+04 4.522893621197330503e+04 3.205883447869177783e-01
3.939153828746869701e-01 4.098938161426079474e-01 3.228540164986463123e-01 4.000966630499021015e-01 2.344139259738512449e-01 2.612329683750709841e-01 3.009445768101793317e-01 1.224181185057929688e+05 9.837802108349859191e+04 7.595676989553854219e+04 8.465948757171430043e+04 2.619646059205532618e-01
3.559610853873392822e-01 5.349215315765531997e-01 3.557511483624520299e-01 3.565216181193751610e-01 2.640470720244816327e-01 2.390948101652770608e-01 3.705474191713686860e-01 1.247893753054771223e+05 8.995754938521183794e+04 7.856688467480306281e+04 4.296260387223734870e+04 2.628453240302249805e-01
2.664630371083646643e-01 5.409090716484484807e-01 4.842319171272159717e-01 2.276201142808368383e-01 2.006091204151303486e-01 1.952514133553935327e-01 2.316914389467448487e-01 8.142311197037903185e+04 7.646632686991668015e+04 7.039037666230673494e+04 3.392247776105900994e+04 1.917598521236128228e-01
3.349056632836578951e-01 4.663542868621849413e-01 1.903800344690884661e-01 3.839448842821023833e-01 2.760991123368479738e-01 2.172381867276212131e-01 4.048733370739902582e-01 1.437050070957978605e+05 1.037536932197375427e+05 7.601022120134699799e+04 8.466533587603067281e+04 2.106198527716126034e-01
4.258528062278760795e-01 4.798846253968895859e-01 4.525414736669098881e-01 4.671960263743928921e-01 2.829814396608751892e-01 2.982314709976318645e-01 3.039535548178053936e-01 1.299914256575328181e+05 8.281648254262894625e+04 8.143489979806750489e+04 9.153316736460968968e+04 2.836468598158862764e-01
4.572965974721930893e-01 3.631962391021887893e-01 4.941938951346016573e-01 4.084521262144881759e-01 2.592943151751712083e-01 3.092873189711786153e-01 3.016587777990201169e-01 1.122557959751534654e+05 1.026509621187784942e+05 7.781309424857077829e+04 1.110284848888148554e+05 4.304938337829184447e-01
1.759435671979327764e-01 1.284836487754949796e-01 1.469632112280865599e-01 1.284632463597567553e-01 1.919296019595054525e-01 2.770119102988596871e-01 1.523701111265211572e-01 6.264234896857671265e+04 4.772558585097549803e+04 8.781956064298003912e+04 2.597066597166826541e+05 1.847600056237358734e-01
5.702219580527324583e-01 4.139118401260551972e-01 5.688978386662294495e-01 5.264768100080394753e-01 3.181096191631022085e-01 3.135404878019211194e-01 3.236736342715177406e-01 1.191936214601265674e+05 7.400508611485239817e+04 7.773784338850397035e+04 2.599877846300573219e+04 2.881520750535314646e-01
3.733241362468106006e-01 4.624715399266677296e-01 4.100517775161707790e-01 4.425188962640762558e-01 2.534639703719661630e-01 2.169229600864731600e-01 2.891465346761041277e-01 1.177646551053133444e+05 9.261454540022589208e+04 7.550439534014655510e+04 1.101018999732816592e+05 2.691196341062587205e-01
4.445257502107720637e-01 6.026769544645120824e-01 4.864858170351110678e-01 4.395526606245017121e-01 7.660311074669801101e-01 4.507930245212524167e-01 6.902778600145792476e-01 6.586501636104330828e+04 5.389912365273305477e+04 8.030918596118703135e+04 4.957966083531008189e+04 3.364660193325406667e-01
3.854178462405488670e-01 2.855869789003880888e-01 3.212927220219525259e-01 4.454069075900888852e-01 1.763577203389231907e-01 2.515031757612053442e-01 2.965298496763074110e-01 8.201092929164534144e+04 9.121820732759530074e+04 7.410251091503161297e+04 9.211414751618768787e+04 4.219241457438624998e-01
7.170658520325072782e-01 4.449593325535377425e-02 6.676230278738422286e-02 6.381469137415707316e-01 7.762749480553908510e-02 2.812354131803868063e-01 3.728454753938451049e-01 6.764749202191691438e+04 5.808072827126725315e+04 7.452614372331564664e+04 1.098868596230437106e+05 3.643960716353603635e-01
3.078146700261981117e-01 5.793116638004243146e-01 5.245953873984023907e-01 2.938417588658405188e-01 2.300229452069435521e-01 2.106954265627154765e-01 2.687669974942645812e-01 1.533776325542200066e+05 1.367427557178791321e+05 7.351269284226483433e+04 4.397268920406681718e+04 2.244541739754313814e-01
5.817568933736899650e-01 1.456255971238900881e-01 2.489189509990713256e-01 4.763082358589186271e-01 9.563717874764987581e-02 2.125505513017818537e-01 3.286135268089798167e-01 5.747760616799897252e+04 7.967122034416219685e+04 7.847523504253674764e+04 5.035355581161016744e+04 4.071214944156752447e-01
2.924567385464565406e-01 5.994377850350945947e-01 2.024117483656936445e-01 5.953385832170438041e-01 2.606812750386462985e-01 2.059435280143565861e-01 2.524877164557344789e-01 7.077419955370191019e+04 6.212383050509758323e+04 7.489449135459364334e+04 3.440724860339215229e+04 5.010564901539175109e-01
3.289911266273687351e-01 6.347363299504796830e-01 4.409218411017771788e-01 3.044794746858066614e-01 2.192767793532968412e-01 2.765800934878244188e-01 2.829027644625900506e-01 1.381114002402827027e+05 1.152668702220794512e+05 7.742329889433253265e+04 9.797692251026013400e+04 2.998009632417454884e-01
6.011481485414980064e-01 5.502222087251198435e-01 5.122874605735576736e-01 7.325682287335193443e-01 1.521543891286499528e-01 4.749376931597336093e-01 5.529586316225234555e-01 1.884023635050845623e+05 1.467262800388626929e+05 8.582355701288802084e+04 2.585479210977662005e+05 5.737643041201991867e-01
7.054303332370125412e-01 3.640966641039309892e-01 2.831420224610631808e-01 1.131958351708566846e-01 3.358251623029463451e-01 4.171767989249156594e-01 4.884140250099050506e-01 1.316561160371595761e+05 1.006606108611336967e+05 8.622325756426247244e+04 1.431379502890179865e+05 3.878820522690453743e-01
3.971562084022239869e-01 4.992012246368381923e-01 2.988766023815794259e-01 4.435411483975112423e-01 2.808442000142890027e-01 2.960229333248503014e-01 3.330299872408942763e-01 1.115796470767176506e+05 1.091622679491432209e+05 7.317669051915968885e+04 5.489577693919435842e+04 3.198071004531336525e-01
4.649485176997631419e-01 6.323014722366478990e-01 3.903538747713747870e-01 6.040261456002427032e-01 3.619373332504575713e-01 3.554355554418962004e-01 4.094765340587407931e-01 2.499204733974487754e+05 1.442599005279516859e+05 1.174569351284049771e+05 1.545347624325810757e+05 3.558570155183782280e-01
4.944265601269045018e-01 5.829540085587401332e-01 2.252309076881921501e-01 5.152721965218685085e-01 8.262311412587114434e-01 2.293789093981295213e-01 6.249576674213044303e-01 7.341203556830312300e+04 6.494973620624863543e+04 7.335750006399811537e+04 3.527834656327826087e+04 5.154572145027540575e-01
