3.108381254045254893e-01 2.217242329603832385e-01 1.568552742870514827e-01 3.188464365412084223e-01 1.882331778263300615e-01 2.385279470242081534e-01 2.936850118478903093e-01 1.344762221577123855e+05 1.304066461950312805e+05 6.666178242602702812e+04 5.134354955081013031e+04 2.593808182394996553e-01
3.157565675276064465e-01 4.280945817849818313e-01 3.006080416011421841e-01 3.710797687938487965e-01 2.799757855412688401e-01 2.807690056402595280e-01 2.933951005094402320e-01 1.624903704184706439e+05 9.321183680594517500e+04 7.562319645073192078e+04 4.834384754892052297e+04 2.669286299247449201e-01
3.453157418802532685e-01 4.774439648891107280e-01 2.934437965248857805e-01 3.502625603096746754e-01 2.578583776943343397e-01 2.820563240573830677e-01 3.374213656623692437e-01 1.036697888227796357e+05 9.415721373845165363e+04 7.154266088094300358e+04 1.343688836551416316e+05 2.759544558954312166e-01
5.374628001927974630e-01 2.632753579379466524e-01 2.811326091121186810e-01 3.560143067369810899e-01 2.770348985228139327e-01 3.065478592513052325e-01 3.683032403071415106e-01 9.219222613086197816e+04 7.835324997165518289e+04 7.729251543675508583e+04 1.201108773124380386e+05 6.016336964659781961e-01
3.400439702978306222e-01 5.485817113774890119e-01 2.799536699238315274e-01 3.886591040411087605e-01 2.362712056660591364e-01 2.172795220714952569e-01 2.652828034012655878e-01 1.050155048733136646e+05 9.118977494614239549e+04 7.526884105937766435e+04 5.347015448350985389e+04 4.191733394834999404e-01
4.617592715349725374e-01 7.147590895013239409e-01 8.252820522706290352e-02 2.886711559423338347e-01 2.389497157399916027e-01 2.224497945915498709e-01 3.071240038238799985e-01 1.204038714823009650e+05 1.033797643660783651e+05 7.334168910464677901e+04 4.331450563785959821e+04 4.386669751744514678e-01
3.779761545593938177e-01 4.680929723481330185e-01 2.723837622221185750e-01 5.362719021095014860e-01 2.525097974288530445e-01 2.691449466003660862e-01 3.665603281562803684e-01 1.116786461925530602e+05 1.016335743130329938e+05 7.964526629494324152e+04 8.920052460151170089e+04 2.884361937909314944e-01
4.792910447128642115e-01 5.280951912142785032e-01 2.886231486095133802e-01 4.663371180326475463e-01 2.360961051458516646e-01 2.973988352992857909e-01 3.729015465351963599e-01 1.347858271641842730e+05 1.232637660882891505e+05 7.842039859152397548e+04 7.727568157586487359e+04 2.903755926813864074e-01
3.111538037585998007e-01 5.981956014602427540e-01 5.414010949427318087e-01 2.880356275435300706e-01 2.467223354884960362e-01 2.395734060681208311e-01 2.597773705945857214e-01 1.218464056762222172e+05 1.070322151374872628e+05 7.462499507002854079e+04 4.642802356521461479e+04 2.151384064909381832e-01
4.343415857789019174e-01 3.402614647108250789e-01 3.252092916362347985e-01 3.223061266785366419e-01 2.941002716100748482e-01 2.859882273258446128e-01 3.411405425139255043e-01 1.412728119622431695e+05 1.030780149548366317e+05 7.691528813347035612e+04 1.084845175738208054e+05 4.112294376291993903e-01
2.646752175887422398e-01 2.191653269261763237e-01 1.263362349548179664e-01 3.066538143925226501e-01 1.548511843624595097e-01 2.318170031360280992e-01 2.816300558889687777e-01 1.001798997294587898e+05 8.912619189497502521e+04 7.418043061776734248e+04 6.953296248502281378e+04 4.392720212037012351e-01
3.585163306788872739e-01 4.243015985335014117e-01 2.439897236834624727e-01 3.774822292735918738e-01 2.840529332062766144e-01 2.538355293005297719e-01 2.724720185622759305e-01 1.210577012045088923e+05 1.102428769576911000e+05 7.950464648750057677e+04 8.319968141760546132e+04 3.004869099194180104e-01
3.026923666285216696e-01 5.285686407102586637e-01 2.410911081465427208e-01 2.487754622099124791e-01 2.522323440846859222e-01 2.462674441109267420e-01 2.671938039320010949e-01 1.403094768932830775e+05 1.211126328431457805e+05 7.579379816008906346e+04 6.688637842877337243e+04 2.294898675221174744e-01
3.588186519579333322e-01 5.331065559439170931e-01 2.599866726947624440e-01 4.969481991941681609e-01 2.606146864771011207e-01 2.549585220055800572e-01 2.339262781370744781e-01 1.091450700968434685e+05 7.904656312310091744e+04 7.697257422847789712e+04 8.356931320094532566e+04 3.345147865272454779e-01
2.299460537381416425e-01 4.901782667515232061e-01 4.665064891286553328e-01 3.130898289612165097e-01 2.591624562002323162e-01 2.725414369564895245e-01 3.861288056302546456e-01 1.337367554614554101e+05 1.084496657739070361e+05 7.753686144420249911e+04 4.016740435526500369e+04 2.735407755870090662e-01
2.939876880414755700e-01 5.755218820399626845e-01 1.668225704778548701e-01 5.883557993137175091e-01 2.401291405103314347e-01 2.126528453693085352e-01 2.746538433186114236e-01 1.542003402213657682e+05 1.387720540689521004e+05 7.282735543477554165e+04 4.489621192386003531e+04 2.386065999367155688e-01
4.313912250150766514e-01 5.175807559965200921e-01 2.996505108966930342e-01 3.656138556174060583e-01 2.340780551727265624e-01 2.601446270742171496e-01 3.436737251571366225e-01 1.337225802913655061e+05 9.274468997066229349e+04 7.853925529425556306e+04 1.054853058748617914e+05 1.900512454806923546e-01
3.255368350252314524e-01 5.786704105171381896e-01 3.745806074745482994e-01 4.450812717136606866e-01 2.891214493080675463e-01 5.408364194215764531e-01 3.361364202561298864e-01 1.120231490522020176e+05 9.854944012567499885e+04 7.481990426793796360e+04 4.931068435970363498e+04 2.962006956932927704e-01
2.833821738678817259e-01 5.565936662003320157e-01 3.928208945259612506e-01 4.237438449293287057e-01 2.219915227028990135e-01 2.925101420801603513e-01 3.037466030033481035e-01 1.275978800515920302e+05 1.108482496522314032e+05 7.689825822886203241e+04 6.731854002353752730e+04 2.950274883424162109e-01
3.669660258220395210e-01 5.290520196934839214e-01 3.199133227376640409e-01 3.588271279255912383e-01 3.188866011667182421e-01 2.886973981879456530e-01 3.238063205887724005e-01 1.308370572207897785e+05 1.041923346025490173e+05 7.925096434111398412e+04 8.321212297271004354e+04 3.314357124946544775e-01
3.355122975711992694e-01 4.077062738737990966e-01 2.817359949104903394e-01 3.863514782384007695e-01 3.018901991671090190e-01 2.833079669887449414e-01 3.121552774258639085e-01 1.330941213275332120e+05 1.105410695722098899e+05 7.338897882402791583e+04 9.007178205934292055e+04 3.085882935244929626e-01
3.177798592131559907e-01 6.009834648912796284e-01 1.647049333506095392e-01 6.298849187362358659e-01 3.082385607816181539e-01 2.514062044657174311e-01 3.105850655437744079e-01 1.338419015348293760e+05 1.273722349493278889e+05 6.827509987802378600e+04 6.171675722970225615e+04 2.653777911294343816e-01
5.089889512646276204e-01 4.931945414983404663e-01 2.587135748912467448e-01 5.211282893010921180e-01 2.679520355381690977e-01 3.788520184202989194e-01 3.556488537401080174e-01 1.148477361598187999e+05 1.266532034639254416e+05 7.543224139401321008e+04 1.114524143491494469e+05 3.566422213752992731e-01
3.695366332078298122e-01 4.276841718249881352e-01 4.660122386861771382e-01 3.732209947163155905e-01 2.765205725311457585e-01 3.022820934830063866e-01 3.438784093956367416e-01 1.210339527972233627e+05 9.800474449047946837e+04 6.958390629479695053e+04 8.621139189051663561e+04 2.311421835641536415e-01
2.700001679602443416e-01 5.151431788083582486e-01 5.281935335774127216e-01 2.656607375262119430e-01 2.204908824582895166e-01 1.966020402442988646e-01 2.437920416717529182e-01 8.434660214789769088e+04 7.516740880993362225e+04 7.367506541910600208e+04 6.630201560814576806e+04 5.726856179305851446e-01
4.392615931798899975e-01 5.336019906192137618e-01 2.691597936156491233e-01 4.335042003552810885e-01 2.655383993304926693e-01 3.261217503424344022e-01 2.830753886646542039e-01 1.269971384950694192e+05 1.276288343557886983e+05 7.843857455392829434e+04 3.702775898952088028e+04 3.169346814605621399e-01
3.699462670332410164e-01 4.995137467273918497e-01 3.450323752039243796e-01 5.046162525517982056e-01 3.006521702321871548e-01 2.597783847315380812e-01 3.263227950815599798e-01 9.677468346696169465e+04 1.053435286075131444e+05 7.725018012132751755e+04 9.582380712695611874e+04 2.852001245570800481e-01
3.783330363481436920e-01 5.017107500440889378e-01 3.624176475170367007e-01 4.377006617523830356e-01 2.720435154727108285e-01 3.219431058578625660e-01 3.527483107087973635e-01 1.329296726384835201e+05 1.072425578793144959e+05 7.829327699179612682e+04 8.299700203668819449e+04 2.862244144344716079e-01
3.845822064239632909e-01 5.377794623272557084e-01 3.286045489609432657e-01 3.239271116312630872e-01 2.604553811333579216e-01 2.892199639409681056e-01 2.841794718519175533e-01 1.453361835355639341e+05 1.150400812651034503e+05 7.776858460647963511e+04 6.081514729262665060e+04 3.335269268809913368e-01
3.026649727345587793e-01 5.946134743093077768e-01 1.758538684269970453e-01 5.976810162076203747e-01 2.378393347295050253e-01 2.476818244217806886e-01 2.698965343053375543e-01 1.141188577715170977e+05 9.987635270544975356e+04 7.495364449553878512e+04 5.058025426123417856e+04 2.353418003877468800e-01
5.243086389185463991e-01 3.638793153186357099e-01 2.342361627185559902e-01 3.459586720967656737e-01 2.916711241131562660e-01 3.635367409656004023e-01 4.096031783363872081e-01 1.180328454560135433e+05 9.891735688157986442e+04 7.823678337125194957e+04 9.308812759910617024e+04 2.934146701494876885e-01
3.086314488845993687e-01 5.991129125958274404e-01 1.684729728100394230e-01 6.420010767552696285e-01 2.959933384174929238e-01 2.482352640617674633e-01 2.887443314542320061e-01 1.320226587294861383e+05 1.163759279445858265e+05 7.437968643822355079e+04 5.400404720365469984e+04 2.485047216589246211e-01
3.329317223568598050e-01 5.140846877593631126e-01 3.416808022441473747e-01 3.810552675988652105e-01 2.755970713406177275e-01 2.578612810278317902e-01 4.120838519182530302e-01 1.291668961982158944e+05 1.122477502305453236e+05 7.885936299488694931e+04 8.029759178024153516e+04 3.688667795806587213e-01
4.133798328347472739e-01 4.765181728722989729e-01 2.893187649988321897e-01 3.625270647122136314e-01 2.763656703090843769e-01 1.977110732260277670e-01 2.847532854282890935e-01 9.536853151206758048e+04 1.115559830455816409e+05 7.611735605683844187e+04 6.131208236810438393e+04 3.443618356854796780e-01
2.835811219728791022e-01 4.199791335965934458e-01 2.567122891624137870e-01 3.319255208707631022e-01 2.599495430777400418e-01 2.142277858733975249e-01 2.467289813922397823e-01 1.225949211849444400e+05 1.177809645368191996e+05 7.495517092615214642e+04 6.729232001376924745e+04 3.679725719809304740e-01
5.352921666470449313e-01 2.297943225207062790e-01 1.440142305829461289e-01 2.203830293368759241e-01 1.939715432576016585e-01 2.364932150995280591e-01 2.643789375007271625e-01 1.132552836185427441e+05 1.004956032529107179e+05 7.389079497178950987e+04 4.262924201945270761e+04 2.331663511677827538e-01
3.152709364162999961e-01 5.800149351381665985e-01 3.037922002800306220e-01 4.660433404621474596e-01 2.368209310909352439e-01 3.098921352198970025e-01 3.902843828511866620e-01 1.257013835304807872e+05 1.047467222702462022e+05 7.627405168510966178e+04 5.800234912720675493e+04 4.761609507686798692e-01
3.505054978016043932e-01 4.888804881008886882e-01 3.367651838985690205e-01 4.050607552379899001e-01 3.151132868974148016e-01 2.046880321542476622e-01 3.688862879898910374e-01 1.112244839266966883e+05 1.093337204821124615e+05 7.286940918699494796e+04 1.370684278810415708e+05 3.487655886316533560e-01
3.915135061570504948e-01 4.424111374035517019e-01 2.962637924587271376e-01 3.931209529229377497e-01 2.960345865086456696e-01 3.082351266297665426e-01 2.781488866310192765e-01 1.125149359705199167e+05 1.007924090744178975e+05 7.323154803945764434e+04 7.101495359381905291e+04 2.606767418541857673e-01
4.522641958759875402e-01 4.415579994242700423e-01 2.618969199010081073e-01 3.992149593645828998e-01 2.138625765800897249e-01 2.934474785108646122e-01 3.142067840851079930e-01 1.197336629972250958e+05 1.071234440046467207e+05 7.304490035090289894e+04 7.891629725439161120e+04 2.831686475365983724e-01
3.158155979285913184e-01 4.690457965231095150e-01 2.432406036751630640e-01 4.105667368984136645e-01 3.304266753823917879e-01 3.356890892216242706e-01 4.270271403550525147e-01 1.101525331663742109e+05 1.094061110895947058e+05 7.782963994602477760e+04 1.196534868670186406e+05 3.363453463952345013e-01
4.486520697272806113e-01 4.842382279294328296e-01 4.156417628550814203e-01 5.297628326324186343e-01 2.758321395276413512e-01 2.753790433577020247e-01 2.653164403123523529e-01 1.022588068957993819e+05 1.210179497357119253e+05 7.440551468017535808e+04 1.115948512865766097e+05 3.491215837370882924e-01
6.748644839455552047e-01 2.973110618970825070e-01 3.866418262051742327e-01 6.924790258673090004e-03 2.652252791916760999e-01 2.947433830624036633e-01 6.096757085641449914e-01 1.194801216874413221e+05 1.052542839605228364e+05 7.498617325264832471e+04 1.362695593820524518e+05 3.821750437697919445e-01
4.166662645001459886e-01 4.402420088423242839e-01 3.020862936301682566e-01 4.199442772371371757e-01 2.629848625507337778e-01 1.797615087446684246e-01 3.401162602096846621e-01 1.342020297755487263e+05 1.090271170014451200e+05 7.755196806505063432e+04 7.798870703025387775e+04 3.529987879614689961e-01
3.161528669371324596e-01 6.011258053520815992e-01 5.450343473088465895e-01 2.913948760957157935e-01 2.472791480649697560e-01 2.534634922783304267e-01 2.596012705661092657e-01 9.673878583869892464e+04 8.163321866219110962e+04 7.768271442591879168e+04 4.984533334672547062e+04 2.138381538395579262e-01
4.364298505100117631e-01 5.074669793163589793e-01 2.965834812381158980e-01 3.928983964042667698e-01 2.633049734993522240e-01 2.878062984379223255e-01 3.501473291196740556e-01 1.318559544561546063e+05 9.482202937285081134e+04 7.853461878137584426e+04 7.051289225309448375e+04 2.545106776354264522e-01
4.317128707401400312e-01 4.150514710986967781e-01 5.206633975826366889e-01 3.609699508977166627e-01 2.615021402107379211e-01 2.632221361145690164e-01 4.166158394260046638e-01 1.520805153832341311e+05 1.050526276666034537e+05 7.926300696313910885e+04 5.979456913544353301e+04 3.046392248692558757e-01
2.996848773807055388e-01 2.518970950980359280e-01 1.514824115111088332e-01 3.213073287644876985e-01 2.133047394382988071e-01 2.609321763830969032e-01 2.918364764948360723e-01 9.113708225898459204e+04 7.588462632395734545e+04 7.882329748233220016e+04 6.026505625316022633e+04 2.530371633674303733e-01
2.893343626357928744e-01 4.595206886713005257e-01 3.187910960255627146e-01 3.336011861208318940e-01 2.645285972468730540e-01 1.989479259225870045e-01 3.209757916424273994e-01 1.413621608152535628e+05 8.917004740445913922e+04 7.920101546984606830e+04 7.624174775038819644e+04 2.674844554560763532e-01
4.321058063819273598e-01 5.312772567221868414e-01 2.404025554649825147e-01 3.715457755013944485e-01 2.603683835862340423e-01 3.116932296819216464e-01 3.722463249460904455e-01 1.215890360845405812e+05 8.702082270526039065e+04 7.544189913942344720e+04 1.078329392631689261e+05 2.981254460337177670e-01
3.945575864035202329e-01 4.889287730970346968e-01 3.700435022798487239e-01 4.658639295452697282e-01 2.668454359891079819e-01 3.027681381817740047e-01 3.865268183806873092e-01 1.319024237449744251e+05 9.515443326540158887e+04 7.680112524422659772e+04 1.106396754747462255e+05 2.889021621210848267e-01
5.481753275064780162e-01 5.890349469095275126e-01 4.814849516637188520e-01 1.264540021023524419e-01 8.357662170326533024e-01 2.640843808793069125e-01 6.955762458149340466e-01 1.136427911228151497e+05 9.684084892719505297e+04 7.809984722130269802e+04 5.815263569015928806e+04 2.540704065259178357e-01
3.371972169647778905e-01 5.271303083693728020e-01 5.077662239412594758e-01 3.295263528373480466e-01 2.521663339883299937e-01 3.138527587676619990e-01 2.209952055978158802e-01 1.237523336442359141e+05 1.168049236402771639e+05 7.504845651183852169e+04 7.085801001961377915e+04 3.464323282837726281e-01
4.578307781569448398e-01 5.029125749560986458e-01 3.624625399406914972e-01 3.956935958836694245e-01 2.831713898768192794e-01 2.663058770522983010e-01 2.997349467338984996e-01 1.079867346647073282e+05 1.237894830960764666e+05 7.967849716070889554e+04 8.530938506756669085e+04 2.749853639221780943e-01
3.674143800423308459e-01 4.491744154938756006e-01 3.636464279351829809e-01 4.583859007936573193e-01 2.888393560606993815e-01 2.921133265489693209e-01 3.544584895720419571e-01 1.152407809216140886e+05 1.100281772588923632e+05 7.506025086397556879e+04 8.556638798754443997e+04 3.137489692434503041e-01
4.111058054174492327e-01 5.679173781765551876e-01 2.658967343186577903e-01 3.637074433053177902e-01 2.516086649792079744e-01 3.750453701633022496e-01 3.019588252668605755e-01 1.500791316323031497e+05 9.341710219466112903e+04 7.931763541130158410e+04 7.202791018479973718e+04 3.049665900002753727e-01
3.834453874539744400e-01 4.873302375624167793e-01 3.017653897215907821e-01 3.931074991100977911e-01 2.361586274869323931e-01 3.225886915809942912e-01 3.594135223653964761e-01 1.237515785806936765e+05 1.298804548284198099e+05 7.921697465384556563e+04 8.170031180858488369e+04 2.847305240263885984e-01
3.801943997472810866e-01 3.026479920997574569e-01 2.433553813680941480e-01 4.826832392211020673e-01 2.236820666709721239e-01 2.370664904919523031e-01 3.242875884063055048e-01 1.288710191112541797e+05 1.040321142337349011e+05 7.305777305058045022e+04 6.792484170250603347e+04 2.859278857147872221e-01
3.855758177187085800e-01 5.176679325838368095e-01 3.519555102653728618e-01 4.838683502410217052e-01 2.887357534590330732e-01 2.622960759771197359e-01 2.654894663929711074e-01 1.508735262278174923e+05 9.597341627074223652e+04 7.900765782481749193e+04 9.570699092134313833e+04 3.565628751039915389e-01
3.072230804643464319e-01 4.693777472828987163e-01 3.685607114659674721e-01 2.021131326285701968e-01 2.712473600055183565e-01 2.686327083947823158e-01 4.007755725640391176e-01 1.395792836718597391e+05 1.047590328617491905e+05 7.446485936049105658e+04 1.090620136537915532e+05 2.309681637334092541e-01
4.724777554297369120e-01 3.334364841282125291e-01 2.333168163205011914e-01 3.924642583769755166e-01 2.730041207535530146e-01 3.350752549919145395e-01 3.746361966831850965e-01 1.436303585235073406e+05 1.182100302313710126e+05 7.968585422680663760e+04 1.209958321453789395e+05 3.332672046186371251e-01
3.261616374945028873e-01 4.412880880782651394e-01 3.072908083144173519e-01 5.194235934623993023e-01 2.696666935186468606e-01 2.384935763649806972e-01 3.271179944812885876e-01 1.399483423231636989e+05 1.241908951508760656e+05 7.978503217553332797e+04 1.297674206007080502e+05 3.020851487639338862e-01
2.893736444320390011e-01 5.044942111777893645e-01 1.944350386733098845e-01 3.934532282788648638e-01 2.301789190564219878e-01 2.138548321544135322e-01 2.716821573748200436e-01 8.752058190712291980e+04 7.774717079236003337e+04 7.386925127154491202e+04 7.442657980053167557e+04 5.882977415994243842e-01
3.425832888382647212e-01 4.605002648415271738e-01 2.498814090373554786e-01 4.366724920383265318e-01 2.800164241190067349e-01 3.201577992864453881e-01 2.598224268506450496e-01 1.313336900746724277e+05 1.283200226193502313e+05 7.506492171908644377e+04 7.948939677469257731e+04 3.364604641943370056e-01
2.256053808528062921e-01 4.754068531563380162e-01 2.531006195882176679e-01 4.548008105598123074e-01 2.857708824639574874e-01 2.409300141019023733e-01 2.798027168231345674e-01 1.224786992010888644e+05 1.126204859167296672e+05 7.456735826677006844e+04 6.303069682408568769e+04 3.222787389218947918e-01
3.171937500895901652e-01 6.020479418024254903e-01 2.733539091267587207e-01 3.639493286763703650e-01 3.381988100133598851e-01 3.095903819942102397e-01 3.151180141784055144e-01 1.148522065531002008e+05 1.174372970181029814e+05 7.675403275242843665e+04 1.102760895067849924e+05 3.967236302779401091e-01
4.253181903012557274e-01 4.510286851956681886e-01 2.773819095618910158e-01 5.193604941451990253e-01 2.459407813599541748e-01 2.758563561397543440e-01 3.680418627625283712e-01 1.370215366526191356e+05 9.542101785283011850e+04 7.192005971074361878e+04 1.048660402910810953e+05 2.683140760038599248e-01
2.845942460795448659e-01 4.897636747206181584e-01 3.481696264375359062e-01 3.677934705585566011e-01 2.295900304794872004e-01 5.547980665953705648e-01 2.924250756856226485e-01 1.205494537489459326e+05 1.082638324346336303e+05 7.315644474449200789e+04 3.644656012958806241e+04 3.394296047467282862e-01
1.676986307698355161e-01 1.363735127035676231e-01 1.590821876831979564e-01 2.331561547126535794e-01 1.096916889833047526e-01 2.944222506673670470e-01 2.167747893930987990e-01 1.092673122484902269e+05 9.524646313447556167e+04 7.614546399798511993e+04 2.499454704293548712e+05 1.375025938298082839e-01
4.517354448934197686e-01 4.865529081858110949e-01 3.194228535151978354e-01 3.944674818021830509e-01 2.511390144087806142e-01 2.801569591702359197e-01 3.665504627694566864e-01 1.317714150040923560e+05 9.801642246286018053e+04 7.587831851519896009e+04 6.411306179220251943e+04 3.332658804095594007e-01
2.493801468954017220e-01 4.789814848914388801e-01 2.856685430586850538e-01 3.104032022416720604e-01 2.328236585952053461e-01 2.944540124609920650e-01 4.058992235269962556e-01 1.371505527039133885e+05 7.919153804570068314e+04 7.793116265416477108e+04 5.414005800374025421e+04 2.986168582320692377e-01
3.819163385009962108e-01 3.800104694644994008e-01 2.777465255397383315e-01 3.564071945897776539e-01 2.377834550878666908e-01 2.692910566699977526e-01 2.911455347690817264e-01 1.503152343389190210e+05 1.006819495987756382e+05 7.532992729410297761e+04 1.965761002183483288e+04 2.836088572168242727e-01
4.245087184432185801e-01 5.273852311730946596e-01 2.709647464717240273e-01 3.564143263403418693e-01 2.618281104853596442e-01 2.993229179058748413e-01 3.056279516738613644e-01 1.223931963504306914e+05 9.317958386253513163e+04 7.558667953494336689e+04 6.236303644741831522e+04 2.982243482480679830e-01
3.657834190172548627e-01 4.057736076937510372e-01 1.951308854599415332e-01 3.409453352991820840e-01 3.087535612594488055e-01 2.575103325404544119e-01 2.712192722718504423e-01 1.207330920131155872e+05 1.091518226150177361e+05 7.223693402172150672e+04 6.113454999511185451e+04 3.353524810498273445e-01
4.202938989645674805e-01 4.100953887010359011e-01 2.589074315477091215e-01 5.459738057438232595e-01 2.533061549475513763e-01 3.300540993225476449e-01 3.868929060282425003e-01 1.133413111100308161e+05 1.108447495673477097e+05 7.629698488642061420e+04 8.359840754257005756e+04 3.372966230295297296e-01
3.038203000365928275e-01 2.399428749713184428e-01 1.429578129982244095e-01 3.198943362261152945e-01 2.114450243528250006e-01 2.523692185443822678e-01 2.852016644120279332e-01 1.280311327987347322e+05 1.125447305131074827e+05 7.459014888059477380e+04 5.597241923008623417e+04 2.512853285681012072e-01
3.707611554943943122e-01 4.266533328992668794e-01 2.531595546852785095e-01 2.888927359575189646e-01 2.826092647195399543e-01 2.526272484869618862e-01 3.731893198581887616e-01 1.496597503854741226e+05 1.193123676547612995e+05 7.563576631343533518e+04 8.352622519137349445e+04 3.474758076511527127e-01
3.873127063017722249e-01 4.962763868778661269e-01 2.230482505636508517e-01 3.336548011375511935e-01 2.329240216693740095e-01 3.272152436469472070e-01 3.196908250860291401e-01 1.249870424843426736e+05 1.015514941034994408e+05 7.702555825935580651e+04 1.120929212999778101e+05 3.030847752405161355e-01
3.578065264558300540e-01 4.388230171623219156e-01 3.468704745621322694e-01 5.850052613757497078e-01 2.475430997400546451e-01 2.083336939052405079e-01 2.936092653540736119e-01 1.361299137045883399e+05 9.070998420523927780e+04 7.715710738423718431e+04 8.392012973608022730e+04 3.170151526791847862e-01
4.492263224737483296e-01 5.591829211954593148e-01 3.065300011184231566e-01 2.981261072297146097e-01 2.385557837205369569e-01 2.787269246643048759e-01 3.131158548112455420e-01 1.187007883736040967e+05 1.067964243445081956e+05 7.330217884005130327e+04 1.013500014531553024e+05 3.463059988379877385e-01
3.243551765800767317e-01 6.908528116432083310e-01 3.209715908635146220e-01 3.504832444873662856e-01 2.273109255847487742e-01 1.938091347401393050e-01 3.725113484835547162e-01 1.159122928905660228e+05 1.080827079552807991e+05 7.790415449808516132e+04 4.917225684310127690e+04 3.746038093848599870e-01
4.729345500436215599e-01 3.630477404732359581e-01 3.073039781692625261e-01 4.220964926103235593e-01 2.305574594054106419e-01 3.473881285317906853e-01 3.892556905846544235e-01 1.020511846015250630e+05 9.830069824348804832e+04 7.040117200131500431e+04 1.217006202724048489e+05 3.951938175362902927e-01
3.372914401900138359e-01 5.118237573039848831e-01 3.720962435441127480e-01 3.557908158057220271e-01 2.672735535155285058e-01 3.241345698681040166e-01 2.804447180109204685e-01 1.427447786122303514e+05 1.061776033307975886e+05 7.588741022089538455e+04 5.363280661859206157e+04 2.479856080669900764e-01
3.412748034982042156e-01 5.452454536317631328e-01 2.216972995811647695e-01 4.262194385870154423e-01 2.931586357749862426e-01 2.776355919326496946e-01 3.529979354007613535e-01 1.222290954756657593e+05 9.156147735367240966e+04 7.552917983798422210e+04 6.691783949730981840e+04 3.195567883489907612e-01
4.029141392763548324e-01 5.982756990200106539e-01 2.553615912705985425e-01 4.126162455953078512e-01 2.563166991183937204e-01 2.990831381555391077e-01 3.181054184126148043e-01 1.145198870233394991e+05 1.070215761675145623e+05 7.193323044550706982e+04 6.332910730038709153e+04 3.696365903239663409e-01
3.939291729270244513e-01 4.650864022841986190e-01 9.297966225360701498e-02 3.643444080541382024e-01 3.143406729018314860e-01 2.375567445886793416e-01 1.863986535219202822e-01 7.579543742641441349e+04 1.241449656832813635e+05 7.518389272806623194e+04 2.142347130709031626e+04 4.790932069611308908e-01
3.427311654022242027e-01 2.781869891826959096e-01 1.789512750409484876e-01 4.505991621333059749e-01 2.290314596900731303e-01 1.977957592393072284e-01 3.008581212009982520e-01 1.180274275918571657e+05 1.192103765407465835e+05 7.389021401817419974e+04 1.068291193036499608e+05 3.203133825996236084e-01
4.532278522676406185e-01 4.866777977328854976e-01 3.875077084342932188e-01 4.316519326737447426e-01 2.880768072106234534e-01 3.282863544803321099e-01 3.625549888580295033e-01 1.131054242621329613e+05 1.124610143743966764e+05 7.330978148171583598e+04 1.059561498515426792e+05 3.462081566292860568e-01
4.061419178937941132e-01 5.727241231428881196e-01 1.857037618530180678e-01 3.526114694869674215e-01 3.389039111977110719e-01 2.657550758161464355e-01 1.608630611575690983e-01 6.608684741110356117e+04 1.247678471492493700e+05 7.096619925612807856e+04 5.096231565533129469e+04 3.614833413102909732e-01
4.630398346379226426e-01 5.153907191568203316e-01 3.325519570439665062e-01 2.880776963004255675e-01 3.112828560288080637e-01 2.592128277179978624e-01 1.336599533393522110e-01 6.733328688709586277e+04 1.409576143196197518e+05 7.404446219169818505e+04 3.108995746901481834e+04 4.834019059063032198e-01
3.791075314346094571e-01 3.645999685270552293e-01 2.662436044821648862e-01 3.120945263050066143e-01 2.823696880516783914e-01 2.957784489738204403e-01 2.863265866177183705e-01 1.424030481876666599e+05 1.076924253691201448e+05 7.942183882536567398e+04 5.790810007464720547e+04 3.106539232002820672e-01
3.887010698618467153e-01 5.307147208484296330e-01 3.455558080278244848e-01 4.502012135169903839e-01 2.840354749615336405e-01 2.658596839768205822e-01 3.598500464841599689e-01 1.328846189942969359e+05 1.108175090470104042e+05 7.355624332709348528e+04 4.743850148230987543e+04 3.057061555600280589e-01
3.555845805410237648e-01 4.946191392264570608e-01 3.783695522994169336e-01 5.446285014643613698e-01 2.797499683445957008e-01 2.911937700256730932e-01 2.927176252155786473e-01 1.044155055713905895e+05 1.114538410413138045e+05 7.672683262285435922e+04 7.804562806236985489e+04 3.421221112712787837e-01
4.056666671407071489e-01 4.641127078783947035e-01 1.897548392368327563e-01 4.342285210488483482e-01 2.558009036344097153e-01 2.902965706085777198e-01 3.300834249838996981e-01 1.405029955382172775e+05 1.011208906515493582e+05 7.270638499472348485e+04 1.154997238979358372e+05 2.760958567251812767e-01
3.741844550290598925e-01 4.685442686779335286e-01 3.453288345781886926e-01 4.754045673732006927e-01 2.508378604674582624e-01 2.997704667519798249e-01 3.240210726229288962e-01 1.313565293762647489e+05 1.020187466527405923e+05 7.411906437316085794e+04 9.337087829724793846e+04 2.709864664072450524e-01
3.233806014998841238e-01 4.560391770150317714e-01 3.760758559709415083e-01 4.252219547156035340e-01 2.603437209413474451e-01 2.641868020254448668e-01 3.498324624249380399e-01 1.262608106909764174e+05 1.182945007286512700e+05 7.872888927227995009e+04 8.706559811686241301e+04 3.745721649446876467e-01
3.778790874440092207e-01 4.252396437337281898e-01 2.433123686201853209e-01 3.982172779168793864e-01 2.747404268366688829e-01 2.622865529610454161e-01 3.318857935361554934e-01 1.351127578680118022e+05 9.722075049662623496e+04 7.858930738398576796e+04 1.034637158172334312e+05 2.724927286340164123e-01
2.406522781346176476e-01 4.161809091872772370e-01 3.735761752999732233e-01 3.340769218991562206e-01 3.055612274110770521e-01 2.911101948001411643e-01 2.830438749429736722e-01 1.522575652761203528e+05 9.811402154787721520e+04 7.388037801748057245e+04 5.924313097959067818e+04 3.839498559692081647e-01
3.844244499296027850e-01 4.426993211429507968e-01 3.201079290084175022e-01 3.569694850486928583e-01 2.446064516951491075e-01 2.522162043098236106e-01 3.235521825225201042e-01 1.329417396755701338e+05 1.200426497161643638e+05 7.709599995234413655e+04 1.005848492847619636e+05 2.721103623337095545e-01
3.751882616084706856e-01 4.512050566965746246e-01 2.645532322659649993e-01 4.267531646725196692e-01 2.664833052572170846e-01 3.345483818401440712e-01 3.907802769910107554e-01 1.049003324220541253e+05 1.002498064916551521e+05 7.793194962174129614e+04 8.720248401906242361e+04 2.346103481862827911e-01
4.175117622276963147e-01 5.689136676931471071e-01 3.608726613402481465e-01 4.103699198898529965e-01 2.669417575700764322e-01 2.397086461844959993e-01 3.315764437109354756e-01 1.053587116717495228e+05 1.085762210609688627e+05 7.356752793342605582e+04 5.414320213837658230e+04 2.346815068324919484e-01
4.085011505153615663e-01 4.936081939306117272e-01 1.708119402156823563e-01 3.981587859235105609e-01 2.782324901955607888e-01 2.294905287680394368e-01 3.503218161173164980e-01 1.443854605945594667e+05 8.931013956152586616e+04 7.835155063481637626e+04 6.268534393527284556e+04 3.667194753898216919e-01
4.707227180819553713e-01 6.122381806663435011e-01 3.179927331662623646e-01 3.979120295338353097e-01 2.798685243514469345e-01 3.057422939325300515e-01 2.929977117987207502e-01 1.402351031916697975e+05 1.070513448291816894e+05 7.554020818458359281e+04 7.691856403363576101e+04 3.228094690471547956e-01
3.519042784938862800e-01 4.492524468298523810e-01 3.443042274133303882e-01 3.770898478928899622e-01 3.262430069173039016e-01 2.829830036522106296e-01 3.085435192421023265e-01 1.507965246577439830e+05 9.356344647546010674e+04 7.812599923374509672e+04 1.454001352797017898e+05 2.468026145366059021e-01
2.982148054238315527e-01 5.948813808178622375e-01 2.303372425036879501e-01 3.597377936057990500e-01 2.410404328347280911e-01 2.372442656080368806e-01 2.808081287367409917e-01 1.355918047991923231e+05 1.201103424366538966e+05 7.407256605580949690e+04 5.038677395464981237e+04 2.445752557757959189e-01
4.120288776098413042e-01 4.578227897470561469e-01 3.282437118227875539e-01 3.829112100037580513e-01 2.307855731399397203e-01 2.484585031144359857e-01 3.549468971171372278e-01 1.253673077236459649e+05 9.957000096569235029e+04 7.949760567019776499e+04 6.453362819396713166e+04 2.648989318199111431e-01
3.908933251479491666e-01 4.839832039808885655e-01 2.507737518389779319e-01 4.811559229917773406e-01 2.929994636364471328e-01 2.804681371497945164e-01 3.222067099757246478e-01 1.279967854047117435e+05 1.053431455263237876e+05 7.442303161458502291e+04 1.012506594958923379e+05 3.486657272376793570e-01
3.489911338444374178e-01 4.280421514682432593e-01 3.349832216729067835e-01 4.526149319858431830e-01 2.972248960246456906e-01 2.863572120699530155e-01 2.767837496323680702e-01 1.217489265154757304e+05 1.225486090209854447e+05 7.554800328044455091e+04 7.242873814576858422e+04 3.428668114054566618e-01
3.853569493141072999e-01 5.270638672939279568e-01 2.455209294956748889e-01 3.707577011368785036e-01 2.566985536521178002e-01 2.972887355728962566e-01 2.793009949530052549e-01 1.132637152650971111e+05 1.017773234103030118e+05 7.073751303357686265e+04 7.226623156765289605e+04 3.395202383878244690e-01
3.570906618505387820e-01 6.357109899423908361e-01 4.126078023616247537e-01 3.799178328110267566e-01 2.445778486003910845e-01 2.854053807199525283e-01 2.978320561825903989e-01 1.340537714589121460e+05 1.019332087157396454e+05 7.532873379508273501e+04 7.585812845726381056e+04 2.191739667493084465e-01
3.779822183398872104e-01 4.380929649042401564e-01 4.757597797119484384e-01 4.397447049043622380e-01 3.119065985223797299e-01 2.398054719664380607e-01 2.450520967315393817e-01 1.208474057692137139e+05 1.313391734664702672e+05 7.417927831214199250e+04 4.766802649895973445e+04 2.300268074608631530e-01
3.978303996646511131e-01 4.956067558099443437e-01 3.342461999197426925e-01 3.536084632160768626e-01 2.496914946017817216e-01 3.152133331586638443e-01 3.415179639123795408e-01 1.274137445903839689e+05 1.173213479988435138e+05 7.530242444211672409e+04 5.858869015894846234e+04 3.455872383574545292e-01
3.341277157805453424e-01 5.148920994634434978e-01 3.339925614118387509e-01 4.798081828554703887e-01 2.564526213595807458e-01 2.603680529237999974e-01 3.228568854935276455e-01 1.214619605591064901e+05 1.236173889229045744e+05 7.112292945713974768e+04 8.624143630864941224e+04 2.020460810911413052e-01
2.876422931654470938e-01 4.364774222012750560e-01 4.271803884648129879e-01 7.104355047545073409e-01 1.753324918410720246e-01 8.670219360981523682e-02 5.138606569936161883e-02 2.176911987123630242e+05 1.771056782900096732e+05 6.543111043263343890e+04 4.587219554935023916e+04 6.661225446541839401e-02
4.011812095876684525e-01 4.755950410455100363e-01 2.521299645206540041e-01 4.293180796396107723e-01 2.850291428570110308e-01 3.339064744621235703e-01 3.192772920992454910e-01 1.392895915269136312e+05 1.141244163549891236e+05 7.806004215110121004e+04 7.937335452266168431e+04 2.865149163232560414e-01
3.142340637117549407e-01 4.672257721597250502e-01 2.966342109404225824e-01 4.030966015376173384e-01 2.165269579335609984e-01 2.522611832065782544e-01 3.795067917499871935e-01 1.284001248143430566e+05 1.088245572949726338e+05 7.546396424406227015e+04 7.038722648682442377e+04 2.683283053118855066e-01
4.351476328839005148e-01 5.696938902763502011e-01 3.810710742797172590e-01 3.693278503255738587e-01 2.668825095673804659e-01 2.618927504518853144e-01 3.033475037698053489e-01 1.164704273811315943e+05 1.095828843139705423e+05 7.761323991528547776e+04 3.553706532749471080e+04 2.928223860654606270e-01
2.905216446150527543e-01 5.482083049887317427e-01 3.757004732058245589e-01 5.262935495772775862e-01 2.515663540920389241e-01 3.098787509485672609e-01 2.945973467055112982e-01 1.228953877478560607e+05 1.090987482435081765e+05 7.963914269163967401e+04 7.434144264180088066e+04 2.765948490977833130e-01
3.711915276425241106e-01 4.982755248846704177e-01 4.006015447914049177e-01 3.933823356829148632e-01 2.323725964555184709e-01 3.002763627884640352e-01 2.964235933445312221e-01 1.244530409798667824e+05 9.263046703059520223e+04 7.979225343681563390e+04 6.883762321442959365e+04 3.099537273121094061e-01
4.343576365778906156e-01 4.802162264340178455e-01 2.750728763499470930e-01 4.042643394985377947e-01 2.648767509139040577e-01 2.435849265533137076e-01 3.678567318568082278e-01 1.258629979826296913e+05 9.097973026017643861e+04 7.393543523294436454e+04 6.450417341732402565e+04 2.961290075760695806e-01
3.343025354745928213e-01 5.256937462485218315e-01 1.347646185957611098e-01 4.173627853633741780e-01 2.945831239797194190e-01 3.208554231631008946e-01 2.929704192474759106e-01 1.045283703418477089e+05 9.500459452247878653e+04 7.827823098960699281e+04 7.571733531633396342e+04 2.849005237759755227e-01
3.287805196663656782e-01 6.191748346843614081e-01 5.760385471356376241e-01 3.339458943856902229e-01 2.910338836759047143e-01 2.405828459570943378e-01 2.850268687404335366e-01 1.225813349336390384e+05 1.077073335164523160e+05 7.463743655676720664e+04 5.720675975745800679e+04 2.290622495981641249e-01
4.535667041856806248e-01 5.105287856708088379e-01 3.108554644750573526e-01 3.262171080701641301e-01 2.633008432853585212e-01 2.179902818955601618e-01 3.271851122680903279e-01 1.153914211715400597e+05 1.043171296489672241e+05 7.831665150079029263e+04 8.150949679296957038e+04 3.051768671492994245e-01
4.216256638487201336e-01 4.812786487507664801e-01 3.636819203621728946e-01 3.117555969490893863e-01 3.141972375559974884e-01 3.249793700176457634e-01 2.517686546100565415e-01 1.284746161657868943e+05 1.039290699873132398e+05 7.878327317740925355e+04 1.000321788861295645e+05 2.571685672061292949e-01
3.648035429603942448e-01 4.735497468429145651e-01 2.921780080708134553e-01 2.834630158939321909e-01 2.967456986763006288e-01 2.731057768230489291e-01 4.111638305253533243e-01 1.373403559839694062e+05 1.014191274010552297e+05 7.705270668627198029e+04 8.256829900930121948e+04 3.031011303000546442e-01
3.201971054168900044e-01 4.526697179299381535e-01 2.973377095905144762e-01 5.598837814270183344e-01 3.189525819275216278e-01 2.883472862740647513e-01 3.140327121891093309e-01 1.182918592903355748e+05 9.927554528456561093e+04 7.150129243167393724e+04 8.371877949615979742e+04 2.668650914434856358e-01
3.365309902700044931e-01 5.180358185636618762e-01 4.223241359883709856e-01 3.371281753929468161e-01 2.232092305111774144e-01 3.006415821997401872e-01 2.782319541983753752e-01 8.843780199931177776e+04 9.923725028376845876e+04 7.336762204586718872e+04 8.873376941336948948e+04 1.805593845793888597e-01
2.744005506790669346e-01 5.800155079900009003e-01 3.061940660747161647e-01 3.215987313879832277e-01 2.409796412124726450e-01 2.427403129610216093e-01 3.299054953434150672e-01 1.337504827177675907e+05 1.083234982132585137e+05 7.756457221220049541e+04 9.003038439447504061e+04 3.509952339268575527e-01
2.824297871232245294e-01 4.866840650847844008e-01 3.004727806709205362e-01 4.429841833343864943e-01 2.883303097945871807e-01 2.658599824654825916e-01 3.568688184550091180e-01 1.220358678500440292e+05 1.050406427593283297e+05 7.433724438223660400e+04 6.856016127113573020e+04 3.217588903435777969e-01
3.950242643928008057e-01 4.235423252096660596e-01 1.371974052193944416e-01 4.119405043096873720e-01 2.723691900586233117e-01 2.536286954332284127e-01 3.546220180508599107e-01 1.204531509925367427e+05 9.031994802297819115e+04 7.819403649637236958e+04 5.887344452773975354e+04 2.880514215432677383e-01
3.587531612898949840e-01 3.650122588110499278e-01 3.838532235509244384e-01 4.398789522592266854e-01 2.389940630148798262e-01 1.976465075222148537e-01 2.594343773999044367e-01 1.456728269783581782e+05 1.103095178880864405e+05 7.790475046288217709e+04 8.298197021320910426e+04 3.796915609599982311e-01
4.059010672941756881e-01 4.174834838081375454e-01 2.628188762415267776e-01 4.289417676465873686e-01 2.690395587809636946e-01 3.051477757305799954e-01 3.155918459651230745e-01 1.326918334479025798e+05 1.039105019800587761e+05 7.630807035924171214e+04 6.820623764760552149e+04 2.371234069320907467e-01
2.841883218392556865e-01 1.954426953913494525e-01 1.638565921169086725e-01 2.743522353937546399e-01 2.045482332068010445e-01 2.263312169905124793e-01 2.778742713307768009e-01 9.078826665210939245e+04 8.029337254049711919e+04 7.424204760882479604e+04 8.309825843093881849e+04 5.930171822253983427e-01
4.184312581060147807e-01 2.668439604266313880e-01 2.776569445270546388e-01 4.778497468362794542e-01 2.405598781789645146e-01 2.074506230892023684e-01 3.400249256783717811e-01 1.227900346211617871e+05 8.490278582860315510e+04 7.932629725239361869e+04 1.001990859755036654e+05 3.766431796394474896e-01
3.871692881660285246e-01 5.730211210038639313e-01 3.899876277047694129e-01 3.770616647759220674e-01 3.992214289324513832e-01 6.920293301572314482e-01 5.325985772713227595e-01 1.395893648827455763e+05 1.218494605348058394e+05 7.430668396920007945e+04 4.528760862590654870e+04 2.794592170836801004e-01
5.452572281993119940e-01 5.832511009968784910e-01 2.759392862695410620e-01 5.159787641436626160e-01 7.296994751510059718e-01 3.233084714263804171e-01 5.818956784540032512e-01 1.243919650195408030e+05 1.093024417034690268e+05 7.478186504808001337e+04 5.680421112612423167e+04 2.480230420023949445e-01
3.580579147743900292e-01 5.065048206166182787e-01 2.765718444306206059e-01 4.622087560138324336e-01 2.801397200493555562e-01 2.661800803114228731e-01 3.887582243122332804e-01 1.347864666269840382e+05 1.183928064768788026e+05 7.642470127135494840e+04 1.050365090703259048e+05 2.977062688817405101e-01
4.535940144720666534e-01 5.376961131253592541e-01 3.644638119635649209e-01 3.816765820009235255e-01 2.612783035437667434e-01 2.968470389088598838e-01 3.281887440820259183e-01 1.083047429209722904e+05 1.255072191434732085e+05 7.986267279143499036e+04 8.029611940543497622e+04 2.783242333037688199e-01
3.363509764801076440e-01 5.440239182035901955e-01 2.365892925335125463e-01 3.779721389655130714e-01 2.699285598276140452e-01 2.476999557299211507e-01 3.236958057775166098e-01 1.190011945154965360e+05 9.650655635655317747e+04 7.452610164179099957e+04 4.522893621197330503e+04 3.205883447869177783e-01
3.939153828746869701e-01 4.098938161426079474e-01 3.228540164986463123e-01 4.000966630499021015e-01 2.344139259738512449e-01 2.612329683750709841e-01 3.009445768101793317e-01 1.224181185057929688e+05 9.837802108349859191e+04 7.595676989553854219e+04 8.465948757171430043e+04 2.619646059205532618e-01
3.559610853873392822e-01 5.349215315765531997e-01 3.557511483624520299e-01 3.565216181193751610e-01 2.640470720244816327e-01 2.390948101652770608e-01 3.705474191713686860e-01 1.247893753054771223e+05 8.995754938521183794e+04 7.856688467480306281e+04 4.296260387223734870e+04 2.628453240302249805e-01
2.664630371083646643e-01 5.409090716484484807e-01 4.842319171272159717e-01 2.276201142808368383e-01 2.006091204151303486e-01 1.952514133553935327e-01 2.316914389467448487e-01 8.142311197037903185e+04 7.646632686991668015e+04 7.039037666230673494e+04 3.392247776105900994e+04 1.917598521236128228e-01
3.349056632836578951e-01 4.663542868621849413e-01 1.903800344690884661e-01 3.839448842821023833e-01 2.760991123368479738e-01 2.172381867276212131e-01 4.048733370739902582e-01 1.437050070957978605e+05 1.037536932197375427e+05 7.601022120134699799e+04 8.466533587603067281e+04 2.106198527716126034e-01
4.572965974721930893e-01 3.631962391021887893e-01 4.941938951346016573e-01 4.084521262144881759e-01 2.592943151751712083e-01 3.092873189711786153e-01 3.016587777990201169e-01 1.122557959751534654e+05 1.026509621187784942e+05 7.781309424857077829e+04 1.110284848888148554e+05 4.304938337829184447e-01
3.733241362468106006e-01 4.624715399266677296e-01 4.100517775161707790e-01 4.425188962640762558e-01 2.534639703719661630e-01 2.169229600864731600e-01 2.891465346761041277e-01 1.177646551053133444e+05 9.261454540022589208e+04 7.550439534014655510e+04 1.101018999732816592e+05 2.691196341062587205e-01
3.854178462405488670e-01 2.855869789003880888e-01 3.212927220219525259e-01 4.454069075900888852e-01 1.763577203389231907e-01 2.515031757612053442e-01 2.965298496763074110e-01 8.201092929164534144e+04 9.121820732759530074e+04 7.410251091503161297e+04 9.211414751618768787e+04 4.219241457438624998e-01
3.078146700261981117e-01 5.793116638004243146e-01 5.245953873984023907e-01 2.938417588658405188e-01 2.300229452069435521e-01 2.106954265627154765e-01 2.687669974942645812e-01 1.533776325542200066e+05 1.367427557178791321e+05 7.351269284226483433e+04 4.397268920406681718e+04 2.244541739754313814e-01
5.817568933736899650e-01 1.456255971238900881e-01 2.489189509990713256e-01 4.763082358589186271e-01 9.563717874764987581e-02 2.125505513017818537e-01 3.286135268089798167e-01 5.747760616799897252e+04 7.967122034416219685e+04 7.847523504253674764e+04 5.035355581161016744e+04 4.071214944156752447e-01
3.289911266273687351e-01 6.347363299504796830e-01 4.409218411017771788e-01 3.044794746858066614e-01 2.192767793532968412e-01 2.765800934878244188e-01 2.829027644625900506e-01 1.381114002402827027e+05 1.152668702220794512e+05 7.742329889433253265e+04 9.797692251026013400e+04 2.998009632417454884e-01
3.971562084022239869e-01 4.992012246368381923e-01 2.988766023815794259e-01 4.435411483975112423e-01 2.808442000142890027e-01 2.960229333248503014e-01 3.330299872408942763e-01 1.115796470767176506e+05 1.091622679491432209e+05 7.317669051915968885e+04 5.489577693919435842e+04 3.198071004531336525e-01
