2.884445844180472118e-01 6.066342967879922998e-01 4.219041593454149752e-01 4.732435363703371145e-01 3.070193942789637975e-01 3.436870098545634078e-01 3.101234993506574167e-01 1.146511349412735726e+05 1.085854374375240004e+05 7.541199332808036706e+04 6.702386899009814078e+04 2.514109859081271603e-01
3.584101613102693151e-01 6.031562943778751018e-01 2.991879021014630657e-01 4.492430502713184448e-01 2.096993396520461517e-01 3.210646276968096569e-01 2.923299719861008894e-01 1.056311615938166942e+05 1.200718671563714743e+05 7.248521555989187618e+04 5.063873554991276615e+04 3.704233496598085540e-01
2.742514898778117272e-01 5.606761910958799611e-01 3.025442667759456472e-01 4.373031666779519933e-01 2.634622226933480693e-01 3.220847115217758128e-01 3.423711182106601303e-01 1.201203681420838984e+05 8.468050821228613495e+04 7.983292139765049797e+04 4.121348894014584221e+04 3.598982700105524679e-01
3.664559781052756371e-01 5.510512499633564154e-01 3.715488139659087197e-01 3.955608808813553812e-01 2.339897599177374332e-01 2.397550772770019045e-01 2.978309069028750034e-01 1.589722108876744169e+05 1.077776966160677985e+05 7.115664372239535442e+04 8.282263740517581755e+04 2.807647670116332761e-01
3.033798353756758104e-01 3.442373565918508960e-01 1.630353265226546222e-01 3.257797342814630626e-01 1.862569367869032766e-01 2.761918308975920278e-01 2.641940692027643367e-01 1.336563374133321922e+05 1.195144516067524964e+05 7.325584957473054237e+04 4.834306223086238606e+04 2.404431877433864662e-01
5.165645288137431512e-01 4.458623547026870360e-01 3.154444456503776584e-01 4.070395268243941489e-01 3.772425405283346689e-01 4.333002999881266359e-01 4.034697919034450075e-01 1.012099511278056161e+05 9.052825847524320125e+04 7.286528396422535297e+04 6.950727350018896686e+04 6.056503965971525849e-01
3.815805870036406700e-01 3.783386541511911116e-01 2.641808442147091651e-01 3.840727225857575311e-01 2.713341937041251484e-01 3.557942063486494999e-01 3.595629321302342696e-01 1.273524521872576443e+05 1.089814038807578618e+05 7.615649958408325620e+04 1.181561537488858739e+05 3.290251867632900118e-01
3.160774508198254118e-01 6.263457343889138329e-01 6.282560288781536828e-01 3.595406127780541583e-01 2.445509970488363161e-01 3.091232063215840764e-01 2.826660234389216653e-01 1.146261093561526941e+05 9.844909567118334235e+04 7.634550842385920987e+04 5.350101873902433726e+04 2.378371933091545654e-01
3.938062137128066631e-01 6.170767740788002387e-01 5.417732023219570259e-01 3.421607106504274687e-01 2.544878839001846194e-01 2.838368505578698908e-01 4.244664233673202114e-01 1.231645114100747742e+05 1.084079318537026993e+05 7.392067728033670573e+04 4.325435476322832255e+04 2.505953615107343602e-01
3.394903082661796523e-01 5.947223857498065147e-01 3.611629249242638284e-01 5.107531525988328047e-01 2.479886502807848170e-01 3.232889957529229141e-01 3.039471407508404499e-01 1.477340194398119929e+05 1.254998116524606448e+05 7.665473842959410104e+04 8.686447945395154238e+04 3.553481147361406411e-01
4.599932966722507510e-01 6.244238471914806965e-01 6.267226068859160781e-01 3.715881117784636256e-01 2.489366003059744759e-01 3.368760998135714724e-01 3.081687154416136720e-01 1.328513265182202449e+05 1.118763232753079064e+05 7.772815939969224564e+04 6.507286491654894053e+04 4.147322798337589322e-01
3.371137554129678970e-01 5.194424913955257850e-01 3.751991075836418887e-01 4.169172350223011581e-01 2.366191915540234725e-01 3.117679201573620995e-01 2.367108071505298617e-01 1.110230925058939320e+05 1.241909799145034194e+05 7.321737666360968433e+04 4.325820883924365626e+04 3.095192781123267678e-01
4.408571985607360189e-01 5.442777473545983291e-01 3.021641650084558872e-01 3.767999041284106343e-01 2.468632169917344132e-01 3.337164266142984559e-01 2.906433067644174084e-01 1.137698601346369396e+05 9.420289264006771555e+04 7.428138055052218260e+04 7.053801174734083179e+04 3.229306643116267028e-01
3.545549994185365761e-01 6.317600123463572581e-01 4.956289752108491986e-01 3.807749134713736550e-01 3.566947111984461460e-01 3.796847251276924684e-01 3.328951994546230364e-01 1.131048111219263956e+05 9.458401756620465312e+04 7.912024966334161581e+04 8.652161155008063361e+04 2.708856166805759802e-01
2.666785294146908347e-01 5.530046115785021144e-01 2.978556002471526853e-01 4.708847512167655402e-01 2.339752599999261884e-01 3.491735133757546961e-01 3.185650339898165040e-01 1.429074588314924622e+05 8.998045836385330767e+04 7.234769471077772323e+04 6.082956874007349688e+04 3.529340616806427300e-01
3.895147571906347195e-01 5.633177621839270399e-01 3.517535517233069675e-01 4.719636303047219927e-01 2.560312184334619379e-01 3.523111641348029566e-01 2.626441789904216950e-01 1.372112975402022421e+05 1.133699025227403472e+05 7.582915716009201424e+04 6.494530321852584166e+04 3.308946685228301154e-01
2.806689335988238332e-01 5.327020306369336655e-01 3.841042803924266669e-01 3.692601865165717201e-01 2.625459137951891009e-01 3.177321889678524358e-01 2.719700552787500669e-01 1.291284288319655898e+05 1.197023773370209674e+05 7.526131019236096472e+04 5.550545092705110437e+04 3.033964491384596451e-01
3.470904371240906006e-01 5.766180721344391635e-01 2.357662293671698439e-01 3.440695404188186535e-01 2.577585839247780730e-01 3.691576077969407343e-01 3.366663334974239752e-01 1.628761383074113983e+05 1.186579467622848169e+05 7.728186131164286053e+04 3.377770617381217744e+04 3.298428490917366118e-01
2.755203647878556317e-01 4.883257432130029829e-01 3.621430438696586207e-01 4.796397487463562315e-01 2.776930439092952230e-01 3.270808691085754782e-01 2.319427932103664547e-01 8.983757714782113908e+04 9.355370738753621117e+04 7.417090017359642661e+04 6.896148217874421971e+04 2.853831274069197343e-01
3.318948355153651386e-01 5.471090091392369903e-01 1.081652210380315421e-01 4.544984443794175544e-01 2.545716489466476329e-01 5.501680037343774643e-01 2.806906023906250436e-01 1.058753943004250032e+05 8.998216791007360735e+04 7.386278048216729076e+04 1.422041126131426427e+05 6.314720726935419970e-01
2.982232296885596323e-01 6.080082824806375408e-01 1.834287398720243212e-01 6.696736366449900224e-01 2.449912259680455673e-01 2.784754852767707956e-01 2.695945181425838388e-01 1.287939713700796419e+05 1.154051753783680324e+05 7.317782923778315308e+04 4.461254860115950578e+04 2.299729079188303216e-01
2.829165788363943168e-01 6.066456941989764040e-01 2.740850157215344307e-01 3.923296472768073029e-01 2.531101774560807760e-01 2.786009982300652332e-01 3.017641070153278537e-01 1.465922900358762708e+05 9.511528152869714540e+04 7.353346520103230432e+04 6.887777789795956051e+04 3.330637775166484515e-01
4.354543280040142350e-01 6.141168112015477076e-01 1.835939666151960858e-01 6.854171280002355759e-01 2.644109835466891822e-01 3.152005913470110610e-01 2.979162379185797960e-01 1.303274792076291487e+05 1.134904151048083440e+05 7.526076614041061839e+04 5.296447105375833053e+04 3.643632974416208814e-01
2.729350013773887973e-01 5.430367359566098395e-01 2.865825697509376546e-01 4.712497259970290786e-01 2.654028980639487889e-01 3.220872711831694879e-01 4.032415629443753535e-01 1.229502653727333382e+05 8.607580665163577942e+04 7.413500112696333963e+04 2.337950331223011017e+04 3.331446586622708317e-01
3.346451949889377442e-01 5.906139114452484407e-01 3.853598321619212674e-01 3.471133656967474446e-01 3.005760456282309256e-01 3.177706391500612626e-01 2.521267659523268034e-01 1.393209265365712927e+05 1.360542630154400831e+05 7.711058172030140122e+04 5.492327870592977706e+04 3.281146669091548063e-01
3.480073692318679801e-01 4.785660222745148351e-01 4.576147724294084007e-01 4.656793877149935645e-01 2.292449308527002294e-01 1.812012145530583762e-01 3.348203587660964486e-01 1.327669455591747828e+05 9.213432678061515617e+04 7.715057617832290998e+04 5.433941739339294145e+04 2.826215853292479152e-01
2.925181250216700723e-01 5.169955487305707420e-01 4.604528734472491114e-01 4.684672212230976962e-01 2.321402707546104671e-01 3.431255299547711912e-01 3.325018232511128269e-01 1.268396374460101360e+05 1.027590240464946692e+05 7.482674805745029880e+04 5.262731162847756059e+04 3.462211265809893024e-01
3.505828996327765013e-01 6.277051168057647956e-01 3.400481609428143703e-01 4.888035872101385015e-01 2.378536338775535941e-01 2.509903998083847787e-01 3.358460652963941029e-01 1.149527351845780213e+05 1.097421260138378420e+05 7.766529935812602344e+04 3.564753582836955320e+04 2.533707335102284297e-01
3.618854708261525222e-01 6.227373468977449589e-01 4.217284146598306305e-01 5.210867293030793101e-01 2.700285202950837293e-01 2.912190333720502400e-01 2.286389193922752083e-01 1.371223909483097959e+05 1.203237169155602169e+05 7.569784802840524935e+04 4.025968136541583226e+04 2.297624143085739701e-01
2.923457517361717217e-01 6.146993160020300939e-01 2.978439910920205325e-01 3.751630716119159770e-01 2.471423658811573443e-01 2.953160870680589523e-01 3.265603031121357969e-01 1.518150725869800663e+05 1.015239407516209467e+05 7.481761981046483561e+04 6.437438882485224894e+04 3.663429504026446404e-01
4.528543489951345480e-01 3.678835124840812432e-01 1.480651518595089700e-01 3.302241034886740367e-01 2.180613677343632983e-01 3.129431606888956607e-01 3.341238180108047073e-01 1.315547107963977323e+05 1.154583217442761525e+05 7.467180786232509126e+04 5.740414611646046978e+04 3.484171078564032853e-01
3.032026758341769268e-01 6.127805579622442878e-01 2.266022093862911924e-01 6.313124689871332240e-01 2.490022324658925645e-01 2.895182657846634422e-01 2.665104169460918437e-01 1.052758360921662679e+05 9.064811295814177720e+04 7.594250010344281327e+04 4.592858118863985874e+04 2.307464430638531683e-01
3.480430535826859462e-01 5.285912525490573666e-01 2.640345206892124041e-01 4.528061750042020051e-01 2.561770525190223968e-01 3.009185819020628316e-01 2.992767896693793173e-01 1.284764970411370887e+05 1.088335291733158519e+05 7.342852462540933629e+04 7.794619265589426504e+04 3.883675039855966071e-01
4.851362760070296876e-01 4.617277285607533366e-01 3.927744699363213687e-01 4.632000283165449983e-01 2.265336601139744943e-01 2.872409209828303833e-01 5.721811601006808745e-01 1.126076103377625550e+05 1.003951722068496165e+05 7.467093320974423841e+04 4.376196410266410385e+04 3.197371196005048821e-01
3.575839786008367382e-01 4.209427878681817337e-01 3.842344203215877219e-01 3.524798385333451911e-01 1.722665585381273068e-01 3.294001259183700903e-01 2.960438722164395187e-01 1.199866406960261957e+05 1.366307081521005894e+05 6.975116984486082220e+04 9.533446620753574825e+04 3.537575230272223537e-01
2.104764136059434354e-01 4.989520307073101457e-01 3.305299889162073290e-01 4.154216397065363386e-01 2.199892689785365452e-01 2.636941464792845746e-01 3.649957379816579639e-01 1.330893101437726873e+05 1.189694268662177201e+05 7.507509000099588593e+04 7.800335428161903110e+04 2.883887332307480955e-01
5.080590242707471171e-01 4.018910413772001644e-01 2.109643773108192399e-01 3.629690195873113145e-01 2.153731420307535838e-01 3.196165084888715757e-01 2.899313468513435299e-01 1.360717805883504334e+05 1.176228902144962485e+05 7.569255368344973249e+04 7.266207793519535335e+04 2.718888897714685782e-01
3.351372561945231698e-01 5.870658407979001403e-01 4.189259846927655406e-01 4.341054521726973037e-01 2.113520210143420286e-01 3.446857020494072388e-01 3.567527706733087389e-01 1.422185667654327699e+05 1.174263900310918689e+05 7.595227087165048579e+04 9.298867830253073771e+04 2.789572052810386782e-01
3.513813880801903711e-01 5.528056670843048970e-01 4.394905534949346548e-01 3.996638314690199034e-01 2.085751627421081889e-01 3.055217126382357984e-01 2.595982503960144183e-01 1.457311894810365629e+05 1.111874045004977670e+05 7.370832883292625775e+04 5.600047503771173069e+04 3.802430828834323373e-01
4.035795074463991994e-01 5.022674833906639602e-01 3.667768416559373246e-01 4.956159642061568338e-01 2.479115411680370695e-01 3.120911453195222007e-01 2.172491068290251515e-01 1.283434116484432452e+05 1.122186476950074866e+05 7.829581701574688486e+04 4.492769961844541103e+04 3.608637529589466819e-01
3.041821402363322213e-01 6.351631863313342841e-01 4.404956066751212762e-01 7.182404291049685474e-01 2.383658605989793511e-01 3.311786994551921826e-01 5.997230974444477392e-01 1.521357907375476207e+05 1.249876297182421258e+05 7.906108715070673497e+04 6.406380034160887590e+04 4.308452706168717783e-01
6.544476352319488210e-01 3.232379756786439851e-01 2.857582954442301482e-01 4.017416703215639234e-02 1.211988800556662166e-01 2.386182129622548276e-01 2.552849762733901406e-01 9.490675327690156701e+04 8.531141811277222587e+04 7.212494628787138208e+04 4.008972932558471803e+04 5.723352213947525691e-01
3.434304480879395993e-01 5.869268867288256475e-01 5.019726199236302921e-01 4.519262510260301791e-01 2.416297226221992278e-01 2.826678467327772837e-01 2.276936751780489210e-01 1.553680026183301816e+05 9.397107630083257391e+04 7.710521676854575344e+04 9.411332015064696316e+04 2.514724724706761672e-01
2.966331840628993466e-01 6.049376339177012785e-01 6.146102098647366896e-01 1.260189442035597462e-01 2.246850091840074670e-01 2.764086351543549314e-01 2.582886345084594026e-01 1.169131769699691940e+05 1.044189980485619744e+05 7.340447966172976885e+04 4.058062852995236608e+04 2.175134920321584175e-01
3.648474783379234143e-01 6.513355649771460643e-01 3.838555829826678645e-01 4.229081129755424828e-01 2.354854867361558801e-01 2.829688502646960924e-01 3.166492359462588779e-01 1.387610988354729488e+05 1.085436063223723468e+05 7.446207895757436927e+04 5.779086953394098964e+04 2.980690601281874574e-01
2.869029721200633265e-01 5.985102384912354134e-01 5.160153787843116957e-01 5.109215519245182691e-01 2.136031898431237641e-01 3.244111274641391929e-01 2.941630422718035653e-01 1.269685389656424959e+05 1.000502269782542571e+05 7.523984627063180960e+04 8.567149257165929885e+04 3.675140369211790659e-01
2.955285763571823821e-01 5.224489593197509940e-01 6.016824577316797207e-01 3.766044549215727955e-01 2.024026176832139368e-01 2.767654440829939722e-01 2.967711327135631461e-01 1.248440484122123744e+05 1.140497963730661577e+05 7.343308313261294097e+04 9.323099383070526528e+04 2.337356578592335032e-01
3.263173569050257794e-01 5.896025616999382990e-01 4.082916700464426230e-01 3.685344383790644662e-01 2.180507867995372939e-01 3.176185629012807099e-01 3.235469148368227410e-01 1.120049939723772550e+05 1.228156091070226830e+05 7.395002118094092293e+04 7.181840505836316152e+04 2.612527418920690958e-01
4.937519029299706763e-01 4.601913245311502476e-01 2.773975741911824944e-01 4.157530951723306667e-01 2.507440429608105426e-01 3.709136073716695070e-01 3.330453203770225024e-01 1.189496379445526545e+05 9.580613514533998386e+04 8.119453908030933235e+04 1.097089086764505628e+05 4.719080025223839625e-01
3.080749711966027093e-01 5.099642956700420893e-01 4.315276600114266170e-01 3.990449029085866295e-01 2.212913369078996773e-01 3.667091514692327747e-01 3.648568126511262943e-01 1.355346009058371128e+05 9.059981218096004159e+04 7.645289988524459477e+04 4.803078770976042142e+04 3.708174244763780547e-01
3.157017332009334210e-01 6.056193807956801178e-01 6.019642172152557258e-01 3.805663736380379691e-01 2.310933674389331616e-01 4.594799187740196689e-01 3.429644932663307166e-01 1.347790984505358501e+05 1.201070609970590449e+05 7.464870849792376976e+04 1.145280835335788288e+05 2.698128769921449011e-01
3.173048169916514172e-01 5.841203831683565717e-01 3.285182103571235301e-01 4.592755929293961259e-01 2.154298173200505651e-01 2.930557819212822879e-01 2.724260534989522697e-01 1.213111276822792570e+05 9.661027435198679450e+04 7.523221467414802464e+04 7.453246171821406460e+04 2.888035177371988116e-01
3.012644716258275901e-01 6.151176865454129894e-01 6.156942902157321873e-01 3.385758616593265158e-01 2.266314874311529670e-01 2.856672466589319503e-01 2.661655462327822685e-01 1.238432273065171612e+05 1.106001536355891149e+05 7.339244784400517528e+04 4.285741513467788900e+04 2.259997561910410124e-01
3.316957846183280489e-01 5.372002338227855889e-01 3.927555392882668417e-01 4.232850054236573234e-01 2.299990829754234023e-01 3.202895271886659345e-01 3.130825802397445012e-01 1.041091213455723482e+05 1.240457544291578961e+05 7.229506939854512166e+04 6.621781020141433692e+04 3.971535288026624699e-01
5.391686084097542242e-01 5.365004793553359574e-01 3.385095562783562162e-01 3.806472461101212956e-01 1.348169407318460244e-01 2.933759751263987359e-01 3.154540905585703769e-01 1.273479312713359686e+05 1.135405709043069946e+05 7.254132531656316132e+04 5.131574626512998657e+04 2.651457160967778948e-01
4.134344965740701650e-01 4.700080753941634493e-01 4.813913651662382609e-01 5.188558997612534585e-01 2.199160980983558000e-01 3.320896228373874104e-01 4.035467055512201306e-01 1.214512508686281799e+05 1.340780982386153482e+05 7.599506399722449714e+04 8.767546066853696539e+04 3.701827067245421210e-01
3.168381306408443177e-01 6.432235399839265622e-01 3.443971327841704455e-01 7.001426538526547283e-01 3.241099431735314229e-01 3.326369658532543627e-01 3.016088242406430586e-01 1.287525675677210238e+05 1.155947050423204491e+05 7.301814193389094726e+04 3.342887352820434899e+04 2.556846927279919357e-01
3.902329423092741889e-01 5.427705486497508280e-01 4.115015726699760013e-01 4.347277687951304759e-01 1.930213603550015589e-01 3.177621426499548374e-01 2.769351431415733589e-01 1.438693660567490733e+05 1.060988607093827741e+05 7.529339504313856014e+04 6.009941327908238600e+04 3.256463182514678367e-01
3.671149172532576221e-01 5.396001665505590905e-01 2.574300311453380230e-01 5.017427809012758866e-01 2.354942390109552586e-01 3.067313551735988963e-01 3.024666062022895452e-01 1.564205023831596191e+05 9.894514857039252820e+04 7.707229680449972511e+04 6.125336376788357302e+04 2.754483018270931227e-01
3.453694385520230115e-01 5.711232894479237876e-01 5.338371565441965005e-01 4.328776107063704859e-01 2.073623413445419561e-01 3.005194316994914683e-01 3.218831969643995428e-01 1.355996135510391614e+05 1.098664296906489762e+05 7.375317956497521664e+04 6.231593770624460012e+04 2.222051749729151704e-01
3.286602998318535196e-01 6.058929867489368792e-01 5.728910277148249186e-01 4.975476283944986200e-01 2.041758538126625944e-01 2.918307121893127243e-01 2.710315667498047199e-01 9.597305902850859275e+04 1.177846250812794024e+05 7.502258515661372803e+04 2.984065542305177223e+04 3.120008733579627269e-01
6.300700978206748015e-01 6.154366139296498783e-01 5.150407738187307016e-01 4.341809382532949013e-01 3.843529518893902264e-01 3.939525577743154816e-01 5.172250116505446860e-01 1.646368048144436325e+05 1.378116176768174628e+05 7.756350516310642706e+04 9.279732645079845679e+04 3.068362806077838956e-01
3.753705948940973536e-01 5.358253827738930219e-01 1.154579881415950943e-01 5.417513830174228717e-01 2.359287730556961227e-01 3.613575952021356175e-01 2.729957713220684812e-01 1.072709828754431364e+05 1.332789844883311889e+05 7.262854279009322636e+04 9.490292057263430615e+04 3.763267069212400950e-01
3.401802689267633961e-01 5.401673099294977964e-01 3.681020646907956495e-01 5.063305308177518116e-01 2.368781996940398926e-01 3.016769597791816304e-01 3.770029491689967371e-01 1.167592991818011214e+05 1.086816827230800991e+05 7.677962845393663156e+04 5.542588480163276108e+04 3.099853010272399789e-01
3.453807007429681719e-01 2.134416281627688761e-01 6.903840885222013446e-01 3.156291505258052021e-01 2.191094954925028315e-01 3.222572299044446087e-01 2.841123505662168647e-01 1.413538171601489885e+05 1.203306796924714581e+05 7.632152311657920654e+04 5.463556249730206764e+04 2.956073142556189248e-01
4.015339873202801724e-01 5.294471713281272418e-01 4.947425903612436837e-01 4.097416027931447546e-01 1.889202981891170974e-01 3.547065809523787250e-01 3.518788405583012646e-01 1.390042190809700114e+05 9.405319639628560981e+04 7.647609153930195316e+04 6.738470903870028269e+04 2.841764815179208536e-01
3.615734318815109760e-01 5.391149736898056544e-01 4.403115122449894892e-01 4.255866686447962177e-01 2.337324440945350301e-01 3.486365184077351853e-01 2.465089503969356000e-01 1.326050715819580364e+05 1.061249728403462796e+05 7.310677497604682867e+04 6.237542223234585254e+04 3.488957976738055189e-01
2.867808014457768340e-01 7.081949331240176004e-01 3.553971383275259521e-01 4.946331115293974290e-01 2.808440286450458179e-01 2.867496655716980092e-01 2.148193542480549834e-01 9.487753965532282018e+04 1.267505671004070464e+05 7.812537058813910699e+04 1.026319270241084450e+04 3.347498069066877080e-01
4.516144006777742526e-01 5.478030164128435686e-01 2.095708808563440106e-01 4.320735119711507921e-01 3.133477031448675398e-01 2.391785846153006989e-01 3.797867527164586199e-01 1.291093796564191143e+05 9.419996964736876544e+04 7.112102015359239886e+04 3.741650237567682052e+04 2.828310760406109181e-01
2.195593017125439805e-01 5.393136413007584284e-01 4.221346242342199351e-01 3.442116462342639238e-01 2.715521887778384880e-01 2.831714475792310726e-01 3.184014816622555144e-01 1.304502279387995950e+05 1.271628055138966010e+05 6.965235180465642770e+04 7.428855682675616117e+04 2.574824248015208372e-01
3.392447322048561809e-01 6.209847405384166796e-01 4.762611653509462584e-01 4.691896883672337926e-01 2.310151127177604846e-01 3.226390442095690703e-01 3.202316448539903604e-01 1.121821553757161892e+05 1.007018869416576199e+05 7.341333544912916841e+04 6.610590235489718907e+04 3.312403933782318566e-01
4.153745482878903883e-01 5.417100100525675810e-01 4.276434454352509573e-01 4.562623003657108045e-01 2.426812815994546235e-01 2.862958968606885146e-01 2.892423707300732505e-01 1.221521586048480676e+05 1.317080020393832237e+05 7.642992583220823144e+04 5.354510597845185839e+04 3.274539901535317155e-01
3.441471838007978956e-01 5.437036386046560921e-01 4.092552676172053205e-01 4.042472670283292491e-01 2.324086903907508217e-01 3.157250409064962238e-01 2.833739404093096881e-01 1.345391437689904997e+05 1.102005086868099461e+05 7.311726831206039060e+04 5.350527339390006819e+04 3.818860936762755731e-01
3.353371772069592693e-01 5.195561679767934926e-01 4.012191832544895198e-01 4.453869244747568068e-01 2.842638069098304965e-01 2.900819084888234811e-01 2.198098600952081150e-01 1.161359148400020058e+05 1.054090043728425953e+05 7.689957786460085481e+04 6.854234469517448451e+04 3.123928125543289358e-01
4.401394499688702222e-01 5.515591855280921330e-01 3.130894283430087355e-01 4.986918528488532565e-01 2.091437285903540999e-01 3.415811824355092230e-01 2.942034908813216387e-01 1.329511127602752531e+05 9.245254986726140487e+04 7.343765278913339716e+04 7.646686039579211501e+04 1.875608979622616079e-01
3.745891901051219275e-01 4.991837854428879950e-01 5.256997945531108885e-01 4.381016489168046979e-01 2.308711814706693732e-01 3.074582344252445032e-01 2.447336612421932567e-01 1.339298894608223927e+05 9.223215549515238672e+04 7.498168854524860217e+04 5.995322275746622472e+04 3.004948681487417117e-01
3.408129880831715086e-01 6.505307765288738109e-01 4.948782451076697009e-01 5.128925112169001599e-01 3.034744828857687260e-01 3.471434151139770052e-01 2.952622496577640976e-01 1.352424847892526595e+05 1.229586655662949343e+05 7.762110534372556140e+04 4.238091492277290672e+04 2.261104466085180065e-01
3.475231912663215850e-01 5.493720048955590407e-01 3.359846437411204700e-01 4.533227546131401442e-01 2.206774453582346363e-01 2.784905246157819425e-01 3.223100787340443807e-01 1.041220995347875723e+05 1.172796247407730989e+05 7.345377161881911161e+04 4.858404652341926703e+04 3.485993770560227856e-01
3.280711491060895324e-01 5.385066908113673723e-01 4.480660988452311866e-01 4.438963051723655573e-01 2.338907817221101970e-01 3.240715739990930322e-01 3.349687775032905712e-01 1.235821280153380940e+05 1.051068467842417158e+05 7.343996428704701248e+04 7.211741762167632987e+04 2.698077069569435604e-01
2.952563295056989112e-01 5.999593212150600152e-01 2.512461697226274771e-01 3.853905064024915617e-01 2.162160595733020052e-01 2.742580499960685647e-01 2.685591128322520893e-01 1.312137731326908397e+05 1.176936537073626969e+05 7.309198205784038873e+04 4.292029632462816517e+04 2.324027869275451519e-01
4.458659819652223133e-01 5.691780769098292447e-01 3.260772372056070512e-01 4.349232555917039167e-01 2.742615088787358490e-01 3.013154175046757755e-01 3.840973302339611428e-01 1.074671037186955073e+05 1.001199361816566234e+05 7.090393693134303612e+04 7.101933562822434760e+04 3.558502821648389935e-01
3.250204756657254501e-01 4.915158651649780830e-01 3.936214559869751772e-01 4.859933627690048996e-01 2.973393388551990313e-01 2.663604201192549259e-01 2.793588436426904797e-01 1.296284366768535401e+05 9.507460025326060713e+04 7.438863887996065023e+04 5.774061643256978277e+04 2.605036519380902194e-01
3.132914867624739808e-01 5.678889520765230126e-01 2.610518255645841168e-01 4.987617100123933334e-01 2.646267723115173220e-01 3.019209468904759941e-01 3.071025382917504376e-01 1.555684166449207114e+05 1.094882325655356253e+05 7.922434015568347240e+04 6.260311468377090205e+04 2.606672243955021617e-01
2.986828844231366742e-01 5.590405263392290713e-01 2.856651869598842430e-01 4.229381117641093923e-01 2.023108085005389523e-01 3.207618010506381734e-01 3.177647629422800102e-01 1.343023528684631747e+05 1.048022190659121843e+05 7.653905615515339014e+04 4.963628592751214455e+04 3.563397451223038748e-01
2.878914315160475690e-01 5.374014788025223144e-01 4.199659880783159771e-01 3.669882619043897121e-01 2.321720099293757833e-01 2.590876263443430139e-01 3.418391908408078272e-01 1.361979421717288496e+05 1.254557553133459005e+05 7.755220699506920937e+04 5.729511763002002408e+04 3.456595580332191275e-01
3.076847595425167281e-01 5.349380142869750721e-01 4.252937663701867876e-01 4.991637565931579812e-01 2.402885471016325825e-01 3.289822534280301136e-01 3.022585771903589236e-01 1.149219609314131521e+05 1.164187350647289422e+05 7.652388904529128922e+04 6.873056978451315081e+04 3.449349565184335886e-01
4.572671598527716652e-01 5.620865762793798570e-01 2.509407963395827723e-01 3.903801207137670426e-01 1.826288405808943471e-01 3.745570825801887160e-01 5.013088369846009362e-01 1.888635327588754590e+05 1.332120480921764974e+05 7.442004080652516859e+04 6.208226305216636683e+04 2.209659309677784456e-01
3.485421676863500462e-01 5.055987347913231122e-01 2.795483085433147497e-01 3.764390680681914403e-01 2.434646180083508971e-01 3.013304890343431186e-01 2.896098937992231948e-01 1.293089207539991330e+05 8.847612927139768726e+04 7.921822812255722238e+04 6.822172025002649752e+04 3.123398196790829195e-01
3.640818608912016474e-01 4.543998277682504972e-01 4.529761602195219172e-01 3.189294164414081534e-01 2.292788825772735795e-01 2.969344096038455394e-01 3.260332919320129141e-01 1.241184226468048000e+05 1.271157187730616133e+05 7.264067687936792208e+04 6.766964576908735035e+04 3.942691483003939457e-01
3.344170382491536420e-01 5.626220310271683456e-01 4.961378375146445197e-01 4.554011141193081147e-01 2.539403628059244689e-01 2.994186289812045820e-01 3.010027476749433939e-01 1.140442274654282373e+05 1.100813364157898759e+05 7.745106989945260284e+04 3.586571118979941821e+04 2.960402471741181984e-01
3.533864325086761848e-01 4.877567664601284991e-01 3.998950208134942619e-01 4.524745406949799986e-01 2.624887160822499399e-01 3.411110113087472140e-01 3.515882469622691464e-01 1.310832536424155405e+05 9.262458519591718505e+04 7.348398423542726960e+04 8.638463954227884824e+04 2.800979499880994483e-01
5.624011436189984003e-01 3.125341663881321952e-01 3.788568225224767105e-01 4.112916743435446887e-01 2.366972637092940590e-01 4.181743836409163584e-01 3.797102481255943407e-01 1.118930506092052674e+05 9.546080867771629710e+04 7.673406153959210496e+04 1.305711936181006167e+05 6.239068150783777522e-01
3.660923386576351857e-01 5.582744245339726907e-01 3.933235091214409285e-01 4.558183037376501434e-01 2.710952237940040810e-01 3.471579544192770483e-01 3.076623012799321599e-01 1.199628245039887406e+05 1.088715652124719199e+05 7.737095185562976985e+04 7.271762418679911934e+04 3.077381830436720644e-01
4.072539902726652894e-01 5.048361595724795148e-01 4.868726268025366788e-01 5.883894771601340112e-01 2.668582202679108395e-01 3.348626462439531770e-01 2.977334161080218977e-01 9.880644300580750860e+04 1.439199170056779694e+05 7.647773327044435428e+04 6.310957959970882803e+04 3.079690148235564862e-01
3.596374820804449368e-01 5.709566466729212308e-01 1.989169279201600526e-01 5.060102940075682509e-01 2.617086531306561659e-01 3.288880946148726170e-01 3.406926181374103635e-01 1.340023412052488420e+05 1.252881977356605639e+05 7.474290333790956356e+04 4.617749422513740865e+04 3.070387060832761028e-01
3.683070730140366456e-01 5.521733126460265373e-01 4.832328173561438733e-01 4.318979790530699803e-01 2.208336405711039674e-01 3.729843536551791794e-01 3.195851770765966715e-01 1.249805599492972397e+05 1.054909067175781383e+05 7.662520570186336408e+04 6.362095223321532831e+04 4.007211145412902797e-01
2.976615156743598889e-01 6.113659640950771523e-01 5.734085122933373357e-01 3.927121919533604344e-01 2.697820901651795111e-01 6.839936936671449086e-01 2.726786060002784895e-01 1.036939075811389484e+05 9.232683021284910501e+04 7.359529154574240965e+04 5.025274409567224939e+04 3.855724487678166557e-01
3.303198824692771818e-01 5.933741205989266909e-01 4.097500621489402750e-01 4.048147482867602287e-01 1.892150739963162909e-01 2.566866297991907686e-01 3.636876774099080389e-01 1.573411389348570956e+05 1.285988669081649859e+05 7.391095371058977616e+04 5.859397835697173286e+04 2.810068714745456164e-01
3.197883833030498724e-01 5.474280362187687876e-01 3.242337325540002313e-01 5.678892338413616958e-01 2.322866834057024099e-01 3.308288380905157200e-01 3.040369467600720355e-01 1.236523374802706821e+05 1.211565780148541526e+05 7.525209274327241292e+04 6.708337908026961668e+04 2.443622611856463289e-01
4.140231785874650683e-01 5.773236655814533158e-01 2.549328546701286058e-01 5.027119134162054692e-01 2.563143840712820420e-01 2.606671314930801842e-01 3.405526357424766282e-01 1.375159463393368933e+05 1.091419514400516055e+05 7.713354177627644094e+04 8.519236919534287881e+04 2.998202014743232002e-01
3.071242871416289821e-01 4.863452406419036533e-01 4.443137543569889436e-01 4.277875531663121733e-01 2.612052721564945279e-01 3.643708487100213445e-01 3.457074237896766711e-01 1.171128045773439662e+05 9.845937555883280584e+04 7.727811628305874183e+04 7.835870834478930919e+04 3.779197968778843508e-01
3.847300216027519371e-01 5.368868222390016376e-01 4.798204619598972487e-01 5.025092292814615780e-01 2.725149577340173490e-01 3.101689482292574462e-01 2.872520928342780500e-01 1.159419203204002115e+05 1.139997165580462897e+05 7.669711332725251850e+04 3.769312681770187919e+04 3.802664563171733736e-01
3.206615196095466414e-01 5.970276370708906821e-01 3.986109895919205393e-01 4.138577659315257895e-01 2.630193377553870504e-01 3.139469612043812585e-01 3.079206637254668366e-01 1.274552623588517454e+05 8.720622270531048707e+04 7.364876353962966823e+04 7.044522736453947437e+04 3.380633507211295297e-01
3.723633421468970361e-01 5.274357510993832321e-01 4.168707557238144346e-01 4.925009559752709376e-01 2.610713348586809479e-01 3.171318061237474728e-01 3.415704182340536521e-01 1.189975469061720214e+05 1.333192927397908352e+05 7.404405163896494196e+04 7.450236980935050815e+04 3.806818179108295008e-01
4.349973118966177221e-01 6.050417907193138545e-01 3.463849645409410871e-01 5.163610624016109485e-01 2.085785664374759096e-01 2.480113205364810058e-01 3.026757331570540943e-01 7.970150318144788616e+04 1.190427937430933525e+05 7.725088307028901181e+04 9.551052778851658513e+04 3.537763938759015958e-01
3.110877859238672105e-01 4.038028583374703162e-01 1.925834736083644194e-01 3.264210970084351349e-01 2.021711177924846448e-01 2.946046779391930936e-01 2.827787158032978865e-01 1.290388592895894544e+05 1.108102048933319020e+05 7.617221915887607611e+04 6.323485091806659329e+04 2.493698777996208316e-01
3.319042449471898415e-01 6.032192351904438476e-01 4.826218263444220224e-01 4.223258898555956042e-01 2.668433140530033221e-01 3.501431873431204433e-01 3.201245402811416785e-01 1.669973935255022952e+05 1.229810461348501849e+05 7.462266738244364387e+04 2.505680818144633304e+04 3.930051992401440430e-01
3.038995688301796005e-01 5.348213276740615418e-01 1.956572557022349668e-01 4.824440539949710893e-01 2.376939971062997370e-01 2.807627369778469828e-01 2.941231957924561602e-01 1.144994530355097522e+05 1.349964555191685795e+05 7.522685937419810216e+04 1.303517062576198987e+04 2.650320537537369514e-01
3.331563403508287502e-01 6.045567618313156810e-01 4.399418465138929535e-01 4.523627898623333032e-01 2.355351347678732721e-01 3.106636965715227072e-01 2.496696759755076267e-01 1.306051454329795233e+05 1.140035363019064971e+05 7.313307059213932371e+04 4.500220661729657149e+04 3.282338780436966363e-01
3.210298297436428028e-01 5.296148431650565813e-01 3.662532477072987791e-01 4.427490755370130371e-01 2.421448445003979155e-01 3.525057891710366431e-01 2.737644538365907598e-01 1.371576296630897559e+05 1.229645923698734696e+05 7.415561505505321838e+04 7.139563520479865838e+04 2.123733810305003245e-01
5.620408304738595540e-01 5.933330120783072426e-01 2.159666739932405433e-01 6.254381198602186887e-01 7.300066749343575578e-01 3.287751025550646466e-01 5.645509242477635414e-01 1.341927068247165589e+05 1.198120952591268870e+05 7.343593498663279752e+04 4.600791297435224260e+04 2.447089216399100653e-01
3.175490393764479613e-01 4.745999680656748931e-01 3.882141765654070209e-01 3.950752125372567480e-01 2.448642491643802654e-01 3.418292360670588392e-01 3.577896326155955431e-01 1.258999127869738586e+05 1.176383975762966875e+05 7.487371488350664731e+04 6.553550337260718516e+04 3.868042409297337558e-01
3.445134591622641684e-01 5.331399935960554615e-01 4.003448413996991140e-01 4.854939972374447410e-01 2.195405764801232062e-01 4.069549029442944277e-01 3.503092685628558245e-01 1.010101610966400767e+05 1.066685725605636399e+05 7.348307109430813580e+04 6.222385094719250628e+04 1.961114094891011073e-01
3.268252668960333063e-01 5.785160707371268529e-01 3.867740237897585587e-01 4.031539825670967248e-01 2.124139114363656489e-01 3.279315286132948315e-01 3.327305506680155456e-01 1.397523282616802317e+05 1.108149941368618020e+05 7.646379390640299243e+04 8.452088893506616296e+04 3.006627913755235415e-01
3.107774355329484539e-01 4.782111265027274016e-01 4.495596132148688695e-01 5.161154994344890889e-01 2.159238817007072264e-01 3.070851827555690639e-01 3.114900788548399801e-01 1.192218675882814423e+05 9.685350288537392044e+04 7.501212872257964045e+04 9.079394612845829397e+04 3.249457673235764954e-01
3.293550941916595365e-01 5.661611875677206029e-01 3.277813323825353176e-01 3.768143309254541884e-01 2.483007940597628527e-01 3.288060456551730737e-01 3.624426343298821074e-01 1.267985533192719158e+05 1.126545209019082831e+05 7.440418566218201886e+04 7.162158729706825397e+04 3.181000338398180527e-01
3.145036649048927879e-01 5.221709543417420996e-01 4.016699969325837061e-01 4.799771711337010305e-01 2.456941589159267192e-01 3.298813413928841087e-01 3.273254529555010284e-01 1.364520766072319529e+05 1.265595678888947150e+05 7.763618116990086855e+04 6.570338112044648733e+04 3.304014557263723617e-01
3.784962192330526554e-01 5.336155125875783334e-01 3.887721122115878614e-01 5.295209495614022766e-01 2.136754274719340208e-01 2.856946466101952242e-01 3.260235510714498131e-01 1.213253311311204307e+05 1.123748054445705784e+05 7.766751106494276610e+04 7.394793865196895786e+04 2.807045321120323900e-01
3.106663413756923231e-01 5.953903475486708174e-01 2.797787063101765392e-01 4.149981248495997477e-01 2.444320592898943656e-01 3.159541750733727561e-01 3.217196555677236947e-01 1.187735011949877080e+05 1.118755904141429201e+05 7.709046135134948418e+04 6.283545974096437567e+04 3.351776022638752184e-01
2.838368136904313443e-01 4.765558526094623715e-01 4.760225998800700631e-01 3.805349089805446505e-01 2.044446179352997217e-01 3.052681447957446004e-01 3.163451193636001024e-01 1.097031405153237138e+05 1.169804590706086601e+05 7.669651648057471903e+04 5.119611276653754612e+04 3.291736353830843620e-01
3.594277806846875034e-01 5.531237781505903284e-01 4.923699585922802213e-01 3.133464174779200806e-01 2.470937958467665507e-01 2.898694126854239883e-01 2.483866170276829433e-01 1.429555609778395155e+05 1.147183369980587449e+05 7.700338920062276884e+04 5.445666967446396302e+04 2.502937977632045952e-01
2.552899834374028343e-01 6.492473874974317161e-01 3.160263942755626720e-01 3.044680645761229654e-01 2.686914222490802140e-01 3.159269005724933965e-01 3.150446394573185871e-01 1.163786496051676368e+05 1.110934768660276168e+05 7.276593465482987813e+04 4.944890679535051459e+04 3.391291201585385773e-01
3.862896229068510379e-01 5.813945599777224915e-01 4.031133780548206147e-01 4.712570048679925461e-01 2.528498630811027437e-01 3.077828057371644888e-01 2.613737458517866874e-01 1.206736735626354057e+05 9.704504990129456564e+04 7.765919041015919356e+04 7.571298257246636786e+04 2.829136843663078715e-01
3.810512879837855138e-01 5.388890610285917981e-01 4.752899595214896689e-01 4.039386782384559726e-01 2.660429763903708333e-01 3.317945647932297737e-01 3.246437158526738198e-01 1.261960271983785497e+05 1.180483116486039362e+05 7.694878381383241503e+04 6.490318565540092823e+04 3.316362729662274411e-01
3.111311478699715360e-01 5.504483788972927005e-01 4.014446896650851193e-01 4.611976372927050760e-01 2.181624358160582089e-01 3.130228292659238964e-01 3.044698851708428355e-01 1.243030903548687638e+05 1.251443308495752717e+05 7.401390400747359672e+04 6.599921492847066838e+04 3.678542832532332163e-01
3.225336881291083757e-01 4.926457148860549640e-01 3.213340882095468420e-01 4.946512175161105196e-01 2.476752934848356347e-01 2.863474561829141285e-01 3.192198664629830041e-01 1.001596392066764965e+05 1.177057321489006135e+05 7.611875298852477863e+04 7.576732766534456459e+04 4.356419823495493726e-01
3.486500823898267543e-01 4.706304315064598343e-01 4.861081655626650067e-01 4.540049360163439518e-01 2.848370202647507732e-01 3.450793620747122370e-01 2.641181285607200890e-01 1.426550703824255615e+05 1.165626836346013879e+05 7.359630315138427250e+04 7.789387570560007589e+04 3.030157694707941163e-01
2.362819489765447811e-01 5.822947579307818922e-01 3.199166592664127728e-01 5.225695568664017188e-01 2.040170656438701491e-01 3.041578680182229766e-01 2.616111182161522386e-01 1.401647540840297879e+05 1.167786299123845383e+05 7.556710532530068303e+04 6.718750304167575086e+04 2.888421266150512645e-01
4.221000620797230041e-01 5.457694643459486405e-01 4.543647557333826414e-01 4.508708279494517690e-01 2.770721846606662431e-01 3.121018670570768205e-01 3.362436254075882314e-01 1.135083872226839303e+05 1.022355627125516912e+05 7.459354358793192660e+04 5.390928920161630231e+04 3.392391107378681103e-01
7.745160567303333021e-01 6.176916621209985747e-01 2.379964311315011238e-01 6.911417814979592400e-01 4.237643435255925572e-01 2.911031679586438825e-01 3.612825531738803053e-01 1.220691055803765921e+05 1.093808045125386561e+05 7.326107105277289520e+04 4.687830081152151251e+04 2.475571081825251596e-01
3.064868550604538666e-01 6.414195542374901970e-01 6.729993198802485255e-01 3.813890041372407502e-01 2.853600355952835566e-01 3.293249928732855936e-01 3.035536624449726162e-01 1.271416880032521876e+05 1.140127225597399520e+05 7.314422536641823535e+04 3.325023645359881630e+04 2.592722707303967700e-01
3.760138795237532583e-01 5.338077179049335319e-01 4.201604978821888436e-01 4.750546077695600444e-01 2.104853657422985080e-01 3.135239802972271117e-01 2.351896706624867772e-01 9.526052362964750500e+04 1.277520766518282762e+05 7.446389979723944271e+04 8.943553160765212670e+04 3.061789205599068087e-01
3.031643997900179688e-01 6.487292321605835355e-01 2.942443504588800884e-01 3.491238058983999748e-01 2.418270805678071622e-01 2.732109467109459788e-01 2.816265271015090388e-01 1.412546302533950948e+05 1.265943458779679204e+05 7.315136923795686744e+04 4.452447536230886180e+04 2.344491652790514358e-01
3.438986348333745169e-01 5.496241137168641488e-01 4.348522041460574639e-01 4.616111824581344281e-01 2.472351883498784264e-01 2.868521409811815581e-01 3.000618664167423177e-01 1.474517629853451508e+05 1.305663104817314888e+05 7.666576649676274974e+04 6.616837410733211436e+04 3.027480644639680141e-01
3.456039579821601482e-01 6.227362025309065574e-01 3.906098602847948298e-01 4.517240565393280671e-01 2.524125139159074660e-01 3.106879977265692427e-01 3.119805707013538210e-01 1.081595198686399090e+05 1.175898059885977709e+05 7.582024500591162359e+04 6.454076717369364633e+04 2.852937111740579956e-01
3.695858021994301579e-01 5.745870100660165347e-01 3.786979001338607875e-01 4.760644935409019674e-01 2.525174509204637929e-01 3.064538171558590651e-01 2.635203341266414423e-01 1.324982782877100399e+05 1.008965714278830419e+05 7.725980825958558125e+04 2.269592499426532959e+04 2.632843068379189799e-01
4.467005670211108836e-01 5.717265291226050206e-01 3.179549620567626023e-01 3.756394731094743200e-01 2.869422975219776961e-01 3.025874187347907251e-01 4.212044714477202190e-01 1.430026128192924953e+05 1.485405427898927883e+05 7.559822335498988105e+04 5.880506404365594790e+04 2.029625691833315260e-01
2.722403766913268353e-01 5.126198377008231999e-01 4.401034016390000247e-01 3.979314676850382315e-01 2.369248947323012999e-01 3.579853350285982505e-01 3.045949774573015190e-01 1.241500095832395746e+05 1.119889918142966926e+05 7.555787010516216105e+04 5.620482222796106362e+04 2.756573516891759890e-01
3.682915791803289540e-01 5.188126665606471732e-01 2.153913904931314960e-01 4.106327823877863881e-01 2.683677990196547958e-01 3.872842364316438912e-01 2.693746730836510950e-01 1.370845202641729848e+05 1.405753814367576269e+05 7.712153749449914903e+04 6.627131721317717165e+04 2.106375580514348589e-01
3.388411339195954719e-01 5.393361547095050224e-01 4.399873021534536632e-01 4.760175889007182692e-01 2.200771567611759238e-01 3.255772899086881167e-01 2.965465525824793613e-01 1.157800011272648844e+05 1.135367047458964080e+05 7.187390587988978950e+04 6.007142350299179816e+04 3.927933455699952336e-01
3.241812169984800152e-01 6.439025679187574402e-01 3.663940129986582583e-01 4.936268520749601540e-01 2.043477145525007255e-01 3.299161758648707643e-01 2.620889342107333708e-01 1.310979839702752070e+05 9.792898217084885982e+04 7.817438866258462076e+04 7.439104713562678080e+04 3.408276441686601821e-01
3.736387144811481598e-01 6.032750887243232274e-01 4.325942027707476156e-01 4.258964833711002540e-01 2.449603874949978777e-01 3.065251359056524461e-01 3.364284162603752848e-01 1.015585064662578952e+05 1.079398893314061570e+05 7.529576178961708501e+04 7.965187541584330029e+04 2.671025456809044685e-01
3.224932835877029058e-01 5.660620247757204293e-01 5.215930328712361508e-01 3.663145053873123058e-01 2.297061450812485084e-01 3.118632770559437439e-01 3.043476456717306711e-01 1.528902987343020795e+05 1.121279132674962166e+05 6.991582263054887881e+04 6.295276023664495006e+04 2.996537360867296829e-01
3.120058670916320276e-01 5.487428759334168626e-01 5.127895394623720460e-01 4.712851176484638138e-01 2.167676872332735538e-01 2.803411944677409173e-01 2.320263246419155267e-01 9.649425181569001870e+04 1.293953847879817476e+05 7.281582208187437209e+04 8.877924677404230169e+04 3.581527473337016154e-01
3.709235995778903394e-01 5.896591416198776470e-01 4.127501599959447764e-01 4.336580767899658739e-01 1.873619505740223568e-01 3.386244238697845854e-01 3.166614050617250209e-01 1.374872406634856306e+05 1.094988309413585230e+05 7.435299417351324519e+04 8.028660463939898182e+04 2.619641697058066598e-01
4.194593953309788681e-01 4.385861481349709323e-01 3.054886393206761031e-01 3.506946641384229291e-01 2.015823770899341505e-01 2.799356855872645045e-01 3.748821962251975837e-01 1.360658173891372280e+05 1.168968705001441558e+05 7.049068226142396452e+04 5.549969003084074939e+04 2.093981756821611251e-01
2.999102487587377297e-01 5.383109266005913218e-01 3.917181929730623735e-01 4.696753419221171288e-01 2.660296700850317553e-01 3.036022970290177536e-01 2.487538849028644028e-01 1.086574869791397505e+05 1.122023683039488387e+05 7.825250284348255082e+04 5.857814722194682690e+04 2.946079335957501599e-01
4.091020392330871336e-01 5.130957950371417553e-01 3.755991701381464765e-01 3.445332650705785760e-01 2.422671350160843229e-01 3.444720097961238015e-01 3.076570987647260780e-01 1.780471956995514338e+05 9.221081576372492418e+04 7.712436402342381189e+04 7.791000397917440569e+04 3.370111078833777363e-01
3.262299047863404522e-01 4.850045029150611975e-01 4.762618845107434162e-01 4.747581634925982508e-01 2.510125559116900829e-01 2.860345833941607130e-01 2.981238215878485032e-01 1.183933039205963723e+05 1.322913556036454102e+05 7.591145344108970312e+04 9.720967997351469239e+04 3.286681618982112418e-01
2.711205555472891437e-01 5.449244795592629309e-01 4.905101848883212101e-01 4.216987813382208627e-01 2.599249496201958554e-01 3.003852456352282263e-01 3.247900689242077532e-01 1.277527486230551876e+05 1.079407547444822121e+05 7.641237845858627406e+04 5.678350253676516877e+04 3.150528054907216213e-01
3.061074381226023267e-01 5.963951649430124791e-01 2.799996319519413857e-01 4.195850568874796016e-01 2.758097577498905828e-01 3.518419528624289749e-01 2.689341071283352091e-01 1.295645305835915788e+05 1.200850837803304894e+05 7.474878339955277625e+04 5.115556858815537998e+04 2.530669419865396730e-01
2.761875998734836801e-01 6.048060258312002446e-01 4.695743362240065166e-01 4.318696951726657129e-01 2.189111756560273014e-01 3.209183884008248722e-01 2.851520840639307774e-01 1.037724097364379413e+05 9.163127327057679940e+04 7.969377495361994079e+04 5.347093403161752212e+04 3.659370127958980756e-01
4.106665364406563712e-01 4.722750194962038184e-01 4.077584821938227688e-01 4.362345462960275921e-01 2.100226744138735391e-01 3.060223815475784925e-01 3.263032522987179829e-01 1.230313942167343776e+05 1.001547189651081717e+05 7.879709674556899699e+04 4.683113382771242323e+04 2.279899390914288948e-01
3.325736702213824003e-01 5.224937118616813647e-01 4.036752930367171754e-01 3.175524296373528066e-01 2.214148058398260344e-01 3.404304693812404414e-01 2.654666993708634792e-01 1.066773937967364473e+05 1.254605431227958034e+05 7.709399187164015893e+04 7.071217133521489450e+04 2.387641655030383336e-01
3.411714023947878816e-01 5.171365669787281183e-01 4.553219369738403244e-01 4.918326657368794486e-01 2.639439655540582463e-01 2.729159389269871228e-01 3.119634238460014530e-01 1.252988920758817403e+05 1.226579226334178238e+05 7.513030502479788265e+04 5.312615146710384579e+04 2.261026998851943803e-01
2.974888970705672486e-01 5.795636800078145523e-01 3.727404285482862623e-01 4.928683049833947893e-01 2.474028121565143845e-01 2.774028201675332039e-01 2.543270854906397038e-01 1.208511217122974485e+05 1.346185897417143278e+05 7.449112840765288274e+04 6.174233014140107844e+04 3.190685331713272732e-01
3.662244533257352219e-01 5.065086595122240132e-01 1.812761126074162454e-01 3.783213659910226179e-01 2.262356662771652094e-01 3.280599238488046132e-01 3.339212439105060937e-01 1.300355973913395428e+05 1.021063743280845665e+05 7.747522714229232224e+04 4.995780441902454913e+04 3.639487451082707992e-01
3.044129685363524129e-01 5.621826515463337337e-01 4.897634478307332784e-01 4.836463938248516392e-01 2.885265515914077761e-01 3.258800178369226086e-01 2.462255149855528680e-01 1.274411505098321650e+05 1.145200623739743169e+05 7.716435758105185232e+04 4.187865869711111736e+04 3.725364435807682062e-01
3.300256029679825009e-01 5.968551135159604337e-01 2.486390310143853921e-01 4.218925218697954227e-01 2.351047744377262327e-01 3.582397974831238452e-01 3.419477295680048989e-01 1.504947240130719438e+05 1.128042504664489097e+05 7.276402805644794716e+04 8.029355082073454105e+04 2.879623798080876984e-01
2.881885799019293093e-01 5.886610507017505656e-01 4.555892906661131447e-01 4.037328053368253733e-01 2.460420123717008134e-01 3.106201554353203442e-01 3.081545642495262527e-01 1.237065977628478431e+05 1.095373499328620237e+05 7.303272794026604970e+04 9.182230899931323074e+04 4.127617958624438810e-01
3.764557327682258037e-01 5.286780587302049028e-01 4.183182550186642645e-01 3.787230266078289165e-01 2.164491393692429821e-01 3.026174354175787395e-01 3.521678132409745143e-01 1.188569386457912769e+05 1.001965403736981534e+05 7.765864184363483218e+04 7.509441256374790100e+04 3.595845637808997020e-01
3.507763125416534788e-01 5.390338035837490827e-01 4.798356129521771929e-01 4.739494698216144553e-01 2.180484700116739616e-01 3.573503458106718766e-01 2.660605302671432137e-01 1.184702152602260612e+05 1.280509275538699148e+05 7.561581386790948454e+04 5.283740443541213608e+04 3.117974662794721352e-01
3.871212170129901819e-01 4.864784941033185595e-01 3.892906064083015982e-01 3.613633529304368097e-01 2.129708335737438285e-01 3.410679150865581488e-01 3.374363775124508691e-01 8.406072339356796874e+04 1.219262978856611298e+05 7.560076376027846709e+04 7.987478356247539341e+04 3.334004100662394388e-01
3.086081186533812803e-01 5.985487332895822465e-01 4.042147113989822405e-01 4.700414019011149303e-01 2.416468187626705233e-01 3.273733512966204851e-01 3.586733321137199337e-01 1.395931377518907539e+05 1.147724911832683138e+05 7.294176234698895132e+04 4.932333274115438689e+04 3.311705639305237980e-01
4.015415853038773464e-01 4.971405299931490607e-01 2.956575868338221502e-01 4.575570989400353783e-01 2.658546492154332808e-01 2.745737621903168169e-01 2.989661247296813151e-01 1.262856355465230154e+05 1.247586249443181005e+05 7.782069901308731642e+04 1.003427700525156833e+05 3.191697999941236485e-01
3.454751029511766158e-01 5.841646290108841733e-01 3.405145200467921129e-01 4.843447880110906545e-01 2.492067158081422984e-01 3.306191511149718654e-01 3.014906541630875680e-01 1.453469590614298068e+05 9.521539391681503912e+04 7.651354747362897615e+04 6.316109465674467356e+04 3.339193394031124695e-01
3.927590486443622853e-01 5.254978323680645769e-01 3.840907017430029713e-01 4.406624208107297047e-01 2.334718784450104667e-01 3.188008153868724381e-01 3.233772135099817202e-01 1.371278368798954471e+05 9.998874383424567350e+04 7.580321555107556924e+04 7.114882189102259872e+04 2.989491925878512424e-01
3.250523044013838847e-01 6.569532114972815862e-01 2.557250260851033907e-01 3.369590283242773210e-01 2.595681751273404281e-01 3.407757233411881082e-01 3.410566474834478834e-01 1.356813292177716503e+05 1.030832921938762011e+05 7.751423176320709172e+04 6.640326098566441215e+04 3.677363337913035490e-01
3.946634565337955314e-01 5.619785942795127998e-01 5.163576374517225842e-01 4.629800058596859613e-01 2.893152464462606099e-01 3.384411454001062802e-01 3.880862311720337243e-01 1.319494534630850249e+05 1.126157284297412698e+05 7.523142118754317926e+04 3.416347479731622298e+04 3.536198124334493653e-01
3.676251375796493193e-01 5.349462212994484656e-01 3.978068695867497118e-01 4.582336464432759660e-01 2.563024814798125495e-01 3.139627609045245182e-01 3.465360259457119230e-01 1.261470918088940089e+05 9.840002653441522853e+04 7.461709754559745488e+04 7.122522696626762627e+04 2.458741168360836227e-01
4.397792056050209286e-01 6.281114202953511638e-01 4.974642925392013248e-01 3.717521680831821773e-01 2.454551169815274436e-01 3.411724657576280517e-01 3.284489966847716769e-01 1.742631012624271680e+05 1.168212515291787277e+05 7.723067103374510771e+04 6.965234134568298759e+04 3.400069116419985882e-01
4.066248395622287792e-01 6.363319479893663200e-01 4.714151995655452287e-01 4.758164752222433513e-01 2.514865220567177873e-01 3.171541199373779096e-01 4.323006770572636048e-01 1.509179122430760472e+05 1.081555094447098672e+05 7.531979751085006865e+04 8.846608950834543793e+04 2.370467216347964257e-01
4.176721917851250465e-01 5.580805693219426100e-01 3.759599685185108786e-01 4.899664136204270881e-01 2.484640649660579959e-01 2.770424260298973151e-01 3.647643676314668570e-01 1.300012408452273230e+05 1.047834365166242060e+05 7.351489619911323825e+04 2.764863363888606909e+04 3.353000215990771249e-01
2.897431666683884521e-01 4.571364200152268076e-01 4.647765503524267650e-01 4.367967822951491774e-01 2.279733423241719625e-01 3.365924280473686081e-01 3.531174537408906522e-01 1.275249081328718021e+05 1.120449976083284419e+05 7.789600535121698340e+04 4.544687026003338542e+04 3.027245285801162811e-01
3.081121507714843499e-01 5.681956279662183640e-01 3.166399947275005400e-01 3.920066831255076267e-01 2.836236154083902616e-01 3.313828998196606257e-01 2.980523828464320402e-01 1.289806331469000288e+05 1.152673262445739674e+05 7.333951572474134446e+04 3.555663896265649964e+04 2.525031978387948239e-01
3.120395126449509449e-01 5.871424486138718812e-01 4.171500987615416323e-01 4.845348765680395076e-01 2.775965469102973371e-01 3.311771898317610319e-01 2.503632711623943741e-01 1.094359967172499018e+05 1.080035844753731944e+05 7.402368484507099492e+04 7.688058850928564789e+04 2.920242204545682174e-01
3.548518705975673981e-01 5.274772755250550782e-01 2.748425968175863265e-01 5.759789480592306665e-01 2.222794639700833852e-01 2.859104850116031549e-01 3.918459499302201499e-01 5.420277546877001441e+04 1.160231602207938995e+05 7.320771002441634482e+04 1.096910485248315963e+05 2.771287669266993547e-01
3.430541582317532256e-01 5.987179968885346648e-01 4.235339085582061625e-01 4.877966748967207389e-01 2.346107939128265207e-01 3.208616665592698980e-01 3.876451064740198960e-01 1.387805433322392637e+05 1.231627878777274746e+05 7.737332590627635363e+04 6.631630510674975812e+04 2.929376663065563768e-01
3.324608846426028164e-01 4.912239120403634751e-01 2.982595894629792577e-01 3.417429085298704927e-01 2.100522110755044802e-01 2.704196908077930450e-01 2.981594859865329128e-01 1.552077903058134834e+05 1.193250773172542104e+05 7.609273051983874757e+04 8.802053539530361013e+04 2.783743852143199526e-01
5.028430709271933807e-01 6.124393164748699325e-01 5.675848359867294857e-01 4.355357018805194880e-01 8.607130798925759496e-01 6.059878373764701065e-01 7.038730797809722439e-01 1.356515102406871447e+05 1.198305557693735900e+05 7.411038843729847576e+04 4.904125745836645365e+04 2.695290189871046849e-01
3.898715113914702490e-01 5.617959029810094540e-01 2.837642420032942536e-01 5.397770942439021891e-01 2.166287516871137353e-01 3.282421779775861470e-01 1.940991198177112187e-01 1.277831821996564395e+05 1.214855656274304347e+05 7.739003071435359016e+04 7.554958419604231312e+04 2.974690438879639687e-01
3.781771931345692672e-01 5.065490173140312358e-01 4.099505583194293368e-01 4.896210314271584596e-01 2.070362717258935337e-01 3.414189570959798026e-01 3.936450773387480395e-01 1.106399870004154218e+05 1.160812647845408937e+05 7.489281364140562073e+04 9.112019175872081541e+04 3.904712459562044713e-01
4.036145264137569466e-01 5.873675739958403863e-01 4.287188906970771929e-01 4.476622600084154135e-01 2.698688128850580403e-01 2.992019983303246811e-01 3.409874383386429786e-01 1.676342280653932830e+05 8.650075340561980556e+04 7.492026332342880778e+04 6.282204392061637918e+04 3.522467104711475838e-01
3.780328176645513794e-01 5.719544660792430513e-01 3.070565235640647095e-01 3.507658311634662129e-01 2.549159155166605961e-01 2.842088245523744505e-01 1.013544453541680157e-01 1.419081868650696415e+05 1.238262628344536060e+05 6.848139949129580054e+04 3.219022769459335177e+04 2.421798300121873471e-01
4.636297809488089672e-01 5.516591611287591235e-01 4.624188456064547426e-01 5.031751784687086282e-01 1.956493569158211931e-01 2.839036884701557906e-01 3.109923366141095769e-01 1.324593491500182135e+05 1.337010590176772093e+05 7.549199671585856413e+04 6.102833032829672447e+04 2.039873576532562072e-01
3.588309688924008478e-01 5.636069957891356452e-01 5.627935498033762585e-01 3.111770963335517282e-01 2.782663963844139166e-01 3.056214602469637942e-01 2.634020921312176244e-01 1.664763652857967536e+05 1.125345183093283849e+05 7.939161673525662627e+04 1.282212048855886824e+05 3.906069551575573895e-01
4.112104217128878525e-01 5.584829473908698994e-01 3.529083266226835103e-01 4.112583115413144252e-01 2.630521456705270378e-01 3.452614699852799007e-01 3.364633266027894920e-01 1.503025438231650623e+05 9.751765139920954243e+04 7.959916441894970194e+04 3.770035787269626599e+04 3.014246224767346827e-01
4.818747424797727996e-01 6.207890671116138570e-01 5.819993408605871332e-01 4.125403912148424279e-01 8.501405087563272955e-01 3.024965020893643497e-01 6.560687793794016676e-01 1.342712301240384113e+05 1.187184885757788143e+05 7.379206624743566499e+04 5.479961741676874226e+04 2.777672323524430498e-01
