3.160774508198254118e-01 6.263457343889138329e-01 6.282560288781536828e-01 3.595406127780541583e-01 2.445509970488363161e-01 3.091232063215840764e-01 2.826660234389216653e-01 1.146261093561526941e+05 9.844909567118334235e+04 7.634550842385920987e+04 5.350101873902433726e+04 2.378371933091545654e-01
3.938062137128066631e-01 6.170767740788002387e-01 5.417732023219570259e-01 3.421607106504274687e-01 2.544878839001846194e-01 2.838368505578698908e-01 4.244664233673202114e-01 1.231645114100747742e+05 1.084079318537026993e+05 7.392067728033670573e+04 4.325435476322832255e+04 2.505953615107343602e-01
2.966331840628993466e-01 6.049376339177012785e-01 6.146102098647366896e-01 1.260189442035597462e-01 2.246850091840074670e-01 2.764086351543549314e-01 2.582886345084594026e-01 1.169131769699691940e+05 1.044189980485619744e+05 7.340447966172976885e+04 4.058062852995236608e+04 2.175134920321584175e-01
3.012644716258275901e-01 6.151176865454129894e-01 6.156942902157321873e-01 3.385758616593265158e-01 2.266314874311529670e-01 2.856672466589319503e-01 2.661655462327822685e-01 1.238432273065171612e+05 1.106001536355891149e+05 7.339244784400517528e+04 4.285741513467788900e+04 2.259997561910410124e-01
3.453694385520230115e-01 5.711232894479237876e-01 5.338371565441965005e-01 4.328776107063704859e-01 2.073623413445419561e-01 3.005194316994914683e-01 3.218831969643995428e-01 1.355996135510391614e+05 1.098664296906489762e+05 7.375317956497521664e+04 6.231593770624460012e+04 2.222051749729151704e-01
3.286602998318535196e-01 6.058929867489368792e-01 5.728910277148249186e-01 4.975476283944986200e-01 2.041758538126625944e-01 2.918307121893127243e-01 2.710315667498047199e-01 9.597305902850859275e+04 1.177846250812794024e+05 7.502258515661372803e+04 2.984065542305177223e+04 3.120008733579627269e-01
4.015339873202801724e-01 5.294471713281272418e-01 4.947425903612436837e-01 4.097416027931447546e-01 1.889202981891170974e-01 3.547065809523787250e-01 3.518788405583012646e-01 1.390042190809700114e+05 9.405319639628560981e+04 7.647609153930195316e+04 6.738470903870028269e+04 2.841764815179208536e-01
3.344170382491536420e-01 5.626220310271683456e-01 4.961378375146445197e-01 4.554011141193081147e-01 2.539403628059244689e-01 2.994186289812045820e-01 3.010027476749433939e-01 1.140442274654282373e+05 1.100813364157898759e+05 7.745106989945260284e+04 3.586571118979941821e+04 2.960402471741181984e-01
3.594277806846875034e-01 5.531237781505903284e-01 4.923699585922802213e-01 3.133464174779200806e-01 2.470937958467665507e-01 2.898694126854239883e-01 2.483866170276829433e-01 1.429555609778395155e+05 1.147183369980587449e+05 7.700338920062276884e+04 5.445666967446396302e+04 2.502937977632045952e-01
3.064868550604538666e-01 6.414195542374901970e-01 6.729993198802485255e-01 3.813890041372407502e-01 2.853600355952835566e-01 3.293249928732855936e-01 3.035536624449726162e-01 1.271416880032521876e+05 1.140127225597399520e+05 7.314422536641823535e+04 3.325023645359881630e+04 2.592722707303967700e-01
3.224932835877029058e-01 5.660620247757204293e-01 5.215930328712361508e-01 3.663145053873123058e-01 2.297061450812485084e-01 3.118632770559437439e-01 3.043476456717306711e-01 1.528902987343020795e+05 1.121279132674962166e+05 6.991582263054887881e+04 6.295276023664495006e+04 2.996537360867296829e-01
2.711205555472891437e-01 5.449244795592629309e-01 4.905101848883212101e-01 4.216987813382208627e-01 2.599249496201958554e-01 3.003852456352282263e-01 3.247900689242077532e-01 1.277527486230551876e+05 1.079407547444822121e+05 7.641237845858627406e+04 5.678350253676516877e+04 3.150528054907216213e-01
3.507763125416534788e-01 5.390338035837490827e-01 4.798356129521771929e-01 4.739494698216144553e-01 2.180484700116739616e-01 3.573503458106718766e-01 2.660605302671432137e-01 1.184702152602260612e+05 1.280509275538699148e+05 7.561581386790948454e+04 5.283740443541213608e+04 3.117974662794721352e-01
5.028430709271933807e-01 6.124393164748699325e-01 5.675848359867294857e-01 4.355357018805194880e-01 8.607130798925759496e-01 6.059878373764701065e-01 7.038730797809722439e-01 1.356515102406871447e+05 1.198305557693735900e+05 7.411038843729847576e+04 4.904125745836645365e+04 2.695290189871046849e-01
4.818747424797727996e-01 6.207890671116138570e-01 5.819993408605871332e-01 4.125403912148424279e-01 8.501405087563272955e-01 3.024965020893643497e-01 6.560687793794016676e-01 1.342712301240384113e+05 1.187184885757788143e+05 7.379206624743566499e+04 5.479961741676874226e+04 2.777672323524430498e-01
