2.884445844180472118e-01 6.066342967879922998e-01 4.219041593454149752e-01 4.732435363703371145e-01 3.070193942789637975e-01 3.436870098545634078e-01 3.101234993506574167e-01 1.146511349412735726e+05 1.085854374375240004e+05 7.541199332808036706e+04 6.702386899009814078e+04 2.514109859081271603e-01
3.033798353756758104e-01 3.442373565918508960e-01 1.630353265226546222e-01 3.257797342814630626e-01 1.862569367869032766e-01 2.761918308975920278e-01 2.641940692027643367e-01 1.336563374133321922e+05 1.195144516067524964e+05 7.325584957473054237e+04 4.834306223086238606e+04 2.404431877433864662e-01
3.160774508198254118e-01 6.263457343889138329e-01 6.282560288781536828e-01 3.595406127780541583e-01 2.445509970488363161e-01 3.091232063215840764e-01 2.826660234389216653e-01 1.146261093561526941e+05 9.844909567118334235e+04 7.634550842385920987e+04 5.350101873902433726e+04 2.378371933091545654e-01
3.938062137128066631e-01 6.170767740788002387e-01 5.417732023219570259e-01 3.421607106504274687e-01 2.544878839001846194e-01 2.838368505578698908e-01 4.244664233673202114e-01 1.231645114100747742e+05 1.084079318537026993e+05 7.392067728033670573e+04 4.325435476322832255e+04 2.505953615107343602e-01
3.371137554129678970e-01 5.194424913955257850e-01 3.751991075836418887e-01 4.169172350223011581e-01 2.366191915540234725e-01 3.117679201573620995e-01 2.367108071505298617e-01 1.110230925058939320e+05 1.241909799145034194e+05 7.321737666360968433e+04 4.325820883924365626e+04 3.095192781123267678e-01
2.806689335988238332e-01 5.327020306369336655e-01 3.841042803924266669e-01 3.692601865165717201e-01 2.625459137951891009e-01 3.177321889678524358e-01 2.719700552787500669e-01 1.291284288319655898e+05 1.197023773370209674e+05 7.526131019236096472e+04 5.550545092705110437e+04 3.033964491384596451e-01
3.470904371240906006e-01 5.766180721344391635e-01 2.357662293671698439e-01 3.440695404188186535e-01 2.577585839247780730e-01 3.691576077969407343e-01 3.366663334974239752e-01 1.628761383074113983e+05 1.186579467622848169e+05 7.728186131164286053e+04 3.377770617381217744e+04 3.298428490917366118e-01
2.755203647878556317e-01 4.883257432130029829e-01 3.621430438696586207e-01 4.796397487463562315e-01 2.776930439092952230e-01 3.270808691085754782e-01 2.319427932103664547e-01 8.983757714782113908e+04 9.355370738753621117e+04 7.417090017359642661e+04 6.896148217874421971e+04 2.853831274069197343e-01
2.982232296885596323e-01 6.080082824806375408e-01 1.834287398720243212e-01 6.696736366449900224e-01 2.449912259680455673e-01 2.784754852767707956e-01 2.695945181425838388e-01 1.287939713700796419e+05 1.154051753783680324e+05 7.317782923778315308e+04 4.461254860115950578e+04 2.299729079188303216e-01
2.729350013773887973e-01 5.430367359566098395e-01 2.865825697509376546e-01 4.712497259970290786e-01 2.654028980639487889e-01 3.220872711831694879e-01 4.032415629443753535e-01 1.229502653727333382e+05 8.607580665163577942e+04 7.413500112696333963e+04 2.337950331223011017e+04 3.331446586622708317e-01
3.480073692318679801e-01 4.785660222745148351e-01 4.576147724294084007e-01 4.656793877149935645e-01 2.292449308527002294e-01 1.812012145530583762e-01 3.348203587660964486e-01 1.327669455591747828e+05 9.213432678061515617e+04 7.715057617832290998e+04 5.433941739339294145e+04 2.826215853292479152e-01
3.505828996327765013e-01 6.277051168057647956e-01 3.400481609428143703e-01 4.888035872101385015e-01 2.378536338775535941e-01 2.509903998083847787e-01 3.358460652963941029e-01 1.149527351845780213e+05 1.097421260138378420e+05 7.766529935812602344e+04 3.564753582836955320e+04 2.533707335102284297e-01
3.618854708261525222e-01 6.227373468977449589e-01 4.217284146598306305e-01 5.210867293030793101e-01 2.700285202950837293e-01 2.912190333720502400e-01 2.286389193922752083e-01 1.371223909483097959e+05 1.203237169155602169e+05 7.569784802840524935e+04 4.025968136541583226e+04 2.297624143085739701e-01
3.032026758341769268e-01 6.127805579622442878e-01 2.266022093862911924e-01 6.313124689871332240e-01 2.490022324658925645e-01 2.895182657846634422e-01 2.665104169460918437e-01 1.052758360921662679e+05 9.064811295814177720e+04 7.594250010344281327e+04 4.592858118863985874e+04 2.307464430638531683e-01
4.851362760070296876e-01 4.617277285607533366e-01 3.927744699363213687e-01 4.632000283165449983e-01 2.265336601139744943e-01 2.872409209828303833e-01 5.721811601006808745e-01 1.126076103377625550e+05 1.003951722068496165e+05 7.467093320974423841e+04 4.376196410266410385e+04 3.197371196005048821e-01
2.104764136059434354e-01 4.989520307073101457e-01 3.305299889162073290e-01 4.154216397065363386e-01 2.199892689785365452e-01 2.636941464792845746e-01 3.649957379816579639e-01 1.330893101437726873e+05 1.189694268662177201e+05 7.507509000099588593e+04 7.800335428161903110e+04 2.883887332307480955e-01
5.080590242707471171e-01 4.018910413772001644e-01 2.109643773108192399e-01 3.629690195873113145e-01 2.153731420307535838e-01 3.196165084888715757e-01 2.899313468513435299e-01 1.360717805883504334e+05 1.176228902144962485e+05 7.569255368344973249e+04 7.266207793519535335e+04 2.718888897714685782e-01
2.966331840628993466e-01 6.049376339177012785e-01 6.146102098647366896e-01 1.260189442035597462e-01 2.246850091840074670e-01 2.764086351543549314e-01 2.582886345084594026e-01 1.169131769699691940e+05 1.044189980485619744e+05 7.340447966172976885e+04 4.058062852995236608e+04 2.175134920321584175e-01
3.648474783379234143e-01 6.513355649771460643e-01 3.838555829826678645e-01 4.229081129755424828e-01 2.354854867361558801e-01 2.829688502646960924e-01 3.166492359462588779e-01 1.387610988354729488e+05 1.085436063223723468e+05 7.446207895757436927e+04 5.779086953394098964e+04 2.980690601281874574e-01
3.263173569050257794e-01 5.896025616999382990e-01 4.082916700464426230e-01 3.685344383790644662e-01 2.180507867995372939e-01 3.176185629012807099e-01 3.235469148368227410e-01 1.120049939723772550e+05 1.228156091070226830e+05 7.395002118094092293e+04 7.181840505836316152e+04 2.612527418920690958e-01
3.173048169916514172e-01 5.841203831683565717e-01 3.285182103571235301e-01 4.592755929293961259e-01 2.154298173200505651e-01 2.930557819212822879e-01 2.724260534989522697e-01 1.213111276822792570e+05 9.661027435198679450e+04 7.523221467414802464e+04 7.453246171821406460e+04 2.888035177371988116e-01
3.012644716258275901e-01 6.151176865454129894e-01 6.156942902157321873e-01 3.385758616593265158e-01 2.266314874311529670e-01 2.856672466589319503e-01 2.661655462327822685e-01 1.238432273065171612e+05 1.106001536355891149e+05 7.339244784400517528e+04 4.285741513467788900e+04 2.259997561910410124e-01
5.391686084097542242e-01 5.365004793553359574e-01 3.385095562783562162e-01 3.806472461101212956e-01 1.348169407318460244e-01 2.933759751263987359e-01 3.154540905585703769e-01 1.273479312713359686e+05 1.135405709043069946e+05 7.254132531656316132e+04 5.131574626512998657e+04 2.651457160967778948e-01
3.168381306408443177e-01 6.432235399839265622e-01 3.443971327841704455e-01 7.001426538526547283e-01 3.241099431735314229e-01 3.326369658532543627e-01 3.016088242406430586e-01 1.287525675677210238e+05 1.155947050423204491e+05 7.301814193389094726e+04 3.342887352820434899e+04 2.556846927279919357e-01
3.671149172532576221e-01 5.396001665505590905e-01 2.574300311453380230e-01 5.017427809012758866e-01 2.354942390109552586e-01 3.067313551735988963e-01 3.024666062022895452e-01 1.564205023831596191e+05 9.894514857039252820e+04 7.707229680449972511e+04 6.125336376788357302e+04 2.754483018270931227e-01
3.453694385520230115e-01 5.711232894479237876e-01 5.338371565441965005e-01 4.328776107063704859e-01 2.073623413445419561e-01 3.005194316994914683e-01 3.218831969643995428e-01 1.355996135510391614e+05 1.098664296906489762e+05 7.375317956497521664e+04 6.231593770624460012e+04 2.222051749729151704e-01
3.286602998318535196e-01 6.058929867489368792e-01 5.728910277148249186e-01 4.975476283944986200e-01 2.041758538126625944e-01 2.918307121893127243e-01 2.710315667498047199e-01 9.597305902850859275e+04 1.177846250812794024e+05 7.502258515661372803e+04 2.984065542305177223e+04 3.120008733579627269e-01
3.401802689267633961e-01 5.401673099294977964e-01 3.681020646907956495e-01 5.063305308177518116e-01 2.368781996940398926e-01 3.016769597791816304e-01 3.770029491689967371e-01 1.167592991818011214e+05 1.086816827230800991e+05 7.677962845393663156e+04 5.542588480163276108e+04 3.099853010272399789e-01
3.453807007429681719e-01 2.134416281627688761e-01 6.903840885222013446e-01 3.156291505258052021e-01 2.191094954925028315e-01 3.222572299044446087e-01 2.841123505662168647e-01 1.413538171601489885e+05 1.203306796924714581e+05 7.632152311657920654e+04 5.463556249730206764e+04 2.956073142556189248e-01
4.015339873202801724e-01 5.294471713281272418e-01 4.947425903612436837e-01 4.097416027931447546e-01 1.889202981891170974e-01 3.547065809523787250e-01 3.518788405583012646e-01 1.390042190809700114e+05 9.405319639628560981e+04 7.647609153930195316e+04 6.738470903870028269e+04 2.841764815179208536e-01
4.516144006777742526e-01 5.478030164128435686e-01 2.095708808563440106e-01 4.320735119711507921e-01 3.133477031448675398e-01 2.391785846153006989e-01 3.797867527164586199e-01 1.291093796564191143e+05 9.419996964736876544e+04 7.112102015359239886e+04 3.741650237567682052e+04 2.828310760406109181e-01
2.195593017125439805e-01 5.393136413007584284e-01 4.221346242342199351e-01 3.442116462342639238e-01 2.715521887778384880e-01 2.831714475792310726e-01 3.184014816622555144e-01 1.304502279387995950e+05 1.271628055138966010e+05 6.965235180465642770e+04 7.428855682675616117e+04 2.574824248015208372e-01
4.153745482878903883e-01 5.417100100525675810e-01 4.276434454352509573e-01 4.562623003657108045e-01 2.426812815994546235e-01 2.862958968606885146e-01 2.892423707300732505e-01 1.221521586048480676e+05 1.317080020393832237e+05 7.642992583220823144e+04 5.354510597845185839e+04 3.274539901535317155e-01
3.745891901051219275e-01 4.991837854428879950e-01 5.256997945531108885e-01 4.381016489168046979e-01 2.308711814706693732e-01 3.074582344252445032e-01 2.447336612421932567e-01 1.339298894608223927e+05 9.223215549515238672e+04 7.498168854524860217e+04 5.995322275746622472e+04 3.004948681487417117e-01
3.408129880831715086e-01 6.505307765288738109e-01 4.948782451076697009e-01 5.128925112169001599e-01 3.034744828857687260e-01 3.471434151139770052e-01 2.952622496577640976e-01 1.352424847892526595e+05 1.229586655662949343e+05 7.762110534372556140e+04 4.238091492277290672e+04 2.261104466085180065e-01
3.280711491060895324e-01 5.385066908113673723e-01 4.480660988452311866e-01 4.438963051723655573e-01 2.338907817221101970e-01 3.240715739990930322e-01 3.349687775032905712e-01 1.235821280153380940e+05 1.051068467842417158e+05 7.343996428704701248e+04 7.211741762167632987e+04 2.698077069569435604e-01
2.952563295056989112e-01 5.999593212150600152e-01 2.512461697226274771e-01 3.853905064024915617e-01 2.162160595733020052e-01 2.742580499960685647e-01 2.685591128322520893e-01 1.312137731326908397e+05 1.176936537073626969e+05 7.309198205784038873e+04 4.292029632462816517e+04 2.324027869275451519e-01
3.250204756657254501e-01 4.915158651649780830e-01 3.936214559869751772e-01 4.859933627690048996e-01 2.973393388551990313e-01 2.663604201192549259e-01 2.793588436426904797e-01 1.296284366768535401e+05 9.507460025326060713e+04 7.438863887996065023e+04 5.774061643256978277e+04 2.605036519380902194e-01
3.132914867624739808e-01 5.678889520765230126e-01 2.610518255645841168e-01 4.987617100123933334e-01 2.646267723115173220e-01 3.019209468904759941e-01 3.071025382917504376e-01 1.555684166449207114e+05 1.094882325655356253e+05 7.922434015568347240e+04 6.260311468377090205e+04 2.606672243955021617e-01
4.572671598527716652e-01 5.620865762793798570e-01 2.509407963395827723e-01 3.903801207137670426e-01 1.826288405808943471e-01 3.745570825801887160e-01 5.013088369846009362e-01 1.888635327588754590e+05 1.332120480921764974e+05 7.442004080652516859e+04 6.208226305216636683e+04 2.209659309677784456e-01
3.344170382491536420e-01 5.626220310271683456e-01 4.961378375146445197e-01 4.554011141193081147e-01 2.539403628059244689e-01 2.994186289812045820e-01 3.010027476749433939e-01 1.140442274654282373e+05 1.100813364157898759e+05 7.745106989945260284e+04 3.586571118979941821e+04 2.960402471741181984e-01
4.072539902726652894e-01 5.048361595724795148e-01 4.868726268025366788e-01 5.883894771601340112e-01 2.668582202679108395e-01 3.348626462439531770e-01 2.977334161080218977e-01 9.880644300580750860e+04 1.439199170056779694e+05 7.647773327044435428e+04 6.310957959970882803e+04 3.079690148235564862e-01
3.596374820804449368e-01 5.709566466729212308e-01 1.989169279201600526e-01 5.060102940075682509e-01 2.617086531306561659e-01 3.288880946148726170e-01 3.406926181374103635e-01 1.340023412052488420e+05 1.252881977356605639e+05 7.474290333790956356e+04 4.617749422513740865e+04 3.070387060832761028e-01
3.303198824692771818e-01 5.933741205989266909e-01 4.097500621489402750e-01 4.048147482867602287e-01 1.892150739963162909e-01 2.566866297991907686e-01 3.636876774099080389e-01 1.573411389348570956e+05 1.285988669081649859e+05 7.391095371058977616e+04 5.859397835697173286e+04 2.810068714745456164e-01
3.197883833030498724e-01 5.474280362187687876e-01 3.242337325540002313e-01 5.678892338413616958e-01 2.322866834057024099e-01 3.308288380905157200e-01 3.040369467600720355e-01 1.236523374802706821e+05 1.211565780148541526e+05 7.525209274327241292e+04 6.708337908026961668e+04 2.443622611856463289e-01
3.110877859238672105e-01 4.038028583374703162e-01 1.925834736083644194e-01 3.264210970084351349e-01 2.021711177924846448e-01 2.946046779391930936e-01 2.827787158032978865e-01 1.290388592895894544e+05 1.108102048933319020e+05 7.617221915887607611e+04 6.323485091806659329e+04 2.493698777996208316e-01
3.331563403508287502e-01 6.045567618313156810e-01 4.399418465138929535e-01 4.523627898623333032e-01 2.355351347678732721e-01 3.106636965715227072e-01 2.496696759755076267e-01 1.306051454329795233e+05 1.140035363019064971e+05 7.313307059213932371e+04 4.500220661729657149e+04 3.282338780436966363e-01
3.210298297436428028e-01 5.296148431650565813e-01 3.662532477072987791e-01 4.427490755370130371e-01 2.421448445003979155e-01 3.525057891710366431e-01 2.737644538365907598e-01 1.371576296630897559e+05 1.229645923698734696e+05 7.415561505505321838e+04 7.139563520479865838e+04 2.123733810305003245e-01
5.620408304738595540e-01 5.933330120783072426e-01 2.159666739932405433e-01 6.254381198602186887e-01 7.300066749343575578e-01 3.287751025550646466e-01 5.645509242477635414e-01 1.341927068247165589e+05 1.198120952591268870e+05 7.343593498663279752e+04 4.600791297435224260e+04 2.447089216399100653e-01
3.445134591622641684e-01 5.331399935960554615e-01 4.003448413996991140e-01 4.854939972374447410e-01 2.195405764801232062e-01 4.069549029442944277e-01 3.503092685628558245e-01 1.010101610966400767e+05 1.066685725605636399e+05 7.348307109430813580e+04 6.222385094719250628e+04 1.961114094891011073e-01
3.784962192330526554e-01 5.336155125875783334e-01 3.887721122115878614e-01 5.295209495614022766e-01 2.136754274719340208e-01 2.856946466101952242e-01 3.260235510714498131e-01 1.213253311311204307e+05 1.123748054445705784e+05 7.766751106494276610e+04 7.394793865196895786e+04 2.807045321120323900e-01
2.838368136904313443e-01 4.765558526094623715e-01 4.760225998800700631e-01 3.805349089805446505e-01 2.044446179352997217e-01 3.052681447957446004e-01 3.163451193636001024e-01 1.097031405153237138e+05 1.169804590706086601e+05 7.669651648057471903e+04 5.119611276653754612e+04 3.291736353830843620e-01
3.594277806846875034e-01 5.531237781505903284e-01 4.923699585922802213e-01 3.133464174779200806e-01 2.470937958467665507e-01 2.898694126854239883e-01 2.483866170276829433e-01 1.429555609778395155e+05 1.147183369980587449e+05 7.700338920062276884e+04 5.445666967446396302e+04 2.502937977632045952e-01
3.862896229068510379e-01 5.813945599777224915e-01 4.031133780548206147e-01 4.712570048679925461e-01 2.528498630811027437e-01 3.077828057371644888e-01 2.613737458517866874e-01 1.206736735626354057e+05 9.704504990129456564e+04 7.765919041015919356e+04 7.571298257246636786e+04 2.829136843663078715e-01
2.362819489765447811e-01 5.822947579307818922e-01 3.199166592664127728e-01 5.225695568664017188e-01 2.040170656438701491e-01 3.041578680182229766e-01 2.616111182161522386e-01 1.401647540840297879e+05 1.167786299123845383e+05 7.556710532530068303e+04 6.718750304167575086e+04 2.888421266150512645e-01
7.745160567303333021e-01 6.176916621209985747e-01 2.379964311315011238e-01 6.911417814979592400e-01 4.237643435255925572e-01 2.911031679586438825e-01 3.612825531738803053e-01 1.220691055803765921e+05 1.093808045125386561e+05 7.326107105277289520e+04 4.687830081152151251e+04 2.475571081825251596e-01
3.064868550604538666e-01 6.414195542374901970e-01 6.729993198802485255e-01 3.813890041372407502e-01 2.853600355952835566e-01 3.293249928732855936e-01 3.035536624449726162e-01 1.271416880032521876e+05 1.140127225597399520e+05 7.314422536641823535e+04 3.325023645359881630e+04 2.592722707303967700e-01
3.031643997900179688e-01 6.487292321605835355e-01 2.942443504588800884e-01 3.491238058983999748e-01 2.418270805678071622e-01 2.732109467109459788e-01 2.816265271015090388e-01 1.412546302533950948e+05 1.265943458779679204e+05 7.315136923795686744e+04 4.452447536230886180e+04 2.344491652790514358e-01
3.438986348333745169e-01 5.496241137168641488e-01 4.348522041460574639e-01 4.616111824581344281e-01 2.472351883498784264e-01 2.868521409811815581e-01 3.000618664167423177e-01 1.474517629853451508e+05 1.305663104817314888e+05 7.666576649676274974e+04 6.616837410733211436e+04 3.027480644639680141e-01
3.456039579821601482e-01 6.227362025309065574e-01 3.906098602847948298e-01 4.517240565393280671e-01 2.524125139159074660e-01 3.106879977265692427e-01 3.119805707013538210e-01 1.081595198686399090e+05 1.175898059885977709e+05 7.582024500591162359e+04 6.454076717369364633e+04 2.852937111740579956e-01
3.695858021994301579e-01 5.745870100660165347e-01 3.786979001338607875e-01 4.760644935409019674e-01 2.525174509204637929e-01 3.064538171558590651e-01 2.635203341266414423e-01 1.324982782877100399e+05 1.008965714278830419e+05 7.725980825958558125e+04 2.269592499426532959e+04 2.632843068379189799e-01
4.467005670211108836e-01 5.717265291226050206e-01 3.179549620567626023e-01 3.756394731094743200e-01 2.869422975219776961e-01 3.025874187347907251e-01 4.212044714477202190e-01 1.430026128192924953e+05 1.485405427898927883e+05 7.559822335498988105e+04 5.880506404365594790e+04 2.029625691833315260e-01
2.722403766913268353e-01 5.126198377008231999e-01 4.401034016390000247e-01 3.979314676850382315e-01 2.369248947323012999e-01 3.579853350285982505e-01 3.045949774573015190e-01 1.241500095832395746e+05 1.119889918142966926e+05 7.555787010516216105e+04 5.620482222796106362e+04 2.756573516891759890e-01
3.682915791803289540e-01 5.188126665606471732e-01 2.153913904931314960e-01 4.106327823877863881e-01 2.683677990196547958e-01 3.872842364316438912e-01 2.693746730836510950e-01 1.370845202641729848e+05 1.405753814367576269e+05 7.712153749449914903e+04 6.627131721317717165e+04 2.106375580514348589e-01
3.736387144811481598e-01 6.032750887243232274e-01 4.325942027707476156e-01 4.258964833711002540e-01 2.449603874949978777e-01 3.065251359056524461e-01 3.364284162603752848e-01 1.015585064662578952e+05 1.079398893314061570e+05 7.529576178961708501e+04 7.965187541584330029e+04 2.671025456809044685e-01
3.224932835877029058e-01 5.660620247757204293e-01 5.215930328712361508e-01 3.663145053873123058e-01 2.297061450812485084e-01 3.118632770559437439e-01 3.043476456717306711e-01 1.528902987343020795e+05 1.121279132674962166e+05 6.991582263054887881e+04 6.295276023664495006e+04 2.996537360867296829e-01
4.194593953309788681e-01 4.385861481349709323e-01 3.054886393206761031e-01 3.506946641384229291e-01 2.015823770899341505e-01 2.799356855872645045e-01 3.748821962251975837e-01 1.360658173891372280e+05 1.168968705001441558e+05 7.049068226142396452e+04 5.549969003084074939e+04 2.093981756821611251e-01
2.999102487587377297e-01 5.383109266005913218e-01 3.917181929730623735e-01 4.696753419221171288e-01 2.660296700850317553e-01 3.036022970290177536e-01 2.487538849028644028e-01 1.086574869791397505e+05 1.122023683039488387e+05 7.825250284348255082e+04 5.857814722194682690e+04 2.946079335957501599e-01
2.711205555472891437e-01 5.449244795592629309e-01 4.905101848883212101e-01 4.216987813382208627e-01 2.599249496201958554e-01 3.003852456352282263e-01 3.247900689242077532e-01 1.277527486230551876e+05 1.079407547444822121e+05 7.641237845858627406e+04 5.678350253676516877e+04 3.150528054907216213e-01
3.061074381226023267e-01 5.963951649430124791e-01 2.799996319519413857e-01 4.195850568874796016e-01 2.758097577498905828e-01 3.518419528624289749e-01 2.689341071283352091e-01 1.295645305835915788e+05 1.200850837803304894e+05 7.474878339955277625e+04 5.115556858815537998e+04 2.530669419865396730e-01
4.106665364406563712e-01 4.722750194962038184e-01 4.077584821938227688e-01 4.362345462960275921e-01 2.100226744138735391e-01 3.060223815475784925e-01 3.263032522987179829e-01 1.230313942167343776e+05 1.001547189651081717e+05 7.879709674556899699e+04 4.683113382771242323e+04 2.279899390914288948e-01
3.325736702213824003e-01 5.224937118616813647e-01 4.036752930367171754e-01 3.175524296373528066e-01 2.214148058398260344e-01 3.404304693812404414e-01 2.654666993708634792e-01 1.066773937967364473e+05 1.254605431227958034e+05 7.709399187164015893e+04 7.071217133521489450e+04 2.387641655030383336e-01
3.411714023947878816e-01 5.171365669787281183e-01 4.553219369738403244e-01 4.918326657368794486e-01 2.639439655540582463e-01 2.729159389269871228e-01 3.119634238460014530e-01 1.252988920758817403e+05 1.226579226334178238e+05 7.513030502479788265e+04 5.312615146710384579e+04 2.261026998851943803e-01
3.507763125416534788e-01 5.390338035837490827e-01 4.798356129521771929e-01 4.739494698216144553e-01 2.180484700116739616e-01 3.573503458106718766e-01 2.660605302671432137e-01 1.184702152602260612e+05 1.280509275538699148e+05 7.561581386790948454e+04 5.283740443541213608e+04 3.117974662794721352e-01
3.086081186533812803e-01 5.985487332895822465e-01 4.042147113989822405e-01 4.700414019011149303e-01 2.416468187626705233e-01 3.273733512966204851e-01 3.586733321137199337e-01 1.395931377518907539e+05 1.147724911832683138e+05 7.294176234698895132e+04 4.932333274115438689e+04 3.311705639305237980e-01
3.927590486443622853e-01 5.254978323680645769e-01 3.840907017430029713e-01 4.406624208107297047e-01 2.334718784450104667e-01 3.188008153868724381e-01 3.233772135099817202e-01 1.371278368798954471e+05 9.998874383424567350e+04 7.580321555107556924e+04 7.114882189102259872e+04 2.989491925878512424e-01
3.676251375796493193e-01 5.349462212994484656e-01 3.978068695867497118e-01 4.582336464432759660e-01 2.563024814798125495e-01 3.139627609045245182e-01 3.465360259457119230e-01 1.261470918088940089e+05 9.840002653441522853e+04 7.461709754559745488e+04 7.122522696626762627e+04 2.458741168360836227e-01
4.176721917851250465e-01 5.580805693219426100e-01 3.759599685185108786e-01 4.899664136204270881e-01 2.484640649660579959e-01 2.770424260298973151e-01 3.647643676314668570e-01 1.300012408452273230e+05 1.047834365166242060e+05 7.351489619911323825e+04 2.764863363888606909e+04 3.353000215990771249e-01
2.897431666683884521e-01 4.571364200152268076e-01 4.647765503524267650e-01 4.367967822951491774e-01 2.279733423241719625e-01 3.365924280473686081e-01 3.531174537408906522e-01 1.275249081328718021e+05 1.120449976083284419e+05 7.789600535121698340e+04 4.544687026003338542e+04 3.027245285801162811e-01
3.081121507714843499e-01 5.681956279662183640e-01 3.166399947275005400e-01 3.920066831255076267e-01 2.836236154083902616e-01 3.313828998196606257e-01 2.980523828464320402e-01 1.289806331469000288e+05 1.152673262445739674e+05 7.333951572474134446e+04 3.555663896265649964e+04 2.525031978387948239e-01
3.120395126449509449e-01 5.871424486138718812e-01 4.171500987615416323e-01 4.845348765680395076e-01 2.775965469102973371e-01 3.311771898317610319e-01 2.503632711623943741e-01 1.094359967172499018e+05 1.080035844753731944e+05 7.402368484507099492e+04 7.688058850928564789e+04 2.920242204545682174e-01
3.430541582317532256e-01 5.987179968885346648e-01 4.235339085582061625e-01 4.877966748967207389e-01 2.346107939128265207e-01 3.208616665592698980e-01 3.876451064740198960e-01 1.387805433322392637e+05 1.231627878777274746e+05 7.737332590627635363e+04 6.631630510674975812e+04 2.929376663065563768e-01
5.028430709271933807e-01 6.124393164748699325e-01 5.675848359867294857e-01 4.355357018805194880e-01 8.607130798925759496e-01 6.059878373764701065e-01 7.038730797809722439e-01 1.356515102406871447e+05 1.198305557693735900e+05 7.411038843729847576e+04 4.904125745836645365e+04 2.695290189871046849e-01
3.898715113914702490e-01 5.617959029810094540e-01 2.837642420032942536e-01 5.397770942439021891e-01 2.166287516871137353e-01 3.282421779775861470e-01 1.940991198177112187e-01 1.277831821996564395e+05 1.214855656274304347e+05 7.739003071435359016e+04 7.554958419604231312e+04 2.974690438879639687e-01
3.780328176645513794e-01 5.719544660792430513e-01 3.070565235640647095e-01 3.507658311634662129e-01 2.549159155166605961e-01 2.842088245523744505e-01 1.013544453541680157e-01 1.419081868650696415e+05 1.238262628344536060e+05 6.848139949129580054e+04 3.219022769459335177e+04 2.421798300121873471e-01
4.636297809488089672e-01 5.516591611287591235e-01 4.624188456064547426e-01 5.031751784687086282e-01 1.956493569158211931e-01 2.839036884701557906e-01 3.109923366141095769e-01 1.324593491500182135e+05 1.337010590176772093e+05 7.549199671585856413e+04 6.102833032829672447e+04 2.039873576532562072e-01
4.112104217128878525e-01 5.584829473908698994e-01 3.529083266226835103e-01 4.112583115413144252e-01 2.630521456705270378e-01 3.452614699852799007e-01 3.364633266027894920e-01 1.503025438231650623e+05 9.751765139920954243e+04 7.959916441894970194e+04 3.770035787269626599e+04 3.014246224767346827e-01
4.818747424797727996e-01 6.207890671116138570e-01 5.819993408605871332e-01 4.125403912148424279e-01 8.501405087563272955e-01 3.024965020893643497e-01 6.560687793794016676e-01 1.342712301240384113e+05 1.187184885757788143e+05 7.379206624743566499e+04 5.479961741676874226e+04 2.777672323524430498e-01
