2.428575172609813426e-01 5.412780278020273839e-01 6.786595954292597987e-01 8.832668371178620248e-02 2.917343628514006415e-01 3.323864079569734953e-01 2.018448067145851288e-01 1.412227369163505500e+05 1.224980050810672692e+05 7.223264371731856954e+04 5.426993425122708140e+04 2.515066368465995184e-01
4.683025203934870762e-01 6.068851557773617955e-01 6.942136190532071094e-01 3.700784974342429257e-01 2.603576995367762326e-01 3.711143772727762413e-01 2.858004289368040185e-01 1.337636326903328008e+05 1.197260039282937942e+05 7.377490894390882750e+04 5.959748024726947915e+04 3.067718116298777664e-01
3.231491026123383126e-01 5.305841043194237105e-01 5.890001340047084089e-01 2.936624361895652235e-01 2.159217342468977563e-01 8.842270411062994051e-02 2.495855336737294872e-01 1.645875485633514181e+05 1.568875473985160061e+05 6.881574723951664055e+04 3.683306317995639984e+04 2.341949126342035836e-01
3.266887243694547305e-01 6.205697816025074198e-01 7.162365923897066056e-01 3.462983926164136528e-01 2.296242811902922953e-01 3.447018832094736474e-01 2.438413628794967036e-01 1.070535629688296322e+05 1.001693438450180984e+05 7.017083961096190615e+04 4.522471869889192021e+04 2.103530289408429288e-01
3.284974744031214922e-01 6.035252030026218018e-01 6.749051353291146693e-01 3.450791011304177314e-01 2.572996139249120184e-01 3.566602810689294412e-01 2.603474213637420043e-01 1.125651547684984980e+05 1.052358007346496161e+05 7.024304168386007950e+04 4.534762850709656050e+04 2.122756624822368376e-01
3.920281030828156599e-01 5.956273265657826554e-01 5.964034567089419037e-01 3.693482467979040118e-01 2.109009433841972925e-01 4.304980622348865138e-01 2.662965124770271252e-01 1.088615166565077961e+05 1.169948109482637083e+05 6.823134614954418794e+04 4.362392515560147149e+04 3.401405034284785689e-01
3.154405079665495992e-01 5.777076057675338827e-01 6.698527188978234959e-01 2.942487421831466166e-01 2.119150548281883706e-01 2.768613625222398622e-01 2.456917693124245905e-01 1.536252879683773499e+05 1.463911256169988192e+05 6.883793011783993279e+04 3.687989036507235869e+04 2.146796484788830728e-01
3.350866649024136779e-01 5.655995519356954437e-01 6.129141274514949833e-01 3.064785421058723314e-01 2.398280731302290247e-01 3.377017842156355698e-01 2.564800132082876716e-01 1.339129327476292965e+05 1.261472058169316151e+05 6.978643268834684568e+04 4.157891267680421151e+04 2.147856617660060807e-01
3.222867239121952054e-01 6.084741018387473943e-01 7.136334186127827328e-01 1.442848448959012930e-01 2.391025983763238050e-01 3.575197843376763385e-01 2.495231860920854583e-01 9.564832348293971154e+04 8.760979727999554598e+04 7.201868694352520106e+04 4.684670575203787303e+04 2.088495377296338273e-01
4.833996722287027814e-01 5.119407867575025417e-01 5.952495894373872609e-01 3.305370481349805267e-01 2.251024758284478067e-01 3.460077358458877872e-01 2.269556686182623573e-01 1.164707419409105205e+05 1.069339728422002809e+05 7.565049805764798657e+04 4.558453511187808908e+04 2.739995901102389442e-01
5.424456228765263122e-01 6.177953454731164307e-01 6.817489280082454917e-01 4.342175132293004114e-01 8.208023063006569808e-01 4.428144032278913955e-01 6.791254800471995257e-01 1.186883085345561994e+05 1.112066085984400706e+05 6.987123433534051583e+04 4.892386617629237298e+04 2.424887884931039850e-01
