2.428575172609813426e-01 5.412780278020273839e-01 6.786595954292597987e-01 8.832668371178620248e-02 2.917343628514006415e-01 3.323864079569734953e-01 2.018448067145851288e-01 1.412227369163505500e+05 1.224980050810672692e+05 7.223264371731856954e+04 5.426993425122708140e+04 2.515066368465995184e-01
3.187242389854838542e-01 3.371643632200979068e-01 1.804773432925454446e-01 3.383981452002503554e-01 1.947811456090610682e-01 2.219133556838367716e-01 2.590912726132366672e-01 1.634049940566276491e+05 1.568834584551200096e+05 6.828376705478430085e+04 4.497533671666652663e+04 2.335226025282509388e-01
4.683025203934870762e-01 6.068851557773617955e-01 6.942136190532071094e-01 3.700784974342429257e-01 2.603576995367762326e-01 3.711143772727762413e-01 2.858004289368040185e-01 1.337636326903328008e+05 1.197260039282937942e+05 7.377490894390882750e+04 5.959748024726947915e+04 3.067718116298777664e-01
3.719437286147865285e-01 5.857884035604596917e-01 2.545266652705147625e-01 5.010761750571606221e-01 2.019758499321869794e-01 2.158853733355194371e-01 2.187963491474901601e-01 1.330423093538544781e+05 1.257786561727506923e+05 6.952697559696946701e+04 3.579376868561825540e+04 2.117722795381274670e-01
7.145326054377068026e-01 5.511227386400129324e-01 7.021958613813762407e-01 -1.104515196252086051e-01 2.227783156700690603e-01 3.855004309264257745e-01 1.892555476177562868e-01 1.617509933065249934e+05 1.507775957474465249e+05 7.164187556426732044e+04 5.392849904048575991e+04 2.399764114563547601e-01
4.217607594265168625e-01 5.687104822645099311e-01 3.725166558716510035e-01 5.406046021067905105e-01 1.984205972081412861e-01 2.629876693143044508e-01 2.887712886181179051e-01 1.009589731568219286e+05 9.544496993853989989e+04 6.997531727245861839e+04 4.646932373039946833e+04 3.384563959118209731e-01
3.422685615391835579e-01 5.940786180689827667e-01 3.206773548045295241e-01 4.424182756234077418e-01 2.222164726206491414e-01 3.179333211458262309e-01 2.609767981378485202e-01 1.355149493340473855e+05 1.286733297518848412e+05 6.918838197210941871e+04 4.337588049893463176e+04 2.251156673865659652e-01
4.501172324002307157e-01 5.783631048009919562e-01 2.320468173919130461e-01 6.802956103005111110e-01 2.545708201276188354e-01 3.468242253590062552e-01 2.733618401187719593e-01 1.327684575238289544e+05 1.215208338366913085e+05 7.195773163298625150e+04 5.094665120195984491e+04 2.684592421296755904e-01
3.997841489523260572e-01 5.919503824470490061e-01 5.136645782482599509e-01 4.138790748307614731e-01 2.434184183830255810e-01 3.091769126124211398e-01 2.988082400440618125e-01 1.294790074526194512e+05 1.181844054991487938e+05 6.965978730737001752e+04 7.262141912167205010e+04 2.749460439101462650e-01
3.271834421872524268e-01 5.676521660897482224e-01 2.217169370218605162e-01 6.655784408016235387e-01 2.210146848763378524e-01 2.718178566268074636e-01 2.495765878243008384e-01 1.596256191004799621e+05 1.529638328671538911e+05 6.842507821665715892e+04 3.997840898083260254e+04 2.182972274513985400e-01
3.231491026123383126e-01 5.305841043194237105e-01 5.890001340047084089e-01 2.936624361895652235e-01 2.159217342468977563e-01 8.842270411062994051e-02 2.495855336737294872e-01 1.645875485633514181e+05 1.568875473985160061e+05 6.881574723951664055e+04 3.683306317995639984e+04 2.341949126342035836e-01
4.398117193666746250e-01 5.377545034438114824e-01 3.647994994035290151e-01 4.950412646852841436e-01 2.099844796977262396e-01 3.830131737265825564e-01 3.275410349271426491e-01 9.262828362716581614e+04 1.017956454750030680e+05 6.794513762609958940e+04 5.290936593705898849e+04 2.280583876745588268e-01
3.856212849672403520e-01 5.418964091802277450e-01 2.954968278217874333e-01 4.328938564246581633e-01 2.945921120448928843e-01 3.741504554112038416e-01 3.494859941716018104e-01 1.030975448404569906e+05 1.070834013253255689e+05 6.959920787463423039e+04 4.108758118576519337e+04 3.219644541971538043e-01
4.681896199050881724e-01 2.912639172148526745e-01 1.847156840637232400e-01 2.779979328253817106e-01 1.983868866768521144e-01 2.777221442057082879e-01 2.457322853644909044e-01 1.161090733972359594e+05 1.096012286321891297e+05 6.952521264802708174e+04 4.711140290193426335e+04 2.267546584897942585e-01
3.266887243694547305e-01 6.205697816025074198e-01 7.162365923897066056e-01 3.462983926164136528e-01 2.296242811902922953e-01 3.447018832094736474e-01 2.438413628794967036e-01 1.070535629688296322e+05 1.001693438450180984e+05 7.017083961096190615e+04 4.522471869889192021e+04 2.103530289408429288e-01
5.274535967846047946e-01 5.323934337289514263e-01 2.015220761261584670e-01 4.736411886645097713e-01 2.367493796069527201e-01 3.732617646823239710e-01 3.081488933496120408e-01 1.676801667828886712e+05 1.230034935626144725e+05 6.899946576917436323e+04 4.399851998017475853e+04 2.553268896276813527e-01
4.962308182579232008e-01 5.575948576615767927e-01 4.344330810814245325e-01 3.669189639245312162e-01 2.143847907988860046e-01 3.480969000990611906e-01 2.753989429257897581e-01 1.280419738450265868e+05 8.824153243485253188e+04 7.015420020923648553e+04 7.082206014063650218e+04 2.730023940312465980e-01
3.101644183525433807e-01 4.175040104690123655e-01 5.570953176586478373e-01 4.374715698167833122e-01 2.556901516446502542e-01 2.644914086974047285e-01 3.281778501006773485e-01 1.334744401022813981e+05 1.254430787646806275e+05 7.316024681906489423e+04 5.510935436391270923e+04 2.448015254654435369e-01
4.530779388656853146e-01 5.745128700630077745e-01 3.707899350522365078e-01 3.175865197105432469e-01 2.602323433288604160e-01 3.343532264630031392e-01 3.014633644660627554e-01 1.154599390788819874e+05 1.217112514146983594e+05 6.776621879950257426e+04 5.536984266629633203e+04 2.981552761431104925e-01
4.523744553554275294e-01 4.558295345887021233e-01 2.747781904573942113e-01 4.517628559287250045e-01 2.129702003246081166e-01 3.780962911868035459e-01 3.525273937375825173e-01 9.850408380656833469e+04 1.276675011991707579e+05 6.953816230949900637e+04 6.204601246459971298e+04 3.195196567159048762e-01
3.284974744031214922e-01 6.035252030026218018e-01 6.749051353291146693e-01 3.450791011304177314e-01 2.572996139249120184e-01 3.566602810689294412e-01 2.603474213637420043e-01 1.125651547684984980e+05 1.052358007346496161e+05 7.024304168386007950e+04 4.534762850709656050e+04 2.122756624822368376e-01
4.322435758346343526e-01 5.056702144797138310e-01 3.049270506114205581e-01 5.134177648464699484e-01 2.321434664156924732e-01 3.615198255741866040e-01 2.810938851092461555e-01 1.170043167224251665e+05 1.293176617821459804e+05 7.416859127001067100e+04 6.703199391671831836e+04 2.878995401629451112e-01
3.920281030828156599e-01 5.956273265657826554e-01 5.964034567089419037e-01 3.693482467979040118e-01 2.109009433841972925e-01 4.304980622348865138e-01 2.662965124770271252e-01 1.088615166565077961e+05 1.169948109482637083e+05 6.823134614954418794e+04 4.362392515560147149e+04 3.401405034284785689e-01
3.949544687423672817e-01 4.366869293156461218e-01 1.945156241571824041e-01 5.077326284349930052e-01 2.532071670031240118e-01 3.187341338104429656e-01 3.401101295217766052e-01 1.125293208674642083e+05 1.212330606152788969e+05 7.188299023884427152e+04 7.347802175098606676e+04 2.798870312459483256e-01
4.584561632422973765e-01 5.060516579117561031e-01 4.242579832441697452e-01 4.660244053930865382e-01 2.188901276361624737e-01 3.839757679054368045e-01 3.913302305870529629e-01 1.034835877477164613e+05 1.051120618627298245e+05 7.344602351651625941e+04 7.486270511108505889e+04 2.084374967702252168e-01
3.154405079665495992e-01 5.777076057675338827e-01 6.698527188978234959e-01 2.942487421831466166e-01 2.119150548281883706e-01 2.768613625222398622e-01 2.456917693124245905e-01 1.536252879683773499e+05 1.463911256169988192e+05 6.883793011783993279e+04 3.687989036507235869e+04 2.146796484788830728e-01
4.437138950783378055e-01 4.331158445774711541e-01 4.108196937599004617e-01 4.416180977072198810e-01 2.234114729236303942e-01 3.239074182823027392e-01 3.031467304773657889e-01 1.371931565078661952e+05 8.888086167660588399e+04 7.188555946686404059e+04 5.941176420707354555e+04 2.592460613986770079e-01
5.403091666628644374e-01 5.786576849306868109e-01 3.445136004405783825e-01 5.579211486927079244e-01 2.489182122388474139e-01 3.630838795721861856e-01 3.041755734246985310e-01 1.377678203845420794e+05 1.045490363698821893e+05 7.549997969203817775e+04 4.720864528183324001e+04 3.285950952036859607e-01
3.715185263184849762e-01 5.007986614537194292e-01 3.359293727076910763e-01 3.678896641123218236e-01 2.419094771855287707e-01 3.921626780937064738e-01 2.919355239223860310e-01 1.498251406194450101e+05 1.375726674462146766e+05 7.286888193061840138e+04 6.727231046520340897e+04 2.654021161074929802e-01
4.107683042963298226e-01 4.692683693191784244e-01 5.418210057579506689e-01 3.579008553625760425e-01 1.905145721804887282e-01 3.362306380465638900e-01 2.838798467222162780e-01 1.077776739420685335e+05 1.310711886683017510e+05 7.079410165142240294e+04 7.084352171041541442e+04 2.867920132584212967e-01
4.607828449573818652e-01 4.778389180017216242e-01 4.378266169277802988e-01 4.494533201584116067e-01 2.507142277325470348e-01 4.146623705574231100e-01 2.545039804994040922e-01 1.428497256987346627e+05 1.096110990640936943e+05 7.057604422622936545e+04 7.029394617492365069e+04 2.911209375801953603e-01
3.328926961286031716e-01 2.981879632696871063e-01 1.851186519207884684e-01 3.434968913825025005e-01 2.245216440914725442e-01 3.173990071069476282e-01 2.759209218384129914e-01 1.254405530546180526e+05 1.182207636123729317e+05 6.967020100937868119e+04 5.180814947578846477e+04 2.351957665880820836e-01
4.687515482709679326e-01 4.795931566374786459e-01 6.182057266458975686e-01 4.813393790888133572e-01 2.464503291858867462e-01 3.547929650896342046e-01 4.174847819500036583e-01 1.115908042001452268e+05 7.907564321241546713e+04 6.980376315873795829e+04 6.276117386650767003e+04 2.825799795865315822e-01
3.246335527339108684e-01 4.347150527905944140e-01 2.017564283367417610e-01 4.187169541225973513e-01 2.159025835869212429e-01 3.134028993995557344e-01 3.386567971213165218e-01 1.125630275649898249e+05 1.152915579812127398e+05 7.132236536442293436e+04 6.497110973063784331e+04 2.539836315117047216e-01
4.285459075435451570e-01 5.126811997637880092e-01 4.681742975735350143e-01 4.871184373234520582e-01 2.484188985833664931e-01 3.772953215728226395e-01 3.200348614971424976e-01 1.221203832579323498e+05 1.164318449682658393e+05 7.359551970298674132e+04 5.043317824383217521e+04 2.555999884870521210e-01
3.350866649024136779e-01 5.655995519356954437e-01 6.129141274514949833e-01 3.064785421058723314e-01 2.398280731302290247e-01 3.377017842156355698e-01 2.564800132082876716e-01 1.339129327476292965e+05 1.261472058169316151e+05 6.978643268834684568e+04 4.157891267680421151e+04 2.147856617660060807e-01
4.770051250074842653e-01 5.515328536005840165e-01 5.148880682414578303e-01 4.270636656431250344e-01 2.093896103299371925e-01 2.908978997675973344e-01 2.517478547037979020e-01 1.500609480973487080e+05 1.099378393910532031e+05 6.939538105811766582e+04 5.572222423428219918e+04 2.199000867842674234e-01
3.442664391379098299e-01 4.928144065376099392e-01 4.879083529237342454e-01 3.891073230982020625e-01 2.191908931070086219e-01 3.409829822313932279e-01 2.071614514715899302e-01 1.183810386822622677e+05 1.206141020645477111e+05 7.142875409141472483e+04 5.625938640879647573e+04 2.855958017795526271e-01
6.874646925669852804e-01 5.938653797776887178e-01 2.846325234100689494e-01 6.791345854518007208e-01 6.589331091436606558e-01 3.755511853921739140e-01 5.194509682024459618e-01 1.229050536381682323e+05 1.159159754390886228e+05 6.972191826455818955e+04 4.973509668506692105e+04 2.444533976671714737e-01
4.350880469966856845e-01 5.531699881394390728e-01 4.695900501230843016e-01 4.532502785813206647e-01 2.229834273995885963e-01 3.879018715106497539e-01 3.465381389663892420e-01 1.274699110181055003e+05 1.208609428420783515e+05 7.207739649755599385e+04 7.250088180317723891e+04 2.924406385002562003e-01
4.911847741405895862e-01 5.409828311583858573e-01 5.172368311112709449e-01 4.026842686480365252e-01 1.894763494022621009e-01 3.905649787697465514e-01 2.500156669119806274e-01 1.348312518196133024e+05 9.377190066058190132e+04 7.125460374957531167e+04 5.125685600182672351e+04 3.073576193603106965e-01
4.343687330373648958e-01 4.652168348806328679e-01 4.176947991377271130e-01 4.732652269121632727e-01 2.214332013574900893e-01 2.941248883678906356e-01 3.066290470544656421e-01 1.096658177862232551e+05 1.192270314994667424e+05 6.814776855928315490e+04 7.008509156433897442e+04 2.847813880770921902e-01
4.184894342547425539e-01 3.812916240664243617e-01 5.144095443129771406e-01 2.927099664452038619e-01 2.071774205853695872e-01 3.486667720790980751e-01 3.479609575612260253e-01 1.228559758704664418e+05 1.154093490229136660e+05 7.624605978377138672e+04 7.168818256884568837e+04 2.722630409457554856e-01
-4.813049488852962771e-02 9.077787871272682829e-02 1.649620202176472761e-01 1.352980425941106291e-01 1.221840513884740326e-01 1.528905380465248216e-02 -6.636532745668111133e-02 1.381490529737928300e+05 1.444078786521087459e+05 6.513791807164825150e+04 1.869143254830320802e+04 2.266793970310118367e-01
4.681999188703552806e-01 5.241253845401527833e-01 3.933626210877121387e-01 3.815030576708882126e-01 2.825387502749026614e-01 3.337682185197002327e-01 4.138493655412988637e-01 1.393990223575281270e+05 8.483859869589755544e+04 7.022911474538453331e+04 6.629809715105255600e+04 3.053016662091598832e-01
3.528257783528542801e-01 4.791921554869210675e-01 5.315260393189893406e-01 3.939751463690340794e-01 2.971006421942412046e-01 3.324010966828013225e-01 3.271452906867580168e-01 1.130043246217787091e+05 1.021077088781355124e+05 7.090980491691631323e+04 5.175326693550737400e+04 2.948309155175461438e-01
5.077046382493179966e-01 2.175636220451020730e-01 -1.290265259674262255e-01 1.527650438673217037e-01 1.549167991394053978e-01 4.014472605100229963e-01 2.349589630170512145e-02 1.227840722981459694e+05 1.172430366396877362e+05 6.277113483741895470e+04 3.346452527518401621e+04 7.042542313105376595e-02
3.339554500574324347e-01 4.499151868155134570e-01 3.054516843680996629e-01 3.423953933267080973e-01 2.691798579555164661e-01 3.630487515661873221e-01 2.890314007915195105e-01 1.160266000886535767e+05 1.100652074592100253e+05 6.924723328971095907e+04 3.770982956576226570e+04 2.609238589921380469e-01
4.439890753073167939e-01 4.552260484818352881e-01 4.970524371756334658e-01 4.979149321254620619e-01 2.230562716423990788e-01 4.153320766450990242e-01 2.697317491502540521e-01 1.208680309645642556e+05 1.032041114902740228e+05 7.146591718872394995e+04 5.599203022906803380e+04 2.651485835154233084e-01
4.816975807059404868e-01 4.377700875384127888e-01 2.143723515990638706e-01 4.224508612035341448e-01 2.370877617828572037e-01 2.807601554596846904e-01 2.981796957817410276e-01 1.169367582068489864e+05 1.141103806230043556e+05 7.293271294174599461e+04 2.066452707119007755e+04 2.599486660346240208e-01
4.348886027226172568e-01 3.651241300651373312e-01 4.128358448181041473e-01 5.084000988245466202e-01 1.891592473497506199e-01 3.674765085606823134e-01 2.450716179319318289e-01 1.326199790217320551e+05 1.299715585289926239e+05 6.833866077587436303e+04 4.858016797257659346e+04 3.093512489065701199e-01
3.222867239121952054e-01 6.084741018387473943e-01 7.136334186127827328e-01 1.442848448959012930e-01 2.391025983763238050e-01 3.575197843376763385e-01 2.495231860920854583e-01 9.564832348293971154e+04 8.760979727999554598e+04 7.201868694352520106e+04 4.684670575203787303e+04 2.088495377296338273e-01
4.833996722287027814e-01 5.119407867575025417e-01 5.952495894373872609e-01 3.305370481349805267e-01 2.251024758284478067e-01 3.460077358458877872e-01 2.269556686182623573e-01 1.164707419409105205e+05 1.069339728422002809e+05 7.565049805764798657e+04 4.558453511187808908e+04 2.739995901102389442e-01
3.022964776245246066e-01 4.787025299424786384e-01 4.394029246047063131e-01 4.985783536189306031e-01 2.293871289453525419e-01 3.454858152900742718e-01 3.478336393570997109e-01 1.020329556202441308e+05 1.048530015345418069e+05 7.424412339250229707e+04 5.929036291551825707e+04 2.360396663437041298e-01
4.131026813542620357e-01 5.179243978411477434e-01 3.568871958956030266e-01 3.998473978367254045e-01 2.013160240855937089e-01 3.576920171792002390e-01 3.556416140473973031e-01 7.528899148464588507e+04 1.117776022716782027e+05 6.824857704997446854e+04 6.466808140622607607e+04 3.088957702189641386e-01
4.710911374483513492e-01 5.406510871930073625e-01 4.057464983532606539e-01 3.634038986487254652e-01 2.455590574313127050e-01 3.799078098078669807e-01 3.620075901217527092e-01 9.072706596136126609e+04 1.409348475755646359e+05 7.361016641378517670e+04 3.533296346670378261e+04 2.993522323869660662e-01
4.562181062580418778e-01 4.698340048061509511e-01 4.421143717916772298e-01 4.449916133234618210e-01 1.841206883878283573e-01 3.850482486713933117e-01 2.595206133755426081e-01 1.341183275612348225e+05 1.417543114326975774e+05 7.430596711337270972e+04 6.028174631411032897e+04 3.053201566528265798e-01
4.091364948989942851e-01 3.463850677293612290e-01 5.701187406130742152e-01 4.742078860373934446e-01 2.570933961623943498e-01 3.154474446059455928e-01 2.452429649301448855e-01 1.173029270984541508e+05 1.176878448774885037e+05 7.428166986844922940e+04 5.017470988159896660e+04 3.058874167814798484e-01
4.923175650898305444e-01 5.718761614064231669e-01 2.602753464426953989e-01 3.765140620109337921e-01 2.220450641320588780e-01 2.941941519890471923e-01 4.416423187894049640e-01 1.339225427510626323e+05 1.138513573434779828e+05 7.317346005804688320e+04 3.940195285383777082e+04 2.480091976585102609e-01
4.448693408837122720e-01 4.986493120331589868e-01 3.134097580076435352e-01 4.015059773073834659e-01 2.822510180842631167e-01 3.387557202975957638e-01 2.394871211523494636e-01 1.466311518466648704e+05 1.151935313600293739e+05 7.250159608813376690e+04 6.139280237071436568e+04 3.206924301616697059e-01
3.462115404717566736e-01 6.085018186258021045e-01 2.539530339985718310e-01 7.020165174100031491e-01 2.511630366862518393e-01 3.399982784887564669e-01 2.526384266697291325e-01 1.119679113432119484e+05 1.048132153771234298e+05 7.011604119340039324e+04 4.674677810098532791e+04 2.140797764602794806e-01
3.827976712091863409e-01 5.431840307712891835e-01 5.389213413323645785e-01 4.759717707723079005e-01 2.594783011692681218e-01 3.642186947528256447e-01 3.923110193286058478e-01 1.342318909959545126e+05 9.879843260348301555e+04 6.967404641985041962e+04 5.938903088573346031e+04 3.056206359695894381e-01
1.798521874043831348e-01 5.808829020697235945e-01 1.256600337081023866e-01 4.830735602466667000e-01 2.221224906266135446e-01 2.803237144027870831e-01 9.516655923742088630e-02 1.177127715850954119e+05 1.221336479085039027e+05 6.371425858391654765e+04 3.682329640136331000e+04 2.319658955538606848e-01
3.290853201783516813e-01 4.455169587356905825e-01 3.722897792529157313e-01 4.909449953021911006e-01 1.873435539036819586e-01 3.351758126797527160e-01 3.238443050807429113e-01 1.465052199434663053e+05 9.825650474205547653e+04 7.347622447913282667e+04 6.476799600239151914e+04 3.006448694112986986e-01
4.247073889799606872e-01 4.535164089768402573e-01 4.753637604578800357e-01 4.874876927770487312e-01 2.420515676070915112e-01 2.775726929788187580e-01 4.013713119978233324e-01 9.343851422838243889e+04 1.002338073207886337e+05 7.364574413388948597e+04 4.990272903164471791e+04 3.283054311800290836e-01
5.424456228765263122e-01 6.177953454731164307e-01 6.817489280082454917e-01 4.342175132293004114e-01 8.208023063006569808e-01 4.428144032278913955e-01 6.791254800471995257e-01 1.186883085345561994e+05 1.112066085984400706e+05 6.987123433534051583e+04 4.892386617629237298e+04 2.424887884931039850e-01
