4.000000000000000000e+00
8.000000000000000000e+00
1.100000000000000000e+01
1.300000000000000000e+01
1.400000000000000000e+01
1.800000000000000000e+01
1.900000000000000000e+01
3.000000000000000000e+01
3.300000000000000000e+01
3.600000000000000000e+01
4.100000000000000000e+01
5.600000000000000000e+01
6.100000000000000000e+01
6.300000000000000000e+01
6.700000000000000000e+01
7.100000000000000000e+01
7.800000000000000000e+01
8.100000000000000000e+01
9.000000000000000000e+01
1.040000000000000000e+02
1.310000000000000000e+02
1.380000000000000000e+02
1.440000000000000000e+02
1.470000000000000000e+02
1.500000000000000000e+02
1.540000000000000000e+02
1.620000000000000000e+02
1.760000000000000000e+02
1.820000000000000000e+02
2.140000000000000000e+02
2.180000000000000000e+02
2.210000000000000000e+02
2.240000000000000000e+02
2.400000000000000000e+02
2.450000000000000000e+02
2.460000000000000000e+02
2.470000000000000000e+02
2.480000000000000000e+02
2.550000000000000000e+02
