PE APC-H7 PE-Cy7 PerCP-Cy5.5 APC BV421 FITC FSC-A FSC-H FSC-W SSC-A AquaAmine
0.466174112094734 0.876591815280752 1.00847430582821 0.62912302965596 0.231750878811498 0.141738839351863 0.413383366801169 112871.439337918 101334.534738878 79767.8681358942 74636.9907609884 0.235340512077866
0.358163824713405 0.621097195688541 0.151844291574813 0.470846416244685 0.168690670191745 0.195349082080612 0.425140948268595 135433.171969416 94310.1919726184 81205.5193143689 73873.3996980693 0.180217867338768
0.788634025107192 0.904192277883102 0.926477374063973 0.778931637827617 0.36490463389583 0.433254451285717 0.901472704729147 261395.363545814 221613.516055351 78247.4513644674 189895.215321264 0.759365076033181
0.151427011018856 0.910371889251325 -0.841026094508883 0.795859759048809 0.120594521209348 0.14170118106343 0.275218708302513 133269.462638345 112409.262670645 78245.5640684774 44041.7806226681 0.0990703113891845
0.251775623703103 0.788345607397044 0.736234041013199 0.377480708833451 0.22927746012968 0.0861352739339192 0.36008173620504 96483.1633863969 90664.9045579163 80755.6960487823 44475.0826895616 0.349989885862658
0.311815275556349 0.782037188020571 0.79916682531363 0.632259840822255 0.200828027342298 0.141064410859073 0.335065042486745 124007.201217839 112872.594230967 76521.5241032674 54860.8539209018 0.434743567257936
0.457515066055643 0.783556034525554 0.477417943371538 0.537078373327732 0.149876812853778 0.148317789433379 0.413178835967414 124167.339385999 101153.205125641 80580.4768461279 65779.6601429171 0.408200095147362
1.10561914861516 1.20682909798785 1.55159794011929 0.920227107924826 0.985045267439065 1.15830251609014 0.85908884260111 98858.5696659225 91021.7350389752 70136.5582458213 40846.7862907311 1.11283676867495
0.660076313523366 0.626874204613017 0.237356197079633 0.519521109234064 0.29774580001471 1.17863484398122 0.495567691460393 85639.116003753 57010.3488170058 88709.3453767983 158857.204371593 0.696024435129133
0.285125930608184 0.944158380282115 0.312332369326741 0.415246000524785 0.147733571796336 0.122224797236111 0.266086301099954 143576.191070888 125317.337670922 75374.490251724 44298.0289444784 0.106905173669302
0.515011953329405 0.738482943701136 0.692009558300559 0.460259602001066 0.187322783188194 0.249525119185937 0.311996448086802 111878.663691448 94397.7097231782 80300.5804401188 76133.663533244 0.280771194798414
0.240317055957433 0.759719338406596 0.714671634167927 0.449179791961725 0.189449196301063 0.214889495363195 0.336214684913537 112709.722155831 79449.4722234817 81932.4316124871 50724.8888240446 0.214759818483006
0.404674237623432 0.784836137287185 0.593848620880983 0.63587061483254 0.20693224870733 0.163647024919517 0.374373002565532 91722.2242519361 121707.716992816 80529.4013080373 27126.4257632927 0.229278028055703
0.420868122044272 0.791160660269368 0.431281458674938 0.492340974918926 0.222581615552972 0.193092058340535 0.374878809311009 119924.43936717 100555.276014382 75265.1845708809 72209.7705330221 0.176855772494451
1.16047631743368 0.770631322051295 0.687638540094408 -0.599414686223368 0.382994682870044 0.370465106110746 0.629208407458676 81574.1172463225 50594.6356796742 93617.5943042114 117879.073840026 1.0064932988973
0.315497811699057 0.792263852818168 0.794301762295956 0.455128245342362 0.225893559904122 0.201572913285327 0.281441735892697 120719.389183715 118535.146196801 77420.368228682 67248.661316894 0.379391270965241
0.349989156780296 0.825135695769603 0.778543674127484 0.682455183050683 0.18781136148157 0.278768043230829 0.367879213035192 125010.735614821 102342.641243952 76537.4040701179 72283.8940435313 0.252715429847606
0.409966984508128 0.00833660394963124 0.0604649561722775 0.0356533899268265 0.148942586790397 0.172700340207941 0.0215410474252462 70151.8729339628 59205.5281181761 80114.2756818761 254113.964802903 -0.15317043305861
0.306530619299659 0.830898611192386 0.837681925154533 0.626940681347683 0.224590386268955 0.17918471488267 0.373828121386705 131838.566405606 107210.18044568 76410.8073772357 51885.4685803705 0.443963105531637
0.280987000865219 0.794693623996903 0.555993743590538 0.531776868887367 0.18564620985975 0.114648143094053 0.493225438451829 132313.459351637 112373.796193704 82180.8964923153 55835.8507003255 0.392689812027312
0.51878896147515 0.948422552924103 1.0749003902209 0.377743558788109 0.105861870336558 0.123923101515084 0.31262383962211 134684.533244552 112407.751316382 79045.9802230076 51089.8927840998 0.299483744993746
0.502891883017245 0.763305165308936 0.542686939246582 0.547350482658582 0.243710734466445 0.183952148938673 0.428280820213277 120037.145025577 120431.453641898 78802.1809474227 57207.8387600427 0.117107731655089
0.418956907583037 0.92051959824814 0.738632443646134 0.874034103678063 0.357571177099048 0.120757399781019 0.586062961199032 131211.871815439 117028.014829619 75417.9005785341 40823.4857527466 0.144379259946293
0.324835462140018 0.909605613706098 0.311214404960546 0.422635956396486 0.603922170680759 0.133966174963082 0.38088696281985 170681.313034251 152133.232115255 74424.5241317484 31999.200312314 0.230760524411323
0.740980322033074 1.02404087548226 0.516606913549328 0.98888146969993 -0.0973848987126727 0.22942423978234 0.466170559300225 178574.137211959 93193.3893974309 131606.453569629 96113.6093467279 0.816747762116109
0.480808145750573 -0.128738933718418 0.192736989790959 0.680916097442687 0.0809960367842931 0.501596688593552 0.702300001541074 111031.103243752 96872.7533135758 75344.804077614 68585.3995794165 0.831057728597429
0.342212780278507 0.837073170899109 0.260779844130683 0.538092321961197 0.111939663693878 0.17488371019949 0.440683737723426 82001.3236035525 107338.122832512 81693.3074529401 53392.169893613 0.335293441542564
-0.0417684132346053 -0.143386453608342 -0.167699125393161 0.660116173967127 0.00590673282778402 0.413641136041277 1.08044062670127 151487.310376066 106978.457513858 93521.6234229936 148258.613507879 0.602248024072405
0.512517926240998 0.961385589547959 0.936850768341911 0.570467291147739 0.271205039162882 0.200689573445968 0.115415514937634 132652.458568173 120893.722633202 80407.6933393522 37812.3097170336 0.542417362586574
0.651889617639069 0.125416668610599 0.228224730476556 0.499411418281924 0.372401553984661 0.511120641757246 0.445012724176839 188874.065216314 117841.222503912 102269.776069021 245969.224687689 0.506944745491572
0.359528343441689 0.717211058383251 0.859618502542127 0.395035726490861 0.164349414152997 0.139143111064319 0.844241020686552 86960.3386356257 66857.0463932461 85481.5402000717 54148.7704819726 0.168848642960843
0.447346814437157 1.050395887328 0.865092326532831 0.636181609070909 0.0137258877091799 0.390368836827628 0.645900372783027 119522.780879619 106256.555395255 73193.9362183677 82290.4314599224 0.726663172019128
0.32949878516817 0.800676835509829 0.669608567134248 0.545120389803079 0.222422288477101 0.183886669957793 0.249287191775326 139743.173375856 100906.563667255 78779.7726276956 63129.138102491 0.259177625117632
0.395807109307763 0.794445973207414 0.590536494637395 0.581142627327136 0.166229000540825 0.14140435620436 0.438171984137222 128038.446141525 142021.660010359 76886.890858832 63371.7218321413 0.14447733263982
0.088486214682337 0.769057020663303 -0.704244337986862 0.566041268638738 0.0856083757729627 0.12317419255131 0.211431493168246 79693.4449471994 67105.3956685805 78515.4199287024 37578.8650239547 0.920110046435828
0.489323237664604 0.742684013640831 0.958972305140138 0.870445103984059 0.21229308665317 0.268820894098897 0.526556583506597 115717.978698239 101733.308330653 77970.5950960662 67245.1454531294 0.136199183720441
0.263748636325461 0.921783646674807 -0.319374218908564 0.937571116256067 0.515107658006633 0.503401400629078 0.988537420322266 142755.723309331 129289.738611349 74613.5535355486 31845.9965612719 0.160359949226846
0.437424752021881 0.78126501240654 0.469311853747946 0.617867144591145 0.15590500393707 0.13375264132262 0.425826963980213 119887.831641818 88319.7516282092 78235.946673977 66399.6676366596 0.409750041857435
0.320364602099403 0.743497784309482 0.49440465227892 0.615150221424282 0.123230988890853 0.103438784322257 0.228929522629138 125267.022923314 99139.910374747 75416.5275265604 45031.0541628021 0.376799237174802
0.387655495813055 0.852411775900931 0.648250894677845 0.354255469482533 0.230691216231903 0.173033454547043 0.303544468578472 133216.827668542 110951.604412548 81572.9847891108 63984.2740790513 0.275388612499307
0.518488267319955 0.754592433445894 0.578885591869562 0.560916530193606 0.169309920863293 0.170355964412229 0.43101604173559 137062.019715851 103620.836649768 72920.0548625305 54442.7802715777 0.515209985826915
0.338860332991916 0.737931002263195 0.745053361188646 0.68212152067782 0.180880836580661 0.156085034179667 0.537775823572063 122512.225845366 88606.0992130482 76638.7174331349 64019.0110958414 0.269080699808746
0.380878123794914 0.777529844374465 0.732692781551217 0.468822444291979 0.239794627505382 0.126957580969617 0.4745687644706 118455.781681505 102267.295997915 79155.3008315388 81079.1449658245 0.359971979956701
0.527198671790954 0.892350559527923 0.932484313858293 0.407128028190836 0.182392189721159 0.602050125786169 0.67474088729159 117365.760780015 96589.5985496871 79479.1518360082 57518.7945542822 0.129132168144106
0.326244373020808 0.714406863988106 0.59497323573592 0.29196106390793 0.237027181975979 0.225610036555174 0.38692612344799 125487.528334248 110323.802106205 77399.6510644834 59002.8419403119 0.210540749450426
0.615608797351756 0.441276663022443 0.93200294658031 1.02779129748698 -0.00136750633670447 0.113848449679022 0.0647198865159059 138226.951360175 116831.153652903 79574.2916979659 43040.2919668049 0.118722727016841
0.483281705923453 0.363051349421786 0.353885588933294 0.354762282229364 0.0999114558055546 0.182413245213597 0.303286197920051 90525.5150581419 77153.8445588629 77030.5437258038 80900.9474165064 1.02810473347316
0.61243371600317 0.490169360495436 0.782253802342067 0.822974061079431 0.367351120542124 0.246706041809252 0.758456992203215 119956.69569328 76063.9759983158 85586.3614866363 57349.055806344 0.142554206529445
0.322627535510752 0.600998014860893 0.649335194630515 0.32493257480045 0.131323294175637 0.428264976180488 0.241582174257957 79527.6917818274 69071.3275286439 75824.5614623662 58005.9850229545 0.945952025887519
0.388590535409853 0.963064067129693 0.816459153892143 0.531134065785249 0.145121805542474 0.137629839073967 0.341250819583078 93747.8153244286 100341.276628266 83286.833439416 63351.4723193473 0.0591010314235495
0.621993469145959 0.779669721049798 0.785969345852789 0.628226283610408 0.296180022280109 0.545749984033499 0.46894298254676 113502.577518967 77869.9052708474 95383.8476112426 122216.048913003 1.11176392393441
0.455531944533672 0.883535479673174 0.564835898807705 0.542121052388637 0.145467423626605 0.142251688638901 0.434253582494399 121596.752120782 124922.801352391 77980.2213019726 65918.9394861249 0.303808537822237
0.204197837274502 0.690143569700506 0.785361590884484 0.579559198533028 0.312054032082832 0.150476696670412 0.112356745749664 81036.6196731286 104869.611185231 72982.8913440218 72238.8173928091 0.544607078452118
0.683434904203661 0.917710315711743 0.499639837629454 0.477909359821605 0.182082382658108 0.239892250754923 0.322403108909458 105358.790886942 107310.661146615 75360.7517245809 66332.5511020122 0.140034658344869
0.408582362071698 0.878857336511008 0.86495507948497 0.585286529710545 0.167413187412877 0.147950638098818 0.485312193657237 82698.6332097296 101187.523338158 76108.1407567728 54836.3366980547 0.351222432178044
0.427641046150742 0.782726784982704 0.5315485161772 0.529418648556924 0.185643723518835 0.202508942026122 0.359653911007796 118663.705683645 98900.5510664796 74149.7860020065 56014.5126301074 0.409191307946863
0.541750644103581 0.735049664633971 0.907442997449818 0.583487916943979 0.184840103834494 0.192788424183861 0.313284271118874 163906.141180063 103304.539335846 75966.7051356409 56471.4818727535 0.189047585227192
0.398316095003567 0.867588008659545 0.94708611653138 0.316764683303448 0.0777578367562697 0.374525381653462 0.21474717519633 103480.877831932 91052.5594135672 75913.1634933975 38185.3735858735 0.902985261918991
0.262859003681033 0.881124043258166 0.959710346206822 0.771925295128976 0.289986247495999 0.223589235452872 0.337522542458511 94747.4283417704 103926.484174174 83057.1751227232 67860.8859029299 -0.0979362039691324
0.260678751792215 0.698203479634466 0.465134162793711 0.438512387559825 0.124879536527439 0.0788049307846529 0.550589874545337 138490.193494715 98362.6039243419 79637.3852851723 62885.2875143277 0.363781119703993
0.496230363689899 1.01186381736767 0.746063504866137 0.281281596042611 0.255562914304982 0.262764660656174 0.523089851094009 145418.245471283 107033.156757513 83872.7711393023 93786.2871175443 0.145818837331128
0.449141175760147 0.779132390963652 0.47706264500184 0.486926554583826 0.134253396641231 0.190202550169224 0.233141747820578 131093.25345672 95316.9978496483 76749.2229463727 69612.7676952384 0.398048584566846
0.610391968557717 0.603970151658653 0.254750955747278 0.73525829654133 0.207495275764159 0.200497217865372 0.835613076929406 128480.099024805 107781.238479476 78827.9180048555 75570.1848048221 0.282154686464848
1.08430932713562 0.426893164714666 0.45525985900151 0.328894134507205 0.137509402602337 0.333110497778479 0.463007204122736 77141.3569460217 46942.5163420414 106023.54537761 216259.63671058 0.830727522516776
0.740815536932092 0.738929776224185 0.798772941029454 0.529963944272607 0.254941879439311 0.370185045892108 0.789459064058226 74047.3976308499 50798.2856102153 95867.9313179379 114601.123495744 0.761962217505489
0.263215584085931 0.80798873770947 0.240837519132454 0.640116527866802 0.143974627205685 0.104635158063931 0.195596183801399 73372.2478171957 63106.0557218858 76699.3125208526 32234.3809604593 0.900371932265675
0.641926034370775 0.904091315407084 0.64210427302749 0.521394181207207 0.0775765725004488 0.10800399142804 0.47400316904202 121562.172251556 102757.624510779 77855.2805969194 77301.7403761378 0.0246018733513197
0.421912351617598 0.786259345386783 0.816489467189038 0.525041316066529 0.16635367126565 0.239921981677963 0.161636896598175 111913.620283243 94786.117681891 81410.6520411634 64909.5372506488 0.146361515522319
0.295623277358134 0.791178848137464 0.973160202999868 0.358556470671531 0.304391231398306 0.226124067338041 0.36447748901905 118422.441261475 123033.3196349 79151.6892679418 60124.7755384006 0.424023141892738
0.30458189711922 0.938093835779916 0.114426648824842 0.939842829112279 0.178080772054648 0.0944132699486926 0.259773907693462 137010.236363812 119392.05662643 75452.7117986478 44093.6935444532 0.0571590474751138
0.356735171889972 0.730303312345823 0.765975661512589 0.372007069731296 0.224957865248515 0.240077582573228 0.437918002220259 120960.218330998 101681.516596455 79706.5956855793 57444.162216176 0.38497703850097
0.375794682570701 0.638193494048291 0.302643883481206 0.410243022635201 0.311460587065542 0.115291942479809 0.468579342068083 106118.741290539 121945.186160631 79467.9355084684 53145.6426154346 0.39326629870772
-0.171543947447583 0.921623244229024 0.558797362598962 0.709949098644923 0.323746102067498 0.139032936050013 0.262551272003809 143521.198977453 122078.042001051 77170.1262720077 46082.6484988926 0.0609633909181877
-0.10363435412684 -0.341063785943593 -0.189014919949513 1.0276820926276 0.554439509233782 0.223080573134111 1.13303113700992 122746.358423533 99111.162429034 81276.112172435 50550.5041486075 0.410871453643294
0.304927132201166 0.865396383028704 0.690517156799532 0.704141657855377 0.15237491759263 0.192413699809614 0.533109306951518 127480.004508241 101144.55984475 76261.7847083083 65773.0222322453 0.208445616653655
0.307141784325506 0.930391308950346 0.546931116319816 0.563234292206888 0.18289862169535 0.163206039146462 0.31241425240064 114275.807016234 96217.5318478711 79515.6458372688 40863.3569454544 0.131646019778911
1.07941156862359 0.731968446549414 0.57404106694688 -0.599320268070996 0.258864317248583 0.298345500541208 0.442959488406543 118568.362840747 80402.8020814319 94405.8910060498 110087.462588425 1.04063083104928
0.416614164320761 0.755523447670759 0.421496362197652 0.315656614122556 0.15121309629815 0.190299343430662 0.670920131851464 130238.836506516 118983.8776101 83863.330113363 48257.055791354 0.27541844049786
0.789422672289935 0.528495469432715 0.570709069218279 0.578573895592713 0.379929346673255 0.360950611800171 0.569568767642794 111663.5874864 97034.916531369 75231.5826044802 96378.5078276975 1.04744448865162
1.11126689159296 1.06798207316264 0.912569931215752 1.0029864847787 1.15168772640295 0.362702839359553 1.10657321667108 123766.926196419 102312.851228824 81070.8539622404 71497.2454128365 0.668772951901842
0.440843649510528 0.77353241043496 0.65629532313405 0.373201979330251 0.158128257803369 0.137236225319248 0.324871709158487 129297.192451524 100298.429366853 72899.1774351016 69874.1850469517 0.500225867524006
0.240621402649111 0.711846819163925 1.19615446080728 0.367485061513105 0.157341339546359 0.282442157948273 0.613668260590727 114190.536943996 78787.8331821905 79748.3502327878 64916.4631603252 -0.325561835550031
0.377760608972406 0.788744117810395 0.552268333052707 0.519144291421088 0.16312529566138 0.168331227859483 0.278902192276882 110929.298248594 110517.276369813 78425.0227526086 79067.734657079 0.460432124604969
0.233850256739216 0.940884574509647 0.803277101747775 0.965728043154443 0.463210158880831 0.145331570199789 0.266007771332442 139256.849229348 121180.757671212 75621.1462633399 45625.5158998533 0.0994952110685958
0.348242306384481 0.763521578391749 0.774237649561327 0.498566289184097 0.196635342213742 0.229491066587595 0.457012678348643 112704.461153737 103072.477076226 72948.2018252182 72638.4490921501 0.318164761172369
0.680504985891734 0.661422148224232 0.810802130639798 0.513421205526671 0.230703086015209 0.314035139347703 0.787511727954552 150594.850862453 120321.871711699 82457.0682563575 117805.250972051 0.38476788893031
0.339320015028351 0.76753341044446 0.80602484736534 0.727462230318341 0.133467652525833 0.101379032243795 0.342720729514135 122997.578941232 101822.779290223 80145.1755976008 63026.0474382649 0.471331239757535
0.658117424315859 0.687499845031601 0.919995083843513 0.535877268309748 0.25638318859069 0.355242708589339 0.891127515145038 154987.365028978 115803.13422544 87948.9742556015 137790.228801914 0.425114980185592
1.39081561899336 0.631484749561818 0.972683907112374 1.09061458711434 -0.43943344860854 0.350984400921518 0.89098861543003 147651.001682124 108305.833187554 89715.6530775221 133758.056993481 0.485699286948322
0.757352940906579 0.426168894948031 0.602294044807103 0.574144010433079 0.205955653795459 0.510889678881328 0.476300959047458 79690.272547759 65826.1993687286 79488.0814138178 104568.566897488 1.03946944467701
0.532974960829969 0.527137232182477 0.360735053450569 0.419421432183483 0.142884056241781 0.186911095570116 0.304039682787118 119547.116802536 99681.6608970441 79382.5211609653 50655.7321575161 0.275552763839844
0.374088251687303 0.862568943957756 0.604400588301691 0.588020211654595 0.0768705698693068 0.122088160042618 0.380082364872738 124436.590318544 111255.406557361 80559.4667682576 76041.6515941473 0.358159798548912
0.20919053035208 0.735317968834827 0.44451440043205 0.400430977835612 0.181001426764079 0.236948006334651 0.403011047551711 147102.021883996 89756.8232279011 79282.4636015507 59013.3954881799 -0.00350460148743535
0.832643233535737 0.84449881852128 0.944435980610667 0.684632717860248 0.359554818839042 0.451113615033813 0.962799170457435 190889.139579809 125584.851765261 99828.3530226907 184256.193882949 0.893211794060268
0.812324423052816 0.907132326865534 0.798626482004114 0.458899062799902 0.336722230709705 0.303611202206023 0.73159168697405 113752.226228788 90909.8647742119 82324.2103222936 81605.0750816539 0.254175276560159
0.548460630909812 0.931197006914476 0.181712645605771 0.947958024118904 0.203361944606508 0.1038384002765 0.284379709495052 137071.812318175 118551.12091518 76478.1042086538 45197.0345931989 0.177747531880923
0.602101487894021 0.693452994431871 0.526540647159857 0.579186236172739 0.235191351303482 0.292728647169779 0.453847764704408 138284.839406503 108276.064694219 84017.8440859348 107725.589257509 0.349420428078915
0.351391463478413 0.687908623533652 0.594265736529402 0.577608356193776 0.227373506795994 0.196187741519989 0.298753080606708 124852.056595166 102017.57770237 78629.0478968365 64913.0965054627 0.249738266573254
0.494386708672747 0.864924055874546 0.609539729617301 0.601788093353604 0.158031548218637 0.167146030980041 0.231714234204019 120087.4961288 111916.55372279 81675.004930791 48089.7445873321 0.329946993872637
0.549628895347318 0.913498041971149 0.564729260492975 0.697217002303628 0.205182779692651 0.21453413123527 0.382079306185216 146980.360028661 109448.024061523 88229.580894623 82716.1485441769 0.823454490288731
0.397849627537332 0.949127191400385 0.812750791983376 0.947909065041531 0.456615823562206 0.247828554940928 0.283244643268278 121835.718697468 103056.742044772 77795.8925882943 45707.693796743 0.457197301761015
0.550922963504652 0.768863722224854 0.578884390025518 0.608769846285093 0.229901635924547 0.21974333205041 0.304881813532 109114.715924353 73177.4702650547 79309.0648179689 66149.3904744305 0.303149753096349
0.339562855834646 0.854726326685061 0.58823428684982 0.578390139670471 0.171101743851905 0.256800498952503 0.427601912769536 106251.059402692 126655.970261416 75394.3187735964 61246.9440397685 0.475038194682061
0.726101298104283 0.544470027745172 0.724076271682178 0.705788310386044 0.100555304931346 0.407822416630907 0.857587930838568 94433.984410994 53912.8389491211 121636.569495367 260469.993852633 0.707884702725295
0.421300563659136 0.67273501891418 0.56491755287139 0.458824736173789 0.201905439131385 0.202833206007202 0.447254382224392 123205.029039876 98628.2124282346 75447.7687001765 44991.3721342687 0.35035004409662
0.494148218309914 0.0474332349531302 0.300043600803401 0.688110706497685 0.100324142264458 0.709698614044548 0.6312297804447 53451.0535837812 45301.6485153889 81115.6404491939 249600.949028513 0.706573664138917
0.289926652238228 0.923494363094587 1.04395502912677 0.329243790109894 0.0883192916232792 0.0541200513805915 0.231743898741007 148480.107286072 130431.345452147 74666.4281291055 38035.0097597615 0.0290947788355275
0.221245837464994 0.912049464940382 0.769983419030168 0.833780979290599 0.381906502029096 0.158924399324696 0.237562107493946 88956.4598251465 74576.963363565 78855.3716304097 44908.7218893437 0.100695363167118
0.493146193883939 0.823456914750838 0.590160878708575 0.68598897468513 0.185889807477201 0.189897512234579 0.478925013787456 114063.10141483 89277.4163650404 78989.8574486847 59944.0681482267 0.356809983521184
0.421534736289842 0.626684743174086 0.753796967037826 0.465029399554814 0.157698623912894 0.222602714634764 0.463179696747324 124127.86076492 103879.620437219 76942.2472133667 70049.1679507153 0.223560698284025
0.467923679824879 0.918979269806438 0.564449980077243 0.465947543510567 0.195107867676804 0.132862823038802 0.280344194073149 130880.66912179 99239.5514324348 79177.2641911135 75036.0690099819 0.118637023570085
0.960618423157827 0.481409701888243 0.625865750074336 0.449278974372387 0.165578338355711 0.27373882707997 0.487880543571703 63066.8426676734 51974.1895363454 79869.7052007506 95124.0498464936 0.977793295780356
0.168189226814016 0.686737399302641 0.768978821818784 0.579084511383013 -0.0104524123903039 0.0610176807914827 0.499746200600623 138931.552926697 93579.2599233327 76944.3141699292 71130.2677487004 0.370545307256812
0.431517578205425 1.02336161862872 1.11192526334531 0.504835181397055 0.184494080970084 0.213727307386219 0.396207822530435 221381.557964277 183968.097728035 79950.9836160256 81271.2464547808 0.235661171438533
1.27961540444464 0.806805135667413 1.14359824401199 1.37039367601065 -0.827511251872433 -0.435373000029034 0.903665815190873 103270.141078397 84956.9964847518 80832.0822711282 72362.7695580694 -0.727547940440965
0.463730226566008 0.934243815828985 0.554770758730931 0.285565768614031 0.278476269764289 0.172889338533301 0.462921963357418 140565.731746508 63376.4293600914 76587.6830573216 117946.243063469 0.324992434159563
1.08184379399051 0.38534156396617 0.629059362629078 -0.14255094985011 0.145025339821844 0.224402180797451 0.399148620578964 59858.6448899547 49938.2787220467 78400.3070524376 89186.6518545431 0.946929376615251
0.347527651002957 0.892046941942274 0.950750733468452 0.590778004819605 0.18241795170264 0.168730105712799 0.304115333395574 106930.602280177 100035.520166366 79327.1305787088 84712.6456375568 0.158812776365984
0.187610290688246 0.90497247476514 0.426839346365108 0.641790513712621 0.262644145653674 0.125047560276691 0.0686022103300097 113093.702026713 90643.436817149 81372.662365449 21626.2961275048 0.213543568707466
0.771209603148008 1.59812112446511 1.36379644955825 0.993676658126033 1.40455021657366 1.19299181010855 0.795172774575018 186209.458642798 173284.419414245 73111.963420803 100470.072714839 0.884046717065432
0.260034881251167 0.842788051801405 0.798544693902082 0.522097743501911 0.138171847616593 0.207661288412749 0.350132513970552 120622.479122227 102126.149807628 81411.2753797552 60076.7938514806 0.264721275465275
0.841279393210647 1.17305651469807 0.809899705979329 1.14513611600108 1.20371435408905 0.978320147483242 0.929213279156236 134241.549494247 105573.696570001 77902.804963249 203463.928070448 0.803821379715373
0.421004729268475 1.0468084766261 0.767743275433368 0.527240339100755 0.192129256061549 0.124382442130731 0.349296972368242 147046.754746534 107682.803792347 79427.4244156951 71634.1700188092 0.505739907798517
0.359961157691985 0.794885222300648 0.646963440135459 0.581509995325259 0.215322540181962 0.448389661009895 0.25330754323933 77335.3256638806 66456.4550163222 76574.9176501845 69280.2020874532 0.979644789452249
-0.127886388416658 -0.154012066869068 -0.226972420434198 0.46641298345627 -0.0254920885476118 0.43642132663894 0.271534651084857 83282.3116039667 68728.9647190416 79365.7506190744 69258.8405069453 0.951788735613243
0.572128402144746 0.982651407213525 0.8734162287799 0.384949724354889 0.274245060524394 0.105253962989374 0.483066087368546 133767.338664638 89246.7040234928 83020.9811356374 81014.4224625438 0.284152550121656
-0.019484918670913 0.267070760862896 -0.28494612678428 0.554772490028145 0.078385921396803 0.127405427593977 0.268118332988202 147782.101102789 126073.803587099 77505.6047899202 47944.0643385848 0.088873231583552
0.45039677061612 0.878039236547744 0.673667123009818 0.562531328153853 0.174301322863891 0.133003808999637 0.394359325922117 121215.197357972 105497.970027113 76076.1350852625 54493.1912770649 0.356735118801211
0.454200085031439 0.751192295595028 0.46460026186245 0.57994999976546 0.189400173728474 0.174318452025604 0.330103058259584 92605.6991944973 88660.802494365 79158.6903282062 62692.9242581011 0.230666664788966
0.463039544437158 0.786623419842369 0.41067139167965 0.550147843465704 0.212228732347199 0.203388076181496 0.229465784814262 102801.970749226 85305.976204994 76828.7786251193 58703.1082548125 0.205524511259146
0.845206206125266 0.918592056077693 0.895324794269689 0.658904334406452 0.409068729332125 0.347821114985996 0.937708874109253 106052.732543358 82831.697024386 84372.6751385165 94024.0480806704 0.409199339877719
0.335347557230826 0.441035930484654 0.152797346646245 0.370073964118787 0.109300038448228 0.129964265305683 0.262037819234398 134647.234317953 116695.331673698 75788.5332051655 49789.4746830232 0.105215945312569
0.321594680348577 0.836745291687658 0.686149150795322 0.505083870693596 0.19318295814956 0.159041101006252 0.185761570719721 153240.381699614 103633.260242505 84178.5855898809 65328.479391895 0.228068148760816
0.450020549017276 0.895818955661507 0.382587902230149 0.6726009280889 0.0801559752656256 0.256123795174848 0.359980886308227 107001.706986318 106000.516948491 79862.8214287514 76465.2581652805 0.0613393198266914
0.753310924264812 0.751941939932028 0.918582878048208 0.651069622601928 0.377491435950182 0.437256714019824 0.994930888150098 206286.876095434 146474.383892261 93106.5276021985 172022.507570822 0.594562173809416
0.523621901860827 0.870871757189871 0.590003533777477 0.581997639156222 0.147624475537533 0.194875662938763 0.415909365400765 116402.972583123 109427.965295535 77909.0974835756 68385.0167857073 0.427703493515426
0.377181173390704 0.938212246038997 0.661913148397191 0.665747374324525 0.0267294512061882 0.22972236768866 0.363150414272153 113143.392289036 86268.0589026332 77323.7981702823 55428.0167608742 0.542314762999794
0.474625096797059 0.974021001322879 1.10703997508275 0.411697119524844 0.234668974648508 0.195029328098862 0.278410391767067 105907.816820622 86096.3074332381 81995.8766284472 45941.1665888877 0.229407099349276
0.607340300966189 0.982148351123445 0.572416025201448 0.464915292226699 0.0684475702269079 0.216351191542053 0.339494826092583 141568.514224072 98727.404227966 83783.5446351686 61428.1993481266 0.525389465991621
1.0474847271242 1.10825069190802 1.12830919766941 0.936390044465372 1.12441704771622 0.408346819979279 1.15679895034956 220885.121167155 121054.324195103 118801.325022882 92705.3200276116 0.856816277751813
0.505487240925575 1.01178306264968 0.674995379135234 0.606961510559884 0.129199581558262 0.242638004640627 0.33160881360085 141802.197859253 116260.798755771 82040.1898626112 76208.4843381878 0.299846899757107
0.553243091682865 0.806191572405253 0.717093316653588 0.646311813803028 0.230499458387387 0.237238688488962 0.46332888503297 96666.5374489989 91486.3398824846 75226.6089783361 55799.5165541849 0.293394935168297
0.326594174377653 0.848852630567157 0.516707771002161 0.534635656020129 0.17610885143529 0.212050505005502 0.323264634020681 114124.412198529 100316.997939121 80921.4692473868 80493.3477471735 0.200797308667032
0.73508060387733 1.06644998137057 1.23829899313253 0.41208962065156 0.261656149137784 0.161092386910657 0.257642791287638 143725.65791564 80908.7962947424 74288.7509174856 53043.4180281461 0.452536233608288
1.39699457772652 0.553401373436148 0.965193299244262 1.1293038510927 -0.541640598851653 0.353901168567593 1.03296305996094 96533.5836924253 69188.6428659641 94092.1507119021 151208.61313546 0.838988983922547
0.366706528690492 0.885821504919087 0.643196612086945 0.722291289202084 0.17966033969816 0.210763222739876 0.524875005088126 90773.2447393221 102643.964781876 89182.5831586793 82406.765006059 0.435472810991478
0.876589314466346 0.890873880113309 1.05810436595724 -0.314409410448484 0.191632046392577 0.288838442911555 0.26133451029454 103057.589556024 83582.4276154637 83135.589659262 54908.0658906579 0.429100168977409
0.376397262937251 0.976114455267025 0.65538378949052 0.479902215353722 0.194036391997289 0.112624714829154 0.34325469862443 143959.564780796 96838.9720703997 75425.4839646486 79780.3630251687 0.333610393346902
0.429643164412348 0.825611325320411 0.661718807233949 0.362347956994224 0.201704419393201 0.196102749208589 0.235372620262874 122628.526120113 106017.116753878 75683.6130631171 54802.9150762723 0.21912925195182
0.470100948385359 0.871723150405099 0.847344679712589 0.506904866372918 0.111351194374762 0.167897985092662 0.438214744212988 95483.4666531784 79529.0554306979 71337.0802298469 64933.129394007 0.460425921584893
0.812721618597894 0.980989116168514 0.834864735693988 0.810357547050063 1.0618862237772 0.300554541252061 0.960176808464275 134227.696733281 115769.055131654 76272.0743313795 46570.5534878328 0.191154960489332
0.265869894210635 0.827548517959773 0.51415401149445 0.536356121332499 0.130469463422774 0.195756035038693 0.442150197188645 104965.982872232 89490.1238655245 78097.9653750498 38248.0806532032 0.397928608440911
0.305025727588772 0.79213360814627 0.576023331095115 0.483759271282848 0.187837381925085 0.138585116359661 0.397128838457864 111815.31712532 98879.189171505 82276.7459014302 76820.2963996327 0.259772453285211
0.393309124338099 0.818667780198891 0.450561147845065 0.415934062622117 0.18360979224058 0.374285182951328 0.0242538305491261 63141.2158593584 80964.7369764355 90803.0797864774 41531.1422339908 0.439293091947647
0.913015990366221 0.486891804674121 0.449171084035154 -0.38600191619013 0.168237937685475 0.190971869334345 0.296440552342952 124357.581009238 101285.015731423 80834.6408113007 54239.2264145764 0.30542563758364
-0.0912002657835706 -0.257450146701433 -0.0903806892254027 0.644738057917212 -0.0520756995576723 0.145066831050451 0.257702831147987 136853.329905432 112944.075093659 79822.6566803518 48623.6141052622 0.0866996160540173
0.727953684095784 0.677328713971241 0.804594992888627 0.510044245205541 0.246060245274628 0.361529300893617 0.965724351991116 63376.7243583495 46780.7090169324 89227.2281096576 96717.541919998 0.985738198157716
0.0944304165944853 0.68577414415331 0.351579439014055 0.310131886824348 0.254217611324387 0.205588788369378 0.785058503834696 107229.354308635 116825.860855371 85745.7533711557 80987.0360450912 0.274656202418404
0.505088655724218 0.851220555485163 0.679679526032487 0.525181562092265 0.192987182789049 0.216912303290765 0.41776251600197 110117.332581512 112671.274775602 82235.3370042856 63237.8881742504 0.188147915488586
0.608193916053161 0.806991327339668 0.922717459555933 0.591921188886937 0.20378984275538 0.239860272311855 0.504109563026369 126486.382136107 95769.2284503017 79696.2806511333 49461.6914927938 0.202857845859806
0.352480777813414 0.870090005277502 0.674282898725607 0.415291765423677 0.124852229889434 0.142060162822148 0.379669999129354 156939.518457019 94340.0039129123 79116.5156544908 75950.859502302 0.123551937017555
0.422899990894461 0.86896567112071 0.952757123894254 0.543650470315749 0.253128443805741 0.15142266690953 0.358227554197488 118117.022718678 114030.909767474 72907.0087322113 45265.9661174892 0.318296705418154
0.400796781274814 0.840125460031993 0.809030921037992 0.414158157721124 0.0938496833472633 0.27740608214017 0.398574502026816 116123.148452653 114456.687066861 80464.4647923012 64927.6117627323 0.163637427997739
0.428678538811739 0.688915339324469 0.442754631038718 0.677981636324955 0.237115293789419 0.824102892760989 0.300196547091394 117324.720460132 101937.055382998 76418.4999494749 49110.6849993607 0.76190182724581
0.545674576362124 0.551633408676771 0.575673433310209 0.268269277223388 0.116276445919985 0.101793011648012 0.552596462580282 63260.985362562 56387.9247387499 73538.9356900265 25993.5980224176 0.285870478218162
0.428920878560165 0.850996270953893 0.785780527667775 0.53524465849152 0.169469600975432 0.127550450128369 0.520829600493113 109908.991003282 110483.589384572 83929.8964486049 67421.9763447057 0.209833773047398
0.504453259733573 0.756827241278235 -0.588617250398583 0.595787950429663 0.294413426788068 0.388244129521598 0.897042803496517 109901.692568914 78147.3181988986 92927.1032730727 154064.83655654 0.477060845562741
0.669193408819627 0.915041167227978 0.671954451890692 0.697119684626658 0.297297669044923 0.301427617934164 0.715263300867022 120702.03323245 93161.4849394604 87718.857827799 95004.3509826998 0.836036233309124
0.50059503551714 1.05920985871406 0.57790770999768 0.924888987382514 1.22230517661217 0.807404652293001 0.912332265959051 169485.412982584 142551.362499319 78886.224417076 110528.915607821 0.68719465659747
0.847118432440896 1.06989518158039 0.971957350862537 0.916686444646828 0.516449551304991 0.683868749405311 0.764529558443773 250462.38784123 124349.725765961 132836.739835313 251961.862240547 1.43224296503919
0.105014642694583 0.348434643679996 -0.278695782145494 0.550922538735192 -0.040023490556979 0.012248525320854 0.69457540326788 46790.5478198666 41978.5339907239 75382.2687748239 38338.9825492321 0.883047773079431
0.232153544302505 0.637310282763137 0.195606773405782 0.502385693623753 0.109871479646832 0.21741199299282 0.568470621156657 152145.01398028 133504.695936798 77080.0839336614 80116.2323607843 0.251389592906327
0.526391306366305 0.938266337101435 0.608992267037443 0.525652040998363 0.208839390543119 0.204611367786722 0.506065476209012 149912.806687314 116715.836651559 80110.9357245777 54131.829239141 0.288088815810115
0.325393605342948 0.733486937268761 0.353225405126696 0.414148544922877 0.19168328454447 0.175657158848289 0.430897204530238 105225.242679764 118484.029443186 77936.4054956778 77729.2921756912 0.445385205135456
0.362446508208879 0.777343950497785 0.573971121282178 0.534064863476679 0.129457411369228 0.164262885945387 0.46857841518472 109756.873244055 105039.281890838 79206.4539269163 54971.7106660489 0.135970242317324
0.52650251996184 0.781205791426686 0.712489874354423 0.471911870005045 0.132141128505478 0.139685719638646 0.54446392016202 100593.135103745 95554.1323835304 81783.7458309254 62241.182910176 0.49592880586633
0.471633603602884 0.826586888138161 0.568294486032777 0.64381760477356 0.261981114928119 0.208089264813856 0.381323381495841 119220.783264224 95604.7792544987 83159.38260879 46517.739405163 0.142316090282483
0.350243050659044 0.988037798697604 0.800376471356591 0.657995436775192 0.104025942513125 0.233848020255575 0.453186241471905 121715.157803188 88056.4514143625 76701.0248905816 43640.6865542822 0.355485018547607
0.721601088430937 0.734406211259983 0.884571126935113 0.667036079733481 0.3234235431618 0.411458337142192 1.1748703214599 148126.973171347 108173.593462693 90189.6732529584 144500.508931636 0.596278519792655
0.41752923229799 0.7828269830212 0.589201138032413 0.517100561749671 0.12707862632059 0.202139428436372 0.527920165925724 124539.276897725 112901.885141632 79187.79452882 78479.5460761363 0.519506652078123
0.28964879381953 0.600072169018133 0.67828280209969 0.448745588537297 0.166059407586443 0.190651095505157 0.408047976190017 146018.313401528 85488.1592219714 77873.8430304153 44567.431249076 0.232563088014117
0.592878542754268 0.870051061850408 0.616657809947794 0.599176600164943 0.179912604720071 0.0961623990938201 0.286296029168234 112503.459100466 81072.9115128102 76897.8571340266 70377.3499960861 0.398800810495727
0.43243923329322 1.04314166186855 0.853263237615127 0.799507142476557 0.25472461174693 0.226260085979012 0.416488867658755 245761.945093392 153310.370096389 110999.541855297 89132.7272598967 0.260857501194468
0.281460373166993 0.737453620951339 0.721382549922278 0.46634459331026 0.137890117963645 0.149159937417452 0.415544596862346 120796.718074654 86663.3397680506 80505.9778500292 53643.2223605825 0.184938131743294
0.347381333610849 0.751046121056926 0.424162028665258 0.546345267388888 0.161356348038643 0.213977018679957 0.303620383393884 124342.164730032 105669.397592121 86426.0461239536 59022.7891832243 0.298208990997461
0.475520537509995 0.737947744564505 0.472838780323717 0.721422180413376 0.294766921437172 0.117595238518604 0.464727874646749 92137.2108501654 77060.8735766767 74602.7980132298 82175.1314930728 0.224038870569777
0.439536514546507 0.647054398667337 0.46493413700599 0.588321170586263 0.230873174259783 0.145871105601198 0.257752976894242 138311.349541071 89592.2277250919 78306.0957420407 87713.6633924277 0.476737861766856
0.289934211889392 0.874051909824396 0.452030448017793 0.564606350309287 0.263705497616877 0.221180153372972 0.323631336701542 123986.738560746 107089.201000729 76054.2465752407 34336.5163447729 0.170811895053982
0.164861645611344 0.776221937609051 0.592700495254544 0.481142297225009 0.153630540395926 0.174525049299541 0.459951510793538 100289.294473579 124062.383561529 83082.6154876233 61610.667759782 0.350650384787389
0.754179901477959 0.746281350198361 0.987691934008924 0.578643602053905 0.182379116471464 0.599533428732474 0.599527395918363 60367.856895436 48454.114018961 80500.3196497677 148680.886169588 0.716660828210992
0.216704896831979 0.52814100722592 0.311230398789096 0.351767876138735 0.0898999246331639 0.103570563582119 0.225882318286664 102240.054940008 90674.8497332796 73799.964937893 73736.3812593633 0.390370964209636
0.223468008338978 0.896444685613685 0.819342883685649 0.47266098967393 0.171441349213368 0.028952131106759 0.379009659833306 115826.31828926 104028.010383024 79633.5902459231 27837.8854087364 0.313450732998016
0.332610728829356 0.882582000009432 0.791055239366615 0.489032570363697 0.218948689471711 0.145229269566779 0.380448373104159 121133.796681987 103272.440585816 77129.5392557883 63493.6727484405 0.337718616610101
0.293822768792363 0.876440364732374 1.06325256378434 0.292252563638774 0.0906756519384303 0.0508259017363473 0.181047555779505 80073.1301691976 69460.7752535917 76024.6315963304 45090.6065340256 0.920517946945078
0.422085444947006 0.693164876678274 0.219592041504371 0.584234031224098 0.231794326347198 0.195598057459903 0.335173903240385 144852.833837873 103843.387827036 80859.9443233894 35239.7787650548 0.10716640495908
0.385421234055014 0.775831388707717 0.423426357020172 0.463724377956303 0.183189896190302 0.195912124945328 0.417702360581332 123784.027632945 100518.661310036 78782.1407776998 66609.0166371717 0.249905682959825
0.480584025879431 0.300880574009143 0.26774385765957 0.231661909123698 0.0694409782849887 0.210619733402461 0.161105093347811 44736.1019570201 42470.3364847777 68936.912006076 25569.8496854423 0.684439985258063
0.404234223052465 0.623819573668392 0.375876473734889 0.469713135049413 0.0326245456717712 0.311218103196531 0.564185680601439 140099.248991873 94652.9665187235 74451.044114641 46180.7067690732 0.284274719923366
0.255718096043987 0.859946262705466 0.677693691491717 0.429061493649958 0.141080784235034 0.152943322349572 0.274787972713254 119606.121495637 104908.850982791 73761.2192569638 55532.6154173497 0.179198345391031
0.310247532386444 0.850778800788384 0.565659960462314 0.431579756122904 0.162435932416066 0.125034311224352 0.6030677728824 111678.430040726 109060.249552841 78966.5899007906 39226.5212488611 0.243209916859727
0.309741685838968 0.96293614883325 1.0916343198615 0.346392447175131 0.10233728605977 0.10922668387537 0.24236293985297 111792.835500417 94283.2369978966 77846.2001798796 47922.0624545114 0.034219316472953
0.332700748564385 0.966620266385378 1.09338552484891 0.363409123538682 0.125067565788855 0.1357510200194 0.264444141300151 77275.5433474053 59786.4246436126 85049.5750817416 51768.1636401586 0.0525017524397761
0.853095931287181 0.872550073485272 0.938502444133687 0.624733406758631 0.328681955667048 0.411250163301234 0.826218415754539 149780.111855406 83221.8810825389 117938.259675786 180316.507084302 0.990575896596912
0.389561609303521 0.80072226205992 0.248558690589957 0.569110860232398 0.11509050821249 0.120948932215889 0.224539309552576 81223.3267267031 70127.0935212921 76278.6782917271 64786.7230034659 0.989487719428042
0.698052760824172 0.723016636622276 0.885887321482771 0.572786043434112 0.278327552277608 0.403971014945572 1.01624958815022 75550.2310788582 49851.5210421097 99599.7047417968 158376.03075178 0.510307590562781
0.296840652231499 0.885825665721924 0.682248271674482 0.479002429650431 0.116761847174477 0.212139775183899 0.281748464322876 98679.5803453481 87580.2518985398 75969.0409319364 66621.8220830568 0.374547246193534
0.472570321447524 1.01250834860639 1.00270900907299 0.846194831153682 0.449253450030819 0.358702512744997 0.423727876370928 207631.235832721 139215.34097256 100263.20757673 95221.56817554 0.575584113494442
1.38781501086878 -0.704008886001329 1.11608726403569 1.38647956623168 -0.819054915634414 0.179932101234944 1.10560155328979 143926.686509013 103538.86781343 91395.0825559769 146913.48591242 0.266773528435957
0.42959372937801 0.85130008892073 0.342479006310734 0.703092495421292 0.177122548296605 0.227695705113329 0.392274600822361 118643.428105749 94880.8533604464 78686.2935451652 46415.999193888 0.397565835776336
0.964295284566827 0.812704267646534 0.787281320579083 0.849909678266048 0.551514451767636 0.572217495334184 0.690290355190058 59119.4017234678 55250.1572999389 81046.2355929886 144609.766771972 1.02522848809697
0.376972656743681 0.97205806496536 1.10978774608733 0.393380066095032 0.237613514834368 0.161133609644658 0.257018052258128 120736.241109713 103353.923108054 76858.8149963727 43409.1784550791 0.080602316093923
1.13765203960529 0.862541197018757 1.05663462005488 0.780678361508773 0.370697720948012 0.636076460258502 0.794519466991837 245575.746922406 165704.570174439 96833.6976640155 264907.928875026 1.41638757642845
0.306279846597614 0.953245696537747 0.314703161942088 0.784078702770594 0.17463227919269 0.137423539669494 0.265838972239466 62410.4098551832 43310.999423337 95569.5616652005 51003.0344702663 0.0805841476725489
-0.0442858725007232 -0.123326507173702 -0.0562908646294951 0.987201224355489 0.332752770875389 0.665331178009726 0.928576080146463 83490.8570668128 58751.3003019213 84075.6138026769 60446.1558134989 0.46179408727252
0.623812820259453 0.737600555297718 0.970508600354987 0.423922572747906 0.181128877216628 0.281279515178189 0.326110599295927 123816.148852356 111366.018144277 79847.5332565946 60843.490218637 -0.073049926818835
0.331855644785316 1.1747102200834 0.904381351583468 0.768721715174884 0.118026760589734 0.0870840662536086 0.295327350666327 134985.4479347 101755.000772213 78407.0335381736 40206.176096259 0.247003470624303
0.273068918865812 0.848624795343542 0.544712762126833 0.454958842809203 0.152326844871488 0.138841623277738 0.211156817900292 82276.6620830278 71511.2646716256 75719.7161582526 36648.0428648663 0.197784390246347
0.827336312728401 0.745868243359773 0.869721145697469 0.772848315839704 0.477065995459716 0.67527614864379 1.0044818451643 162531.90502538 113956.543376514 95067.2887453008 224323.92193043 0.869591610990003
0.677546634323219 0.716129227599006 0.874417212499797 0.545714252134839 0.274299314014479 0.382662993257464 0.911212465971418 109664.289974588 76085.7420104355 94569.4515314972 149007.687086448 0.4485973734762
0.959652185944813 0.993542991386961 0.481419214328954 1.01469392593216 0.351103330173253 -0.0122331255190307 0.532943114277537 70756.0743048359 55764.1242803904 76130.5320421157 29090.0450045031 0.744766737702388
0.399661082210314 0.786633528997173 0.844549885281643 0.447936436416531 0.0713922184296319 0.182809800711979 0.19298931240594 125247.258837159 98155.6921752207 81587.899139437 43359.8825139034 0.582863523458227
0.341068568941054 0.805631261822816 0.545737344003793 0.525692407786083 0.221197515906795 0.0925949017696681 0.123317965871371 123156.020028494 111988.964833368 71136.5880950757 66024.8613422696 0.320069923394711
0.457377546689889 0.661631425476185 0.793858930601347 0.701989332513595 0.2454641619314 0.165350462829772 0.361038071631007 127686.477935423 125887.276361902 82903.7105850042 37554.8203397022 0.218242130900482
0.411061531493137 0.735748442584055 0.627185443810768 0.78553492635173 0.17328771584663 0.111327686623083 0.266138692388808 142417.900889916 121030.468942067 78276.4762354077 84371.183343102 0.210705230350038
0.5377450062969 0.671030021090154 0.728200093225289 0.469417443685747 0.118979745958626 0.143145263362476 0.435525242527395 142030.395553519 86513.8102591456 77844.3326951397 59805.3295188965 0.202360762979461
0.375351862854151 0.72120161349219 0.755214164388873 0.412736197893496 0.205165313552757 0.123714284145885 0.31480720600612 121117.450641015 100035.496633432 81766.1202768186 67680.7681427781 0.11938849046647
0.389491566603533 0.8541402374693 0.532832360708589 0.658131743946087 0.22839871829416 0.156610119779722 0.326825153524699 112500.703075505 104877.41248005 78605.2249020146 61052.4803464912 0.335884233071588
0.307517747365883 0.780596815152465 0.555125909261763 0.468663254931274 0.0843687037251015 0.137209401104183 0.312154016566619 145206.932616436 143317.409339359 74436.6403298324 54322.6485921891 0.191702588590185
0.365236476905 0.268896332246896 0.247577937428474 0.47994699981228 0.180437462005887 0.160785585690307 0.39721265719231 152181.81700004 121459.834315176 85061.0430892754 176496.961693699 0.280287950693622
0.459553828454086 0.769910225846115 0.667029170507017 0.81175872898716 0.208935495961059 0.181106401910047 0.44354783169225 132386.028055719 77644.1457552639 77001.5093715569 95312.0452860654 0.294535387718079
0.431964846207025 0.813188594725261 0.811660874314216 0.535516467130277 0.291821408692029 0.167522493202398 0.460115730498455 138784.65850137 103822.64308925 83352.9330352175 63543.2542739287 0.368087670735092
0.977642140712774 0.686022268096025 0.695028853457132 0.454076629875957 0.23106301127748 0.287518745526003 0.533247099733825 68729.7235453137 51732.0554755684 87261.6688315065 98377.8180344402 0.645101862927094
1.36457392002552 0.633736414453651 1.06676812054634 1.20674540823314 0.322500531934936 0.458663918820082 1.08909978152871 88326.7386099261 63950.9591997203 90245.3392876621 119418.313331415 0.831381872224785
0.410372924726601 0.844626405254595 0.72952275307011 0.547954305942472 0.22674424884002 0.231518296896224 0.519431649866955 124010.708452575 113012.833306204 83422.3858432155 36050.417170624 0.459900156891727
0.510729324450171 0.7012099567669 0.603783124494123 0.484594277641575 0.207230692648643 0.1502635309109 0.375979394767384 115387.800656447 107302.468657016 83301.549442179 65751.8351496561 0.273018415163844
0.653849290839831 0.14851137279046 0.46924849233231 0.567795999383836 0.179584391347819 0.369853730304635 0.649595363392642 136188.690965255 98282.338488025 90568.0119108331 85564.8397516549 0.581819485495145
0.381597042454003 0.857755757190613 0.624470082231043 0.574841290866003 0.282507052875019 0.126608256369507 0.432337146556507 126729.822094258 100216.154230991 78195.3837410173 49446.5324909455 0.395318312269397
0.316472341157745 0.774798762785127 1.00243675587726 0.797806652258716 0.152377675219494 0.0620256381450489 0.501153748342026 134064.215815507 108068.244943826 87800.6639433354 79617.921496131 0.374699175302193
0.407124709814608 0.867725045751912 0.801738152578044 0.548627822262023 0.222623543873511 0.0600694173833706 0.372283589080959 112835.240789591 117550.317440398 85813.9161059305 43574.5263097822 0.220726087066453
0.309132333352465 0.829719362841033 0.604708079155694 0.587844789391377 0.167306560960938 0.168616014850261 0.38385699164905 108971.280106062 54473.1448564573 83552.4983120609 105659.815899725 0.111077410287089
0.554236490487459 0.508047415630856 0.677657875103648 0.43217857302689 0.131827325815291 0.228534828636902 0.368801364144031 82454.2673694489 65522.5949522546 83129.260229151 112133.14751842 1.07159210928647
0.291457513637383 0.870876869555594 0.814170220444458 0.548000090548616 0.143857593489747 0.211535070787569 0.285740875022911 124446.652584748 106460.166922805 79720.7870795306 79063.6825197898 0.393553372450138
0.423158910957945 0.724537019637364 0.877381673437645 0.57507403101261 0.139824854688984 0.189386184617539 0.500283922412926 137283.797686466 95499.7410566346 73026.3582253392 61498.1179091264 0.161516600448397
0.284220366227117 0.878338326316893 0.798142761998828 0.448325009159186 0.188555545952886 0.202494945159486 0.457505414980729 124455.014961777 82489.4013928313 73841.5001382955 37290.2948626392 0.103497634092664
0.304210261422874 0.661095866744625 0.0976171012989377 0.575655575603055 0.0998604572027866 -0.0283770377834621 0.0706503367992203 94390.1069691977 97519.2063120436 87974.0217038132 49630.878661074 0.168080678793532
0.250858285064634 0.683343684269474 0.79729524604977 0.63696617230528 0.169298019523221 0.316118368831188 0.341428424788563 134370.410284095 86944.8238742376 75427.1213529622 73414.0709032774 0.308545319166149
1.19497167774575 0.86147803361624 0.811422501724817 -0.0642169696488669 0.353540421799556 0.307741307992238 0.761675113814069 108653.13201069 78122.6332631927 91836.0358912164 83344.9516092168 0.344117005832943
0.417051281557176 0.737596781813808 0.652324623360642 0.37219245741257 0.18352903138922 0.125523992889935 0.43739481994492 115754.599516795 91891.9402929123 75451.9047945945 57725.7854702494 0.445580417713778
0.573493763441698 0.665624229135816 0.40573370471497 0.689328768127135 0.198924322572238 0.153099089747013 0.165718231895961 150962.030345583 114524.575198104 79814.239605233 52987.0272737217 0.477871953671804
0.297747022592322 0.499482959282946 0.210688394006421 0.406199792050451 0.129124104552674 0.160803820075892 0.295401201354559 96807.902885936 77751.4953728225 82276.5826969436 56698.5273985028 0.133769321764287
0.785811571200502 0.296839757495023 0.992101421862316 0.506769751188635 0.262766045554972 0.391470064150442 0.473985070636114 132986.912775482 66152.1780639818 122076.833412299 233360.100711422 1.1848956194014
0.213912830831004 0.646237372904088 0.292513254400147 0.150583762346445 0.110478466786217 0.0747158776944988 0.108259141738082 81213.7322874142 74268.7097680222 71859.756173705 25201.3729629282 -0.0848100421546367
0.0606276916224364 0.775130863521631 0.175422452349513 0.703843912777099 0.904312296535325 0.172187405495325 0.725385705140661 84228.7293047538 71987.6051563228 76484.1415132327 36800.7070157047 0.21004894719788
0.329480411324333 0.962902738785261 0.169392989747978 0.953190185822415 0.202696293363863 0.142535133825926 0.277458346763456 94016.46679297 76156.5810320338 81176.7554995482 52039.5484317093 0.077048460398901
0.33371749216107 0.786022205266074 0.625219703892349 0.642000596383375 0.233410339462504 0.151162432041446 0.397019990157425 157088.697983275 91971.6219660826 73249.6552539748 82374.5192500418 0.555440317212907
0.254724259016018 0.748737121812879 0.475291484394883 0.591241613892126 0.107501995980481 0.210054238212815 0.461932400638444 142471.55781664 94722.5623402122 78536.86875813 81201.7957296599 0.375644231259817
