PE APC-H7 PE-Cy7 PerCP-Cy5.5 APC BV421 FITC FSC-A FSC-H FSC-W SSC-A AquaAmine
0.348713613189267 0.77196228914764 0.53272889399513 0.550808307992634 0.132570232166651 0.129870537948083 0.324258479953728 124735.4275376 102265.499631258 78852.4947978389 62872.5552544962 0.548618428576915
0.279358268890538 0.893598395159872 0.0964535919502298 0.570404569442119 0.123988335885812 0.0990381664213581 0.27126066604009 134626.15418572 103952.069987736 85382.0726016365 43756.2290613477 0.098609608233236
0.394945954458454 0.998903583751737 0.685490069365922 0.460268943801798 0.236990697747161 0.103067710523966 0.335793204343799 166453.048119991 125920.832158646 85813.5941975127 71897.9758490327 0.630726604424409
0.532448836183969 0.934414910316957 1.02787704702808 0.370749368628728 0.131579534416909 0.175478986558184 0.364315988404921 131231.396687482 105501.737878848 81532.7577523838 48360.640491074 0.48653992469262
1.29101936758313 0.388071028970566 0.0182021781348504 1.08944684789012 -0.0109547070256243 0.342996641630083 0.889608255821101 195136.217695101 148019.244259357 86620.7397909435 118110.588979785 0.587204861739749
0.268751459602213 0.350761980121426 0.12576997707527 0.155472329253485 -0.0219251148843358 -0.00206714430928495 0.177615799773079 69550.4743965545 61268.7760411329 74435.2560001255 27460.0637358789 -0.0712751579124458
0.751949389890566 0.603318006615774 0.458960767583482 0.559222951094776 0.37290980568913 0.190866822393285 0.439813537418466 87380.9004135156 71812.060781973 79676.5933963045 70152.4637144801 1.10599025441037
1.32486962150084 -0.707051342834551 1.7350068764224 1.41748803691918 0.855054218672936 0.269231150358806 1.37120121868401 149798.956678385 119166.559109224 81443.5823079765 76960.6796642373 -0.300470756931957
0.785282366639293 0.684809437878572 0.548606683217774 0.59655737401446 0.349647271838152 0.410442520603922 0.95410458811041 261700.708351034 205682.970770272 84013.8657761419 180011.869634546 0.723582230705672
0.784926288366243 0.655195499446839 0.574553331929391 0.568316628662577 0.274718490132397 0.371818229869838 0.998146770117569 209055.56053074 141201.859873557 97132.0637251545 151006.633752733 1.0109681687144
0.384211231100814 0.757580888870383 0.549494177041386 0.544514551097872 0.185389731079148 0.182389653035285 0.297631451621527 102402.719966055 106832.228916181 79565.6926637905 49525.5937205842 0.519532371368394
0.251818449580197 0.866386077661054 0.157449671059452 0.630725212871593 0.0681926594971971 0.108814626604625 0.223590142575792 85909.3736035778 74555.7819562781 75472.627722806 31138.4392599079 0.115827034037429
0.532631548530508 0.943551911395171 0.919858638026856 0.289821848422849 0.12151649619027 0.065156049745691 1.02928797481461 112218.365644156 98496.4828210394 75381.4993234678 33563.6082991784 -0.0192455390724888
0.314883641334094 0.893601688113984 0.442607182137234 0.540704159307271 0.0601545120085019 0.103533608229994 0.339393403735018 146848.36921789 113212.85214927 81349.4999515321 77184.3321566964 0.431258902923085
0.418939083660625 0.338452979398805 0.240779834764122 0.438818649769181 0.324551699418937 0.880426290926311 0.297274586731427 95528.3667733609 74363.1011305856 82780.8980654155 230928.921088139 0.721461137445947
0.341996015837196 0.945074230552648 0.550858887282734 0.928034799804775 0.207920814194644 0.165714630519196 0.323771259430142 147000.260332076 102412.504272653 97207.1063504244 54833.8054066309 0.174040138397681
0.736204625650353 0.549832601721225 0.368993891427104 0.413333132224369 0.274485738659241 0.383561796939785 0.699139819522325 158411.999282945 122830.509800551 84489.9969525245 88133.2928761526 0.315128357263853
0.667860035985347 0.674249576982531 0.547855871576614 0.711375515522248 0.56340401994957 0.543083091196484 0.751090658826444 144969.645951931 100809.957761405 93834.3905816187 182901.396170318 0.887979275957731
0.565902055259924 0.841646652176477 0.494575964640323 0.619035290250368 0.171040993993326 0.184419454712724 0.414365527194717 113171.0129754 72618.6948047536 102426.712414526 91935.8816304726 1.15663593354553
0.349151878738142 0.84677216370041 0.550759926729425 0.569643149735505 0.111019717168255 0.235211684439341 0.447249722290514 115440.974289177 92802.33920215 77408.7887382889 52541.0241897337 0.105776076780675
0.342237866706535 0.935917421245586 1.04524230495497 0.400100609704579 0.159633654293128 0.243025876279072 0.312119434467741 136911.411299181 110509.878377534 80934.7349684233 55576.8745802863 0.177549892242389
0.45576933626786 0.673675634950535 0.442616138005612 0.494152790768253 0.0995165375412452 0.232484936877962 0.42162528917059 130828.312529979 125136.381214779 85351.8835865708 43742.6747844569 0.355607517074583
0.561078378698029 0.976832224747035 1.07964030725566 0.625386382574894 0.239969123678132 0.27954203277313 0.504148605347693 209790.312141785 127942.111891939 108936.249428478 105653.054170927 0.91709788880018
1.34004725230063 -0.664670169325623 0.980213876746755 1.43957190492395 -0.881348801286877 0.378200504088911 1.15849658199643 217683.851363005 162613.574566507 87451.9268810734 142463.048740288 0.443617878087075
1.26622559724191 -0.666551010218248 1.4169401737083 1.37311763017862 -0.842197552591514 0.375803276982579 1.17059578568008 143804.380825391 109247.566873971 83832.4517937876 118405.420781452 0.302483961976503
0.804429497615912 0.542014235918551 0.570248880382741 -0.0727396840560003 0.224278596950987 0.330952249124565 1.00013341502554 135412.603773736 74567.9458047573 109962.095015974 111570.283906959 0.48170659324092
0.547195908332259 0.680671872398045 0.567509280779852 0.379649041550308 0.0852989366200487 0.0960174533340233 0.529334168002059 107212.77758516 118136.795287254 72372.8819289908 52506.1179475712 0.559864307343392
0.3660765690609 0.643348563698148 0.639580852484234 0.494691104003289 0.153506466410533 0.204419478241144 0.3710032304737 142931.219998802 139623.795788005 75905.1447804154 70959.0228573027 0.310567291143962
1.35804414387234 -0.396029542434242 -0.692185526043473 1.23960746730001 -0.463761010434083 0.351840364814845 0.995482299434393 197904.320916334 146761.297448353 88555.8586094231 134048.108638252 0.593194160888682
0.253146751935782 0.633787641407938 0.743583139055749 0.394346536272636 0.170679909394116 0.109042183100887 0.445269607679734 122144.35143039 117447.94784447 78296.2733137976 41807.7714353293 0.228962889030178
0.452630878217615 0.849679112110381 0.738116058879434 0.495955287345972 0.18825541176335 0.120078010624628 0.391252969832916 118700.251544674 109791.465444928 80543.4051641474 59448.9846741306 0.0267319865926397
0.362806743706251 0.764585270523902 0.398894147776027 0.563172196692091 0.211760839714532 0.179878187512994 0.186401373975622 122971.168634671 116892.467224473 82115.3298878395 47478.2339896985 0.796137402703411
0.350113430311824 0.842167068663458 0.107322203417745 0.609771081223249 0.0843900754351997 0.0698917889104495 0.271085217469823 92153.2617222745 75061.4149553386 80574.588808512 62538.8969412065 0.63582100576908
0.2798991508036 0.933171125973816 0.157421248955826 0.928842522566107 0.132921328229593 0.0936600294459901 0.250312515270996 129205.711781953 109647.817944003 77225.5982928606 42433.1088106766 0.0721937608860864
0.769191358531387 0.704849279338605 0.554581878576448 0.584131720887811 0.242391285502807 0.268381493560495 0.914884228035322 140081.41805322 72689.1694986002 125662.622790956 121713.323325776 1.20844666647526
0.671075135082974 0.483421841717308 0.37393380759238 0.404263563790351 0.116873969227082 0.247280025905201 1.04224258016774 95498.7379102125 72860.4424178345 86039.9752144428 81384.5681477257 1.05786578996856
0.594910143854875 0.934884460070967 0.186188530926737 0.932594689058295 0.164467882545652 0.142577432268786 0.339049093887409 133970.25044753 108487.121491773 80932.7952010187 51443.2569862366 0.427854869237629
0.315769751844021 0.795615192759761 0.452878234024032 0.418640045099607 0.18944425140736 0.0787582599137693 0.385579961242398 125042.927150967 94841.1271364629 78064.9382578307 52627.2060832179 0.317800146095376
0.351617233073803 0.852333056374457 1.03460071307349 0.324801484173181 0.114118071358097 0.176906875794791 0.259068264589477 57661.9843005821 44911.1949579725 84503.4408369921 63056.0077823623 0.947044635077314
0.374283173711505 0.815827903229018 -0.144189842988583 0.446529573449543 0.230297587616574 -0.209982289860275 0.20110244828632 132899.657417943 92549.2941324887 84632.8372219825 106790.47538779 1.17993284529436
0.273914589497876 0.932452886760899 0.185283201483825 0.897493013923065 0.0981282519362388 0.0976411782250211 0.243647579593282 83280.6941910525 70972.64753023 77101.4438154046 28782.9509170681 0.502437682357055
0.346991492224186 0.620000515920727 0.926314581576232 0.268421591772863 0.220386570901828 0.0154573677433991 0.253089678146523 156502.425925239 87738.8696936887 79761.4912341103 77890.7041275593 0.548318195465729
0.644673251416348 0.533144339372082 0.4028090759334 0.476043876933384 0.242068120529182 0.347613007742087 0.969426001489947 198649.919251267 152368.254742235 85402.4901595807 131319.495062335 0.43658768991446
0.411228004010288 1.01148852211579 0.511860790344887 0.978170072617819 0.260077487346834 0.243333649763401 0.418985035013898 244830.026024086 139875.398318913 117873.984204053 85434.2506033492 0.301035906482117
0.245514572642304 0.916373162508963 1.14179360102151 0.303774977691784 0.0375068634538281 0.0996499023827013 0.187251546208492 84216.8140399744 72254.2658881711 76462.7914432368 30473.8873814072 1.01414899100498
0.432423801564219 0.796381394813283 0.358228410711548 0.548300499555745 0.0882124242192147 0.132233624682771 0.583477485075605 114778.935997338 115675.767906878 75684.7299673403 46362.2472006095 0.250391103143934
0.409911146089742 0.740876306159235 0.426761628324664 0.474631026433825 0.128948526284231 0.231504907060283 0.443696144784033 138074.225867378 102167.398925506 76523.3618534593 63797.815961203 0.308474335813706
0.204013136871305 0.730745466286791 0.316818211520047 0.545641940576492 0.0816541717712101 0.173947914587746 0.42059683890153 117786.122819427 94556.5866243502 79621.3730052271 49844.7226526479 0.28977848639074
0.56221940155942 0.287040458100802 0.388208225828533 0.433396524980116 0.129357430229367 0.131700916255118 0.376570362325454 119548.873499212 97674.6921911666 80212.3819236787 99564.9662380132 1.12971348058669
0.693770045386961 0.905879087223203 0.412584075730501 0.651024409733421 0.626726760872481 0.176789839775962 0.819954465792397 91226.0150139805 74742.5921586687 79541.2917863397 41560.0700448084 0.757210336373594
0.27534546260404 0.924632008873628 0.157915460552806 0.918222885892641 0.140250922285011 0.0961729871798951 0.263871692796118 129121.900931359 101861.779419296 83104.3594891642 42792.7246291926 0.0834205724758778
0.561977219887011 0.543363751951888 0.401879276113379 0.478589476524524 0.172040306428012 0.256226642280952 0.402423393270381 168651.903773967 131608.694131958 83703.5437768088 91104.6681036462 0.315018747251401
0.460528631136734 0.630651251001288 0.465588051043674 0.571771299062131 0.084068776605304 0.173602998371543 0.4917567662688 163619.374292417 98493.2661537965 84344.9624709611 66882.3696377237 0.218992890876367
0.4368987393444 0.841246965618848 0.510711315937159 0.559667310177153 0.147071862980022 0.191191653242558 0.282029872628608 130809.243405075 91086.7835862718 80012.0244883527 57658.9080245647 0.245306351989478
0.549760826867954 0.346681325402977 0.229978066298897 0.342565305026162 0.11254591183638 0.150374867974255 0.344607365883679 84072.515276233 71288.9338697315 76729.2846786854 54712.7301244488 0.494693994946717
0.515913306545212 0.73720544539844 0.410906806441376 0.646423736924327 0.111427304045996 0.165868318138314 0.510261534091801 104468.63697384 109532.231914289 77037.1136171794 41756.264443966 0.243274523614993
0.451603433655074 0.722587149918823 0.519194971505362 0.449152900965774 0.22073848186175 0.137212934852137 0.343022541790408 164070.701296882 101328.709911645 80168.867662313 65088.9619025424 0.208158532104646
0.395301038981995 0.341501384317509 1.11731048313988 0.342543071404508 0.0193608934859119 0.111664868262227 0.339839463232989 80800.553287497 62725.6547951376 84632.7299615185 58057.5844745554 1.04151365399146
0.32674768679065 0.385031476307459 0.14064539844439 0.325664761272375 0.0832791619776531 0.113939582050958 0.267999243697007 131095.952178536 110386.222806735 77802.9280342741 45556.7164648705 0.0955536833469031
0.494528056632011 0.815659432165197 0.885426200981347 0.465323123992367 0.13089062212496 0.124980005322753 0.496974879556521 159438.625939591 89528.658151029 75761.5627151529 55504.152010789 0.164775224035359
0.265805513087273 0.169759289743078 0.160585319977765 0.294120439049936 0.202555382234628 0.131695810816724 0.230806769639055 115144.215408986 65326.0900004542 112833.301716479 253739.909923736 0.197399971253317
0.260200225273658 0.931240457332743 1.20392900548405 0.377786259205424 0.136806634778733 0.241176880420231 0.28100241470259 122388.462266255 105438.79121822 76058.2137606472 35602.8263333134 0.120652141066049
0.421829980628174 0.732348917527272 0.50564373432492 0.477726414329777 0.161727151361335 0.0538110152218926 0.222606479238005 145636.212971316 91018.6596603435 79523.2487897357 66558.6268285137 0.33601879928658
0.322277254079046 0.691775091522534 0.609188151154293 0.382919629803852 0.0714388710258889 0.0864196276405506 0.370895383012915 139740.392317031 115503.17431176 82000.4566995591 70024.5066921998 0.277876024748424
0.311500730189159 0.640354999305444 0.523729363605008 0.502951343063771 0.0938503365774026 0.151417866450669 0.380439683136736 138823.297999896 99147.3593036829 75869.6470273309 73263.5630961794 0.513685443402576
0.852960266083943 0.344386224238582 0.43206228878427 0.471602054052029 0.109375849247665 0.172799982243551 0.427581287329195 76654.3217907339 63989.5137786089 78504.8773760225 80339.1863544961 1.02088200990657
0.324308937695312 0.668310206188237 0.45613662935848 0.438614387171663 0.135370019910856 0.190202977857298 0.405836121464565 147809.834372641 95880.1246355136 79562.8879635928 56307.5243788349 0.445387678156614
0.488986482712386 0.710012892552852 -0.66026379629205 0.608529592553842 0.135641908111528 -0.0223928754919005 0.465459304902028 15886.4178418694 74500.2881492624 73934.5053246117 35466.0332921516 1.35420283190575
0.322194132530835 0.680644988182347 -0.035550883136438 0.538681139929393 0.149907844376218 0.223561417202583 0.404287647381419 139962.971059973 93437.0035085126 79873.6065923425 61362.229128867 0.55388178105669
0.278204888413346 0.835123549331424 0.150468218281754 1.03488221092703 0.124606342671821 0.322522416745082 0.00354084757118006 146238.754585467 90037.6233466955 83209.5155310538 -18120.6666487048 0.397714113914574
0.961839134466223 -0.18155160483043 1.09190239412488 1.15074591082185 -0.445136918629431 0.353116017411227 1.04384171810234 77089.1539767039 51769.8419372205 92310.0139254169 210656.552029546 0.89892648644281
0.255834309210597 0.698497717116482 0.569083748022455 0.33148561575566 0.188624845945627 0.0947085208011967 0.454325735198772 144611.740559693 104906.68951938 78529.6260083709 70545.1048120914 0.489449192168157
0.289567447517926 0.808579942549524 0.35957147623957 0.429283190566595 0.127894423028885 0.0694748134311771 0.366774309620843 122783.75472154 104877.728999423 80056.1436339834 73365.5948457965 0.297003971551135
0.734947856542065 0.808189045292434 0.167300774654552 0.458832395600449 0.077990256499634 0.0100525653571958 0.193724886322272 49151.3546463497 43083.6482873646 74936.0300425457 63447.84751355 0.962137243523588
0.265200850325801 0.817005982580639 0.0163550811609843 0.554689388683434 0.0963919374453577 0.132891995192932 0.348066444000056 147966.265560833 119110.176660343 82609.7873494011 91938.2764167794 0.569634433565114
0.41545341595736 0.772150822654706 0.278037138693277 0.334679895144564 0.117755042238205 0.144692390758718 0.294918188540853 155240.206245409 104986.202649317 80262.5195491058 71250.7630932609 0.20394537442132
0.372497065564544 0.939645621257969 0.0289451109179795 0.987316334831729 0.241479017210998 0.672162415516661 0.328504586744654 129340.412847173 108118.397033177 79148.8324412324 50334.9933177357 0.208748817847249
0.334525717714102 0.799514892791583 0.583788775581923 0.534188593133097 0.14318914329534 0.103064543876447 0.297617571854938 138269.351349018 98844.6904598842 78397.1005459325 55596.0438417942 0.333250990324455
0.282152981927626 0.931905057342123 1.01437337276965 0.347736142789262 0.130016243082247 0.159826064305433 0.254516297629279 130707.338952696 109995.091769392 77855.1328587766 42977.4032297435 0.0789909004376918
0.264114368020755 0.674089834810711 0.520307951011532 0.803429059082867 0.119248027422349 0.141600271450864 0.266361698847032 124199.973624306 98922.5904371887 80777.8912114576 43834.8781878305 0.649801536517347
0.669395706070958 0.483225850059133 0.408463432199208 0.219638800309407 0.177896068784299 0.279298481588944 0.821673655340972 151651.479221476 118969.715869198 83356.3315386455 94132.9726583743 0.316440589534129
0.615538216559284 0.594076104695043 0.591727875627017 0.751517987352709 0.166041521444438 0.00619724170466035 0.508592486185371 92653.9928038968 95862.7947065148 82591.9170551429 71427.5173682037 0.4935460315771
0.465216811694957 0.357582247158656 0.148808640004585 0.217117176914843 0.0289398881980742 0.0660428778857821 0.220352053696883 112587.009462134 90836.0588266221 81352.0064323674 38123.1628035035 0.0654115641277873
0.334235141891401 0.773797545832213 0.645200965425868 0.44374018848553 0.111515638686668 0.133003186739397 0.313187701495917 129567.563278824 117023.584984643 80354.8522675426 51341.626692342 0.404989710059014
0.35880883353507 0.854738243861861 0.276444776043426 0.420065349583503 0.124884773294631 0.0958387830637375 0.309675798650368 127799.926366058 86049.8215762671 83705.1239815178 67302.2117240881 0.173650085219004
0.527121459273082 0.623430664887587 0.550337243493555 0.578191041608752 0.133192356621688 0.0507133284112376 0.435014742270524 143790.172555178 121736.121218109 82747.3537417264 53532.6151159533 0.226086349502409
0.480445404363826 0.778066509254468 0.248160887284913 0.324368647598517 -0.00519441413741764 0.139803853414322 0.0622867034499052 121887.870372538 104559.307617493 82168.1188722066 61767.9109056846 0.1538723460663
0.461227319088988 0.851291857880407 0.590703362085142 0.513266388828261 0.159651742905999 0.232440688164042 0.337066436816918 115864.634443894 119003.737545301 80351.0422950711 89518.4234893349 0.524758751739881
0.462638807121978 0.818131049155588 0.599628508138504 0.747920076161353 0.0293410103755884 0.20937745879789 0.10990669843984 144846.597963122 104861.95707188 85087.4838392252 92265.145410404 1.21973032521465
0.385849103791824 0.629603097677564 1.02225494761876 0.342167773768401 0.135791353317469 0.140296800008395 0.329128962642294 132510.474442713 80843.9942582764 75465.91021012 52932.8934379488 0.460991174555322
0.300905791556403 0.66513249057623 0.737909952381696 0.542572331696677 0.0770905582951043 0.122421293046315 0.365284331163376 136508.821564892 118965.002169153 72822.8015990761 59261.5539855587 0.215044389271005
0.438199945211339 1.06096781005201 0.387597613132294 0.428234668285891 0.126604848070983 0.111824991063203 0.430507337361992 100654.619978867 105484.402760538 82188.5410125415 76332.192942424 0.349400103432164
0.367638262807521 0.386213131004477 0.220077643299646 0.173625797762265 0.00645033896559661 -0.107852980629643 0.794916606667386 55384.3136858205 46976.2109721258 77433.4627901501 22994.2066448905 0.69498219056612
0.347526064167037 0.703984615045621 0.298334847080287 0.54786519134253 -0.127029665330607 -0.157861356398456 0.302631784810275 148198.256843928 128318.792492455 74075.2826548237 35359.9080388944 0.233610804020221
0.431862215554169 0.814742522588542 0.696863812137886 0.717801570535856 0.0692799074078717 0.18409640163377 0.545921847865436 139693.510630369 101572.91171895 80494.5792988589 49797.5448249254 0.285775606212466
0.828394455867583 0.526285506325481 0.441361472855986 0.539104836277378 0.238327529584082 0.359560106663946 0.87498566284645 179166.684751168 114240.706656266 104677.65502848 127528.142586602 0.451153070186851
0.460253020494923 0.771843454359876 0.617636310313678 0.53156987510367 0.158893710179831 0.107559149367045 0.320780667698695 120630.25468872 89292.136153363 79141.7787501242 47843.0161948121 0.445783310011327
0.359620540105081 0.723468219340469 0.591022870022076 0.52781907645758 0.103189398382475 0.184963266181062 0.173984585047082 106946.053360222 112150.642331316 82131.2027638685 69003.6127932122 0.340477960733628
0.306557346232184 0.643072444574329 0.582735577220421 0.52244746079522 0.167574212118188 0.12819285612636 0.432991581027735 141959.451960691 114225.618324324 81950.227621935 82969.3913794871 0.369335523653569
0.312863783723498 0.75835960205937 0.237741533675887 0.678571715130074 0.0993437447481411 0.103979956612188 0.167630082348579 121299.108835956 99059.4073889425 82138.401078372 44476.307155502 0.366824500186107
0.676195362252775 0.484976995890545 0.388198431427057 0.435175878498991 0.177767572861234 0.350231539987174 0.927366618998409 90500.1803682623 64204.2847095526 93097.2644424176 96649.7844928227 0.780735382756625
0.656690926172935 0.933316117618306 0.357010751353753 0.859874046223213 0.248614731275367 0.256438876095207 0.584726837771045 205893.368230809 120569.539231057 113196.021138332 104626.57923976 1.03734618365172
0.295597513126598 0.92360570341079 1.02619705050006 0.193298135972527 0.112139146250063 0.124331400688363 0.245567874411414 123814.210635843 100389.614156717 80958.210570284 38847.1211516081 0.0566099646837087
0.46120235026837 0.675694047711898 0.237117229921929 0.633496526460037 0.101842726155923 0.0432371579983274 0.568360768987476 180522.625561385 90688.6690924363 81486.7699246207 83422.5290584227 0.388873975465236
0.451221093094193 0.750986783068172 0.645134269242934 0.495922809920958 0.119942376211321 0.089868754515098 0.470550071068623 129121.398940274 111369.577744841 81531.390497014 57772.108655319 0.518096253440162
0.556079346816714 0.705896155139818 0.626614682985969 0.690193238319704 0.0885540541487608 0.0763063158857688 0.174063245808493 97492.0856762148 86031.9955868095 77162.2185742823 48111.6641390153 0.318421024705627
0.427086659876325 0.882565039630289 0.580279273810151 0.406434848839477 0.170198899217584 0.140654243154406 0.508447789281582 158984.439594465 74152.7667257881 78530.3460582832 39922.4883661044 0.200891107560039
0.429675117293216 0.94460309619526 0.929939349119215 0.787647404320032 0.166564837894221 -0.0701664259028669 0.675226272406124 119200.255487528 140724.490328952 85799.7462517963 4433.14134266223 0.251685975056161
0.413876588903304 0.796022527221071 0.405755023221881 0.550785620958652 0.0693615541192774 0.110302031199926 0.370021326931666 126664.003208706 101966.161342802 81323.0631195171 38767.7330681134 0.387486740686407
0.363413423812822 0.784095116346885 0.504452365291642 0.449687989640666 0.110353568679656 0.0964344179410606 0.61042030546211 122126.489014435 88362.7238287507 80361.4686475603 55240.0950362791 0.430396716516088
0.255326149257607 0.883191406456654 0.313309830694441 0.366025214134925 0.186114963843948 0.133023014800527 0.390801432164577 119645.941450146 99567.2147403757 78413.0737448439 99115.877674534 0.275389485739348
0.37612501589055 0.812325346720201 0.530654737631477 0.505101485520647 0.0984751698621102 0.173859510347481 0.431238183883252 130619.042543805 105071.583141234 80343.6812787941 55042.4314879568 0.541630482633826
0.325314369629196 0.845132677974032 0.260578898719181 0.42871935795307 0.0923532393490685 0.118370053991597 0.0414773335619688 122599.211431817 107817.926255428 80496.2021980574 39990.5527049539 0.475430327662306
0.331830409359547 0.419328462966987 0.145672742307564 0.354279992449527 0.115215545394234 0.158171990086417 0.309219765171085 132802.070904788 100907.026066805 86486.2791856407 53484.2957698377 0.130109644026052
0.354106447409652 0.593109208577294 0.643809136493425 0.70219023145916 0.167679332550114 0.0581779997777493 0.396119793359713 111014.407359369 118308.98404147 84829.8944038173 61669.7307217938 0.281600771910787
0.714202006556894 0.372464216658888 0.332876609319645 0.330040906160317 0.0638466405418291 0.106484605738762 0.450394597211626 53961.8100346653 43345.8466136016 81346.0233125426 58474.5672128239 0.90773413635936
0.351499737260651 0.586633397856449 0.214493523434695 1.0069913039313 0.199070200236355 0.198022378632994 0.46938502600112 176675.798824473 79513.0690946262 74927.6214960293 78550.4394269411 0.30734386617559
0.219652672485607 0.56838417670567 0.493239613446616 0.375984403633729 -0.030926093786641 0.0536184900044103 0.543201387181792 153955.558360876 113965.773156788 71267.8424532493 41756.1085891816 0.836271064271729
0.449718125536986 0.329736142756612 0.546107354276184 0.348711958401527 0.0905146583518204 0.0446650371407289 0.457200725372908 115254.987599341 135330.587275689 75210.5867858498 75949.6034225643 0.173891502355184
0.347526170143834 0.553150011586331 1.00864701990475 1.12342519554562 0.145636313731229 0.165223646346139 0.140379714054897 139380.757464285 142193.379387701 81397.6957678262 53946.1880636194 -0.114855127930078
0.257988687352962 0.950051224055258 1.05994044431976 0.31836862143494 0.0626824012544248 -0.0315379142158114 0.189470080112349 71120.4358838911 61128.6677007703 76310.5674410108 20635.877950181 0.841396468101013
0.359271914930165 1.02518781317314 0.341653742034306 0.666363726576367 0.0147590468877186 0.358940025618761 0.249153821737504 89279.0035256281 150091.060364451 82656.1431487758 42606.9245199518 -0.127203290128098
0.365305995303853 0.792945841192131 0.128207714597799 0.548080152226298 0.0628840758670018 -0.0345799165484703 0.210952325071572 84034.8016304712 72509.8274154332 75769.9080043421 56186.6876692807 0.999162968095235
0.225450649140889 0.739360431510361 0.651086569538853 0.604889251381491 0.174222559332139 0.185331088617134 0.517259585171769 146375.481091568 86617.2629150281 79649.1222538637 54940.1448150497 0.351334118800532
0.405128812479651 0.752252755904474 -0.172764850384397 0.539247205507693 0.207469804804684 0.0643172651525302 0.721766803230171 131532.920641408 96475.6128907923 77092.0532978232 3513.46379056829 0.52760456800671
0.430421096176585 0.657738864887972 0.455892005654576 0.404969527066464 0.172142443911731 0.146893554048303 0.240834408962552 114662.026888267 117934.098190187 79568.3074253222 94032.5930688649 0.132402434995085
0.512790384241828 0.713698732342985 0.456405364093278 0.615599354918234 0.124354976787353 0.0647648585650738 0.427634060831874 146891.502756182 91974.9124100993 79267.4288687505 47737.4768270487 0.185099403573496
0.66915209851053 0.7814810101717 0.778517868583121 0.451957884406752 0.130610895118386 0.171073663441987 0.434610434174548 189258.816535416 117351.222513976 73696.7557416653 58336.4051209618 0.599367859575457
0.310311409252672 0.814238459741144 1.0081012297531 0.303900369302377 0.0586435672886201 -0.00681229018123222 0.192863492480994 80012.2847194945 69212.9155436793 75566.5224970102 52488.7624229413 1.03291015648694
0.395550193254721 0.587786794277318 0.546765930293462 0.46200137172342 0.0846577800366657 0.153156469261685 0.406731292661528 97690.0037971599 91835.7942727241 79625.8710970292 54032.9687896445 0.230347578763592
0.336122956429915 0.664869013537269 0.967557960157401 0.37398879644456 0.0494970476598665 0.788577767267574 0.0497813775819169 93037.79152293 77855.4084369838 76831.3073705398 44364.1008274718 1.06006458141841
0.188912754699109 0.849201027719946 0.391746301520806 0.4338542583763 0.0632154405513609 0.210680175025967 0.501404434361306 96535.0978727239 104532.683030664 81004.0216798321 61997.3971582718 0.662310382146383
0.541340342242135 0.814311810758489 0.568112873448246 0.493254402661368 0.122656002666799 0.194060725689663 0.427154762913204 170814.86415855 105931.020322947 75147.2717799279 56349.8033622273 0.318176847358179
0.405868089338986 0.786912274625164 0.391970055161923 0.415072032079379 0.144747921353289 0.163921342077908 0.263292362627398 94913.0260472714 104304.105066122 73713.8988139935 44360.42168532 0.541921303099995
0.428033398813091 0.581386912638974 0.100409734158092 0.526402756581993 0.0902336571154152 0.0897945722051014 0.272723536178502 74498.0463158371 75659.3754662307 82505.9978479525 73846.4602108719 0.393867482454829
0.246030210441616 0.820722816775616 0.419486198552656 0.360680648638669 0.123703579210626 0.0919738632201276 0.446918057530157 163385.252480185 111047.363921754 79289.5084974196 98784.2442542755 0.163840369558781
0.260883386988502 0.762258098782837 0.204986008279602 0.468160681848227 0.243506939573943 0.184649709522481 0.4084300504821 137902.700182012 100655.290517646 77249.8936256044 86397.091730121 0.468164001186604
0.666872996677207 0.488647412391539 0.329282667088456 0.428463189436284 0.185522745999554 0.36879373503641 0.828187346771643 108251.952016627 82515.2144395215 86075.1502804406 92081.2036448351 1.08343970373796
0.385028179741682 0.94122315989581 1.00019837408404 0.41578044571492 0.346487734261505 0.673879299990421 0.933035623600564 140008.684315282 115263.415849727 79716.7021282654 48748.9784869519 0.129759770377747
0.26143996462901 0.854945860686447 0.414223626330432 0.317792868953845 0.113136475598956 0.325765280277691 0.368174686806778 130994.238761519 103426.09178793 82668.7062462636 113669.50796103 0.206780471853427
0.532269985165813 0.608368755031613 0.0524843157051036 0.399677639331974 0.21123380682242 0.161910596852446 0.715226243546105 175139.586357536 97463.987125004 75914.3163706514 115790.53677827 -0.134131440999728
0.423372604667627 0.882997964357672 0.76902957775401 0.478079246673189 0.170142200281438 0.136330666393387 0.37495455370716 135085.573694795 111361.472781165 79490.2902795098 41995.5989459064 0.193398445506651
0.387522740127679 0.66797021710501 0.425957561312027 0.535903900149761 0.154947716327046 0.146243597702304 0.325311814955318 112751.800607115 99513.7557774457 79138.2339655773 61922.9223943527 0.144006856643315
0.361509072610698 0.810416543389491 0.520874939763025 0.489135869806473 0.168345256402668 0.131412224658772 0.478121603901449 134703.275519669 86179.0805900601 81186.3851716474 65599.3469028758 0.403111687518681
0.463222189217988 0.848232930403471 0.37980412857636 0.614221660585351 0.101583333250832 0.0736184288169942 0.457924220540269 141320.627246433 110030.114130271 81185.893763572 81039.7405920933 0.404870181180866
0.326369185851674 0.712382286397294 0.267131802827765 0.567456684516313 0.177947385576273 0.105564868382727 0.441284565980454 131143.663542572 94151.1485957399 81396.8756800647 66146.6305262728 0.362697926683173
0.39918667391197 0.921385625527201 0.675976132693785 0.651186200084902 0.124724940553683 0.20018729291753 0.202202857147822 104810.994452716 109465.344994048 84221.3420420345 84684.4123826163 0.334828749172622
1.15467255929548 -0.152481916443995 0.964939193011251 1.12345411387551 0.554739849449067 0.658500795966029 1.11361282473677 70126.1458269459 57221.5973085436 81282.2388914088 248090.049382977 1.28962303721599
0.310054767242061 0.93479062110347 1.06691335386406 0.313151660633101 0.12190507603269 0.160521536349996 0.271773348819563 128004.110552756 87162.7431324196 96245.0409450485 46359.6825960739 0.0974458659074749
0.705194111199435 0.562492445786968 0.445107982078278 0.516785385852842 0.280377105187175 0.38449198446396 0.934457313056059 199580.978916007 143251.719046186 91408.5660864446 145781.617709336 0.554325845447215
0.760327374012157 0.923848821286006 0.274435669262541 0.845784078967358 0.958801426273183 0.181837253821739 0.813842139632564 126100.691918869 106880.962356188 77361.7239708253 43588.9902313569 0.0657095939740739
0.323473304396112 0.701447747456124 0.432490365876055 0.558429713595776 0.138864079816617 0.267981325615337 0.463409810293602 127684.271660049 124083.900850592 78543.1080295188 64807.6099665733 0.206947627073446
0.394720282303158 0.761038926478127 0.795879002711707 0.456687908853977 0.112300963161794 0.181253192906567 0.388533060175712 117677.482874523 112850.076094762 79387.3136010005 70012.7763434906 0.491268298096566
0.326884440895971 0.77381269083316 1.24699037144893 0.798952376708922 0.153095720545977 0.176509403134168 0.519858211840865 8983.37289556093 182035.724954069 77685.0864743365 62578.6055798538 1.08167927693792
0.397647307347115 0.773975005003628 0.418746181377169 0.490459518942252 0.212561451481116 0.126936985172533 0.319935863685412 151656.187660451 104554.992804612 80839.0749745647 57738.0724057594 0.35593274001135
0.414054118077612 0.808696085388878 0.465938127828724 0.550056320643776 0.163104392234571 0.181149169054905 0.353142939112831 124947.133921506 107374.450623668 80831.7274801769 54248.9493279887 0.455597908141356
0.453617109721578 0.786588025627488 0.669781218563998 0.514107432586844 0.126383173182301 0.132840990576203 0.451205145717337 156351.149567922 81013.3716992288 82636.5998507449 59563.0708809978 0.184981693841266
0.406938531016804 0.808993388402845 0.411947047659396 0.482800926397265 0.117646181235833 0.0666868521904346 0.4765087108179 120984.360864073 105534.979929422 78774.295266244 41365.0029034308 0.382231033550536
0.346235045458378 0.690333849794278 0.470497434264456 0.502222871182446 0.144363910042677 0.168462481969101 0.436635948720378 123740.07099255 112852.494072832 80113.1957202082 72746.1366977371 0.291689742555999
0.335016211128959 0.737939651199358 0.35365737687478 0.377200535874161 0.163893256062931 0.049114842659581 0.488361000431198 136246.898632538 118652.643533068 80624.2968491671 72984.0871321589 0.31689288259374
0.298376172017102 0.661576464779198 0.439526505766483 0.42150051211905 0.0911889414511594 0.19704855846755 0.534297863236174 139045.5535226 118615.006227008 79703.752966044 56274.5675080533 0.0212012047931881
0.247500171244123 0.906784670295643 0.116338925776659 0.411893679003963 0.0394604559181131 0.0907183630592733 0.193586081393772 79057.9446450372 68000.9096641192 76242.8774362238 26656.1465543681 0.96637250809999
0.670342336809518 0.596698942933924 0.42861157654495 0.475079343604052 0.306472161676361 0.380158213450219 0.789063313761316 213136.165648516 163365.778347275 85452.5775369602 136747.231727985 0.450016882988277
0.533323020076572 0.238164744836317 0.160969183573838 0.325427882991672 0.0407120986334956 0.120245394976438 0.293053347205001 48619.0669659137 43927.3705839679 72428.5236584879 29862.36997797 0.767944955248191
0.363263047060557 0.761260240536518 0.739456174767965 0.43542533672551 0.0248546450415326 0.150015654461514 0.485789127985689 112520.974700306 124361.512720279 76805.5675863661 64348.333717299 0.473271407645567
0.777365976334273 0.129490761111332 0.192372029477277 0.307070425604816 0.495694640278576 0.0854150024443121 0.216027684487354 61885.0427566235 59469.0973565162 71803.0980410266 144753.513397823 0.0272242431721568
0.353242222502369 0.709777992627358 0.410166756968906 0.548858651381912 0.0917607302792476 0.241399326537897 0.363362265416566 139088.144340981 101814.161909501 76048.8148747197 46859.1602432003 0.150194462050756
0.380558778469235 0.792143027389159 0.633188823354244 0.498282009487761 0.146266868822352 0.178642493828482 0.32540722221565 145596.083853077 107451.396840628 81397.9103363975 55963.9069356867 0.244552870762864
0.675112621406414 0.659739906040134 0.459604413487149 0.537241902245876 0.456287329486812 0.350233949034155 0.768857534491526 195654.760768397 148713.673931909 86241.7287672265 125137.889447634 0.476676026942473
0.381106076190745 0.561738202027726 0.487664853880616 0.535314318327995 0.131153216309043 0.192135291403774 0.453653596907444 134523.57316187 106252.702032616 80800.8750389241 58215.771506652 0.227704154669196
0.423692272370916 0.798640894515253 0.441195109707631 0.453498181096556 0.125489939074515 0.122997922946928 0.258568780815448 117071.171959594 95341.7008420447 81448.7042915214 41310.368500606 0.425481180561717
0.360776512364641 0.789887690129825 0.385766697669936 0.631716686031451 0.0681612323957878 0.170098813033757 0.409437803814868 144701.310220708 130681.026613036 75751.5569185067 90167.7564508444 0.135854561399126
0.376915202188793 0.738297725352892 0.497180643380333 0.650375207460533 0.159625399295233 0.182063094116798 0.283739593979585 120916.516827655 114082.101639538 79059.4402302654 61221.5291939716 0.251777135372151
0.324225601647889 0.331244328381669 0.139750034087343 0.27403034031562 0.0122034931931841 0.0218172288137353 0.207461404688395 77539.4557604954 66662.644591978 76203.2427435576 42993.9999885527 1.00226511157592
0.478739156872108 0.690152452305147 0.710862705347542 0.472429014778548 0.0932551833136761 0.149245268900298 0.338457927069081 95712.6466011723 94532.7920389845 85035.8218282093 59609.4347852249 1.02422492263768
0.183297484285786 0.645099194786375 0.612891422672816 0.650642970162285 0.182671172078353 0.16574697274813 0.203836670185295 145576.825620473 113166.818742511 80735.7845243989 40800.6846043478 0.342030081999223
1.1637465508809 0.905994738147777 1.05233696549042 0.89591586382051 0.623070445825302 -1.30590754507371 1.61646664403922 254252.97020296 200946.038861931 82688.8608216665 247160.172346668 1.93509796290153
0.283910176032814 0.637993519777496 0.588623669670992 0.32398323145472 0.193399960384192 0.0368029694846367 0.259798065306637 180402.667967641 102326.93304454 78490.7116474259 29180.6222684738 0.177491761961045
0.433847190585948 0.73764217444199 0.821444160446459 0.448412481193896 0.0368609447522762 0.16072675437474 0.39229221272208 131529.603052618 107125.188287558 82640.1038736091 62002.2831304442 0.216037701177182
0.431466712601516 0.831763462613658 0.164265658499348 0.616312632988288 0.0641068201950949 -0.0531402722273275 0.208609211380334 79183.4044504396 67170.5857112818 77448.0706386742 40586.4211253685 1.06815407247287
0.280068344153637 0.8862481483289 0.948484405786673 0.335999855853025 0.073751203585248 -0.0293748495263262 0.245601748748834 151441.544902325 130532.716503747 75985.4311782195 30046.9306097742 0.071608248164488
0.153109555264771 0.5359182874139 0.18294664630701 0.446197050234432 0.125361956930729 0.155373091031921 0.364530550891219 70884.9925417993 112302.953846252 80698.8145848969 37995.0544958835 0.687899314816676
0.245732934255612 0.66208222054495 0.442693240517694 0.574634177950891 0.314593030107684 -0.0611800124505351 -0.142689197458514 97212.10276759 125207.150330285 73698.8400713819 29965.6769450906 0.609287524971846
0.278046823383171 0.948395672378033 0.117747024808136 0.456005731858652 0.117680611885044 0.0919546849856424 0.253567047425074 133114.207035902 112819.855994721 77320.0158357473 43600.3181944302 0.0830685557168996
0.395246131373342 0.718755948308241 0.240544402601861 0.690222664602105 0.166521101153993 0.18846754603205 0.284362596662 107152.163236929 120898.816477826 77972.9970961171 49274.7381143284 0.438240482579745
0.341255632205253 0.832169625884504 0.590012759870119 0.460061312105672 0.0537149317842152 0.0185996406097091 0.290922306938189 118181.776381611 117568.769764827 80045.9432526445 61094.4001995457 0.431324550234893
0.328110168473056 0.744480575323424 0.25949154056481 0.56016828934341 0.125832255012108 0.0968776002428272 0.581763197336494 125804.452612566 89285.4140712767 82078.6232570998 64565.6166852216 0.409595526872976
0.357241030501513 0.636593240732573 0.482388968466757 0.785802336156822 0.147924797797431 0.137208707383108 0.126186352070668 129312.058066947 91389.3145320421 74290.2858631116 53824.8418568102 0.410408158128691
0.511014673228101 0.817432589747204 0.316805965072747 0.667836463446688 0.224932193320226 0.0847594342201973 0.276086266590135 121606.910608515 89194.5784959224 81752.7613299866 52816.9134905908 0.320283672951718
0.384245077690779 0.687310106287032 0.428504604319257 0.437486729476117 0.107948364031074 0.195371598380817 0.449119681066242 142225.053727928 79412.1915179683 84326.5526667404 66226.5316345441 0.349091050741529
0.462366091050899 0.703109211295998 -0.0136862153110534 0.622125884161014 0.171231701438299 0.156302126095948 0.574646161992264 118427.378318313 105970.138516084 84083.7221833875 65721.5095561172 0.558816823090795
0.488936824199491 0.886608921444376 0.633088002453105 0.562986003984504 0.117827769506268 0.181476270254099 0.331719768092779 113917.379549306 116206.168570142 81417.888331323 40802.5789258389 0.38334414132626
0.343502328430863 0.665340326320588 0.680965335596543 0.519310723152499 0.101081956921475 0.220597815835738 0.286025716544134 103607.283229095 103681.349047592 80433.6140238122 61623.5708635745 0.469361072215101
0.465055455987522 0.761430617213834 0.326138177736288 0.447662076012471 0.106068449883729 0.140871157898249 0.318274456144017 151474.584322351 114385.720743416 73859.6416999737 66763.1425670467 0.321676780297804
0.285649196448274 0.426647981218998 0.165347566105927 0.360038435061162 0.104991754450039 0.24395537249336 0.296985895237456 122785.154048158 105303.475401258 76414.5177684689 33681.5692593899 0.148937641559281
0.436564787642068 0.670801895953196 0.492155052041925 0.397346570412347 0.115382349645749 0.166306487203052 0.303650546040399 107092.786191473 102309.632937553 80870.2048295727 42184.6531542665 0.429451279867572
0.475707233180646 0.885737538682406 0.717690143772625 0.435039062859802 0.126133128075781 0.212226762520952 0.423682249477043 106320.42879523 107232.404112188 79132.6452277851 67606.925599634 0.0678603110848162
0.404689136330138 0.763758907446608 0.443920382804111 0.589579423472384 0.192764677952128 0.166479652567261 0.201553186431568 135590.995964237 121875.256093867 78698.4157724043 71283.210950077 0.475510434314676
0.466600482723696 0.698681443286969 0.456191508116141 0.474247435733252 0.141906602481147 0.191704394704056 0.268387583950383 121451.748538439 97524.9221451903 82768.5244876889 72282.8295554253 0.446374294173407
0.965244816952053 0.384160664137662 0.475121927731034 -0.020553881010727 0.100497835768739 0.148250087931908 0.367687448184905 66146.6708826077 54601.7163431913 79414.2148920094 75629.2289297837 0.994068948294179
0.467057594996653 0.818769713687177 0.585795548454985 0.51716687328667 0.145400754781505 0.188420357868209 0.417672178330276 118144.961265656 109172.097697224 77622.3166137291 26398.3996327936 0.39843588352082
0.383963545104304 0.869552762362538 0.484346257211495 0.577863361861984 0.174509396794435 0.122749262992189 0.369410787126631 142614.8674223 100469.518326975 80242.6209765271 70496.0081069363 0.380467014245109
0.401577837350633 0.677418118060135 0.59253187873536 0.649870001397075 0.195753491385233 0.272374633100301 0.318217197872969 115876.359304988 104341.618635443 81955.4853331103 39348.4452863569 0.563789089819158
0.539293085942515 0.650581639151085 0.511010062507499 0.53934891928388 0.146818715672836 0.13949033652581 0.523348841064209 143095.786071087 99046.2538927939 82467.2406550638 58940.8561454355 0.697274643934725
0.293222737734574 0.759888724304551 0.682733560318797 0.452640327731075 0.13908480456256 0.195602641329594 0.290488867456107 125011.189044825 105268.507903453 81320.87658117 67941.8375906943 0.146519690132763
0.416253932228143 0.600620654877818 0.429085102068559 0.432493844748944 0.104240570881178 0.114922378693474 0.56371397290624 120613.061510035 136581.419703246 80398.957138648 40593.7869242372 0.327151473579821
0.810241940066461 0.672841832796372 0.685625227980656 0.612969082661891 0.272914392762653 0.302100749459777 0.566376455743362 162031.754709823 93753.0066938662 112982.636580052 158794.621133703 1.26525235616129
0.370495084118437 0.750163160463459 0.499980148272182 0.536047628063937 0.0641168564341081 0.210109297323962 0.313333256452144 105035.95549043 84950.1164248459 80170.8066656426 71692.293188569 0.488318271126764
0.367712063734669 0.645675898354671 -0.224134875969837 0.638599283429002 0.150628591459847 0.236620423544897 0.444893737984035 222354.182123034 95901.5965649238 80882.3391976143 61957.961687061 0.448202241788344
0.428726739787913 0.792085791265357 0.348417597348079 0.610637370975991 0.113720052745733 0.0977212472876567 0.47674414938589 120042.227704121 108080.416573831 77813.608776768 71531.4728182299 0.366789598746662
0.267256706293112 0.944828069675142 1.04642090297391 0.338000170459477 0.0898503475882499 0.0795433979793605 0.233961652259125 122409.412490039 103882.47534147 77194.2853926727 37626.2045903322 0.0373393978343681
0.387311784323046 0.934857973320543 0.265342802711912 0.471128712998458 0.205611643933037 0.103346080511636 0.394765968650546 131464.903219399 103918.040344103 82824.9713336812 62349.1941505556 0.343763810841075
0.18923313475023 0.933695665369948 0.334756830456099 1.27715293193374 0.511924875965343 0.215479195820185 0.588957543524686 156833.097979355 152178.932424551 69931.5458609784 56825.7000655737 0.728506160098376
0.316814534995137 0.80245717058777 0.606162940582043 0.713764077433362 0.0977457922375145 0.0996218442804779 0.329946352329286 144282.657823493 119468.474664595 81433.3848719925 42168.7160037015 0.386181883032331
0.268085671834789 0.898365739684906 1.05032443900424 0.275165776410666 0.0492440966134827 0.102285845638073 0.227775374591826 78922.033816107 67751.6424689572 76318.9558048478 30204.7879241607 0.351080133899707
0.340657721991891 0.923132073012355 0.46723501473449 0.712205802763707 0.147040855360152 0.0757329012594774 0.427989735029775 119538.012725904 87888.5888064441 78809.2141444975 19163.9426726435 0.439215850544826
0.304570246013239 0.812740302711331 0.591219561431762 0.575038924804886 0.0447997845527596 0.0951989352239934 0.406701514483281 140187.794029126 108201.691870425 80245.9686155138 74467.0444106208 0.65416837479629
0.817216488756601 0.414443682678559 0.442538910757861 -0.0989212991334924 0.105236506445709 0.143928840619102 0.844261593755909 88431.9243046447 69125.351996886 83996.5369140173 66792.8120524347 1.01502466456506
0.46060391193844 0.813047938592528 0.586147179422466 0.467025333441963 0.159786698681682 0.144243591574826 0.273562391145933 128840.709726173 103573.692766114 78407.4534384656 53728.8643626244 0.22628502994191
0.633726577654361 0.852409094013867 0.510186490745702 0.580702522940483 0.0554851679324038 0.24414676342566 0.440885797040746 85792.5162962153 70076.2229430349 74755.9628183044 63426.0174779914 0.362992064037683
0.434266590537387 0.646794331468962 0.754847943397697 0.476020957882107 0.0469306592785412 0.0815600389626309 0.305758947612262 133860.397312919 93156.1311333796 83596.8029772 57736.7895202934 0.633205988076389
0.417229465852607 0.712588546357047 0.438200579956782 0.487162595861196 0.0736051183321789 0.172039813734231 0.347513412500302 101336.192919007 111304.599664674 76669.2440458579 51596.9084039873 0.47217473676693
0.396835720669388 0.770817744462642 0.662702461217844 0.555022677376473 0.160410621410504 0.155938448620591 0.310757761751491 119204.566772149 98236.9977364999 80901.2397710912 47847.294599793 0.380746950180824
0.363461526323944 0.690320480712427 0.244945618516042 0.629162014046692 0.152503776063589 0.115666679723357 0.71559473623242 130893.570418454 112767.158969131 83023.2253235466 53386.9513704629 0.273074446797222
0.486358924713356 0.7376869768108 0.380816938349334 0.57078180248023 0.142026217108122 0.158294575728813 0.393191694301012 114573.747998854 136172.169123654 81064.9037119204 55294.9020968333 0.281549729299135
0.505731232395942 0.592989741329818 -0.0376577639551749 0.395948364272919 0.147317646090311 0.137229809690604 0.63335993481378 108392.547823464 101210.413501814 77291.294455922 51362.7571101804 0.161696553567714
0.279623663964441 0.387484904733025 0.163224695492901 0.296868441985833 0.00536340915388336 0.197420073895424 0.262733313810159 80402.5049701507 67639.2140957861 78011.0518214937 35600.5637340354 0.369686883084018
0.648274170133485 0.604373351799726 0.435453983651998 0.590848968393691 0.399009021198091 0.817708700372048 0.900808933689242 225999.153531157 175245.0634582 84804.0559750658 175201.34585888 0.551643123789879
0.287377916011496 0.549833942822239 0.0798792700874662 0.388076215723592 0.0704307044897485 0.17567875326533 0.468451508626674 146894.376622185 97216.2986777576 82731.7683609836 45501.279241333 0.112309130084621
0.390022526408059 0.800631560611179 0.556675949657149 0.638118233239411 0.10244914364792 0.0994913442437096 0.155375493993219 175637.829970166 107828.553249511 75678.4064402332 48660.3042852957 0.257178653154063
0.375775071350215 0.76505044347761 0.537656053000103 0.523316946709169 0.138868505591185 0.180718369742283 0.360751039406762 139563.994772302 109821.794186799 79804.3699164063 47031.1839137979 0.384220736497231
0.430942798771121 0.698167980167709 0.404661938316153 0.521978907468161 0.152660632272165 0.110838209649 0.378941444105049 131618.8014034 81011.0822401669 83096.6598951937 61758.447583864 0.100679574869116
0.932075286081519 0.971253590432124 0.73859282575786 0.933305965704955 0.486238580035885 0.500406273167026 0.975491033247402 260896.645881817 182150.931551105 96536.8912499198 226021.921949528 1.21713393587846
0.481683026602821 0.70414298286709 0.100035129973885 0.316221275216457 0.102818819662588 0.131095834551203 0.148640600051372 125422.516062475 115251.946768197 83349.5339911965 44888.577376515 0.531037018093807
0.425450361527766 0.79381365218039 0.421458834300908 0.445407983579766 0.0433986338811326 0.13919337495771 0.393259638996849 144247.394189534 109046.709928935 77348.3812728525 21373.3337756801 0.410476115031609
0.32566594485012 0.861073667342094 0.634683220611012 0.293983897401756 0.105560271447554 0.190855405739424 0.478633674361188 132194.757561419 110350.833155876 80087.7912371915 29943.3558788823 0.0594257295261055
0.394463392623732 0.900338828230546 0.343783911147243 0.294480610482374 0.136778855247233 0.0627443203611507 0.284570941621571 111630.059804491 113936.638707881 83112.9805375178 71224.3071556945 0.425603958643068
0.262685084651568 0.926462548422644 1.03879257250069 0.310523677261425 0.105863345763038 0.148297722651205 0.244210076436459 76947.1768192812 65992.4987156995 76387.6191546457 28194.0454045483 0.258881768254559
0.423753351080697 0.816291836976826 0.395406841078651 0.443113884322717 0.0645144866420477 0.214936801717381 0.343077434551396 118319.997842119 105440.85297897 84890.9199532138 67705.0651240052 0.372474484858349
0.294927302313996 0.751971647179553 0.590549805124628 0.650438672429245 0.142054950281967 0.17420425079996 0.338710990024713 146528.308551801 104520.999524158 80570.2627146074 63523.0165319472 0.191466570839654
0.335235611891907 0.468652583799822 0.309670373518575 0.247748792941866 0.066172134357988 -0.406802822088851 0.256317130422573 166086.450327053 132108.69859194 82853.5934626242 73768.4193924621 1.22298968015364
0.389816327757998 0.807718022811517 0.482496948323441 0.411052839876231 0.113538116902801 0.122404656437948 0.359819902333065 151271.375704255 111343.468507804 80957.3657587082 64090.2921822954 0.299039158116285
0.442160304827753 0.823762410672929 0.386036744361368 0.436711715626315 0.0902311190320882 0.0912349192049872 0.466485308919862 135272.854276942 103704.03470471 80156.9123234519 43688.2318472664 0.492031608210993
0.444580519260236 0.714179575964123 0.621099248793774 0.50342442361285 0.127383145785586 0.168577161279509 0.428404551162812 159759.798755061 99993.0810496145 80933.4187565487 58504.6042766377 0.235212146501997
0.119171773239106 1.51245580413672 1.07023781906684 0.892363749559204 1.04413533766574 1.084997939565 0.395747178426741 67326.427978376 56644.621757331 77723.7994297265 16218.5965341356 -0.01293737827241
0.482793624487777 0.782694918372441 0.614204019895624 0.519886701479561 0.123179614577841 0.212396595395898 0.519014743096449 98879.1524674562 103648.524509888 78816.1255440716 45677.244704976 0.104955927736255
0.423826899533844 0.785637042081817 0.22822210252486 0.596816613276295 0.123404492790435 0.167455312564676 0.443724849715759 128725.049217442 99565.9487380322 81923.0447341938 82381.4592998112 0.308585739064076
0.357972551027001 0.69209483424495 0.505228221505801 0.487079528991411 0.113262427938523 0.105755351877918 0.39711800703089 113315.747759866 107293.658660719 81750.3728398524 53812.5841950738 0.220722371704079
0.402951332812681 0.716912554795726 0.783133551716889 0.562043854765251 0.176213235063827 0.0954221460181638 0.452355879506438 114438.934388136 125614.019983793 77757.72765335 107608.961729423 0.334618540983821
0.262738761511488 0.916294336808693 0.179566306454262 0.866283625989691 0.0625824616466467 0.0198333723585026 0.19609505055019 77685.5044412417 66829.0445128675 76270.7019346961 25811.4084799864 0.931393269008776
0.396287449272978 0.750188944608906 0.310482695648548 0.619424241047202 0.0719811892377767 0.14563597672249 0.464603417797779 130835.506532606 99892.7973393093 80361.1148581302 66874.6275359544 0.176220097895054
0.350910637214167 0.634910743704228 0.26519494366498 0.660429797091477 0.074322879558576 0.165957167431264 0.40596760655263 120103.162287713 96226.6663712828 78327.0916532096 46211.8061898544 0.317601603345306
0.311228270616148 0.732668582876468 0.463584348398292 0.420090327903224 0.129003613469171 0.17830906029689 0.391006938848102 143567.456400213 92917.2727224394 78613.8043474531 72788.9709162569 0.581799549112721
0.565074519675108 0.689709414999171 0.506153202045863 0.664006285800979 0.11968872202073 0.0981569487477131 0.344832595594397 34179.158784576 90568.4173613464 78754.825111927 88333.3835574806 0.202520413730272
0.41355028962361 1.00026468943028 1.1115105012703 0.466286592984375 0.234779347634124 0.25686842410557 0.416937142976841 255044.815414052 138743.345443664 122908.69520277 84950.7859687997 0.306544488032304
0.611091490009446 0.927775320570145 0.928015719515681 0.361158590469154 1.12133180295533 0.353593067834674 1.06629393762444 131629.200533428 111411.093091002 77473.3807968781 45320.1919202071 0.109697484329007
