PE APC-H7 PE-Cy7 PerCP-Cy5.5 APC BV421 FITC FSC-A FSC-H FSC-W SSC-A AquaAmine
0.29724106515654 0.835788944490528 0.857693406332105 0.673495231411743 0.138293725279599 0.168609624087087 0.267987192976515 139273.66425645 113406.763042425 81417.5273983598 29906.863791383 0.187615507389884
0.297358106952366 0.835693736347298 0.548113247470034 0.561968024558558 0.117693985258053 0.111580309734735 0.482556830457846 106171.033528802 109518.513581322 84133.3654673052 85019.5393939469 0.370913350362363
0.296545933124637 0.708282756920893 0.345488510013557 0.599735613902154 0.17687935968955 0.133714491375057 0.328298484193036 98907.4668214119 105288.209732774 81326.2773888234 46251.4054422175 0.727197666910022
0.299159262856132 0.933039638936745 0.185283565896042 0.672725414876183 0.131514380085915 0.122570278914889 0.270934971744933 102262.705690439 81199.7047915243 82476.1597223361 49473.5664234724 0.0747313693919667
0.407124826804956 0.937403297244141 0.206673023241011 0.90542508177181 0.0575143238538678 0.19127516389509 0.326651285508803 97400.8728618479 60640.0812380051 107397.731807706 66412.2404743054 0.294921318595602
0.330297909804595 0.973909090602231 0.754169247373614 0.753647210256821 0.670316844477328 0.406186156072283 0.432999125596838 130432.972236633 108364.824341256 78543.7740372426 41883.3881955547 0.176370349126527
0.744665638899139 0.377349833200179 0.476024273647981 0.46127856276215 0.204414523862251 0.228807126609615 0.445936862119832 80641.3191851679 65923.327556063 80168.8010037591 127254.894832673 1.0225231854755
0.670885793548733 0.89628524496645 0.513277143483212 0.684309574392328 0.601037773246055 0.126926570636552 0.588599016879009 58510.6971267614 47891.114710294 80167.6469050869 40937.4764372145 0.837931446360575
0.672633431801271 0.652690641309029 0.795254825354914 0.50450755978275 0.307016044180361 0.322436621245218 0.835133255334039 202379.820142245 154818.750265346 85622.3869684843 141268.789933908 0.420810716825293
0.348742402814126 0.709967946409472 0.517402727289519 0.348171276056016 0.124850700069305 0.155434667750669 0.375126255168063 132810.854205403 92253.859511558 78374.0440808042 44878.7025336917 0.26164123837178
0.416677935557027 0.665040283081053 0.443960870054062 0.428649572209649 0.229356576285353 0.085670242656849 0.371275856502425 122412.851844963 99833.9339194244 79879.7485525359 83268.4555464488 0.0855119332199321
0.503899666827682 0.943991762863488 0.116851143941228 0.935354450689092 0.160930412473987 0.168488617394037 0.344067602050937 129838.225300014 103406.803137023 82251.9335399533 63830.363854589 0.517149314136296
0.569220053990491 0.959281209862693 1.08080565499498 0.466148336635786 0.220786870037505 0.188718107075571 0.386731074794853 128419.336572265 96799.1451290818 86936.0987287193 81808.1170503611 0.671554486076536
0.438517476177256 0.747937075993117 0.539476139350262 0.39342304008973 0.18234613449308 0.140144551481225 0.460451601650739 90623.5292450258 88883.4971764079 78264.3591165782 67607.7335487108 0.23151290946408
0.323405615599795 0.506920465331472 -0.121017492418647 0.501475528179848 0.390874091823297 0.991366583935973 0.410956766421381 128694.34031917 96893.7465530059 88347.3781816447 235750.54070482 0.770679243552523
0.338419295871729 0.601617519469205 0.196200664032801 0.376256395229634 0.21296600220522 0.126113151048951 0.375075547242112 135203.931046577 108572.696536483 80929.6628735858 151613.746310858 0.219847364899599
0.153294546183489 0.799426187282875 0.594318223764101 0.345512624740534 0.156557273398581 0.0779294421455541 0.141611906761305 88524.0416834886 80962.3856913206 78822.6155718185 53742.6442773995 0.181344768203357
0.656558996367983 0.970937131306195 0.636193265958834 0.755990275515128 0.297369929320812 0.275306340825228 0.464489812487628 173503.477812779 98891.1071381955 116449.209723303 158111.656709031 1.06583835847393
0.435930990948809 1.03241517866952 0.737090090056853 0.81225115175787 0.263197277517587 0.238469598453733 0.406334555348235 212140.613663628 150128.185031414 92852.7902787828 85217.7526121157 0.25522603670949
0.500533133663392 0.752441611540757 0.741871874264208 0.493845212240076 0.17470719607631 0.100226903394421 0.344115110400229 109586.292176899 107948.701340197 81471.3453176232 56426.1733030087 0.584547144998576
0.285497681046469 0.885731716981437 0.999776433395869 0.309547564288164 0.11762826492559 -0.0143135130879501 0.257269639438673 141916.377391752 121259.563467599 76657.4766549362 31603.6238904631 0.0609211966114113
0.375208391082669 0.824969745153137 0.33293301436139 0.4049726241194 0.267241225326163 0.180981411139579 0.483900742034555 134182.774580819 95692.8990474736 81866.9667231561 101769.815852013 0.00146386764397304
0.695502774567409 0.493985454728834 0.446972990228871 0.433907864601099 0.191293746082251 0.22666837233801 0.500543973071951 68513.2854769611 47148.7992340498 95481.6206679741 97706.5069328712 0.710380742248121
0.508350851409048 0.74260221894125 0.882274288063552 0.498636502912194 0.192737728972661 0.0717254090440226 0.361783426108849 138115.662635576 102978.159256774 79497.5630247308 56313.8993193722 0.0598297642321661
0.445315121090146 0.902527961743521 0.738646542547406 0.340283194299381 0.134526100658353 0.112440540201317 0.148678681530938 133577.193877551 97782.9769134723 78332.7004255447 42172.7823709939 0.170667242124857
0.355384943832936 0.712932541321429 0.335555260777032 0.336182163513338 0.156840651042297 0.115711433542846 0.439559143681837 118132.103180037 97293.7377451208 79046.5041544861 14078.7254182686 0.127754914076706
0.382989947112117 0.676751187406795 0.589169747008571 0.493921335182024 0.237451900567361 0.140807827324685 0.358012990334132 134397.278835977 99666.2263450602 83374.7433924384 67839.4093341612 0.22456377268955
0.430230167270826 0.876351433296935 0.516043809840567 0.534566265763751 0.122219188109631 0.15576655868547 0.282794614710293 108662.467364912 102554.483927821 77284.3728854986 29199.0061125935 0.356084279600106
1.43318085149622 -0.623006040973512 -1.01562561932354 1.48643363820032 -0.660558653999067 0.354390270259424 1.01086138452482 189227.998577069 137449.243833174 89865.4194835721 160002.871136433 0.513083660837294
0.281658757174801 0.687153623118509 0.679668334387942 0.310136263029069 0.170315355033085 0.0815273229957425 0.232630031732139 104149.42948232 57630.5615982206 75611.9479825581 63539.4268765521 -0.282101960379985
0.505548794526041 0.775952637382127 0.35089320855691 0.560784252130628 0.156589239378909 0.123336115145537 0.298682057163828 151326.67279465 90914.6019574256 79273.5306942995 44110.6140414693 0.391393924049053
0.24475812744244 0.364162024427896 0.117954284882363 0.054369528270293 0.0283329631610538 0.0269672373041992 0.173537396796256 64857.5390763928 56748.7999062465 74969.5461206059 28198.8329454689 -0.0640923868136551
0.413679354098983 0.733942503359645 0.337115122248439 0.465002952786249 0.133165755334791 0.178616910819766 0.285131566486724 102917.506166436 82085.1973355898 82088.1842307953 84139.2724085144 0.393315689163268
0.288046266565822 0.935460691666719 0.0332157162263267 0.939247250141299 0.127413370126125 0.104945090586958 0.258242842381148 122292.835375063 103548.359470422 77425.7366826001 43522.6590657106 0.0551181386591132
0.747957028719808 0.715913992522581 0.687456915946716 0.59107881012695 0.335407476610677 0.368306867107813 0.85858547112224 183623.667460853 101709.349378878 119087.48275515 182558.554885731 0.785354778165999
0.262317474404681 0.809578693145345 0.359934182401876 0.505635330898395 0.15939287865674 0.0838501914099894 0.41511313084873 101625.529109488 73299.165046582 84781.5657586225 70798.3797701534 0.360938772068224
0.354733622037163 0.696540406778304 0.967277613889056 0.322807755123366 0.163355186172747 0.124683723633143 0.371437751903249 107782.09221997 80204.5524264039 90727.3626323682 43312.9485609147 0.0890988944964437
0.342530100113916 0.894782912694611 0.0705635877828414 0.708776681656717 0.236611591079354 0.220143282050644 0.317472668556974 140960.230006827 110488.542015961 81069.5012614546 47481.9049693052 0.541559541409325
0.255036656741329 0.404563892288907 0.137089218031927 0.229908315811587 0.0954459091380266 0.103778295860044 0.28410148364636 107160.959195618 84307.0082434319 83200.3552431863 51779.1616205255 0.0753464813172334
0.356908876660549 0.860341154498466 0.294368846477621 0.620940361312412 0.076937195135315 0.0645488214049915 0.234481611475552 62536.6173594669 47274.882313879 86758.6973566449 64705.0233450884 0.922572834660182
0.308368669504254 0.817245128150025 0.223254611448185 0.462404519676148 0.103728890778308 0.045496143937927 0.259289769148798 104694.845800258 88549.8049960972 77443.4639016683 102448.441924637 0.883281323188225
0.337931886277186 0.808190042619881 0.580620446410128 0.557987347854487 0.178632669624017 0.0604397947857978 0.167368824199063 111238.769001036 108220.429787385 79534.2309851653 45628.2046540928 0.185450717184362
0.788752743497919 0.713726217026067 0.741736646770082 0.586602012817119 0.373600033027001 0.385621205530778 0.960561622774957 214829.553677947 154816.847018493 90953.6352425093 183202.803846901 0.65708460126185
0.428051802800349 0.823300262524862 0.84175036136381 0.415156243876867 0.198068851706813 0.126078297560956 0.204272612247833 153637.172270764 95387.1384858727 80841.4792785179 53883.9447874246 0.0899702297398565
0.309907867430407 0.775582517913895 0.52037485289294 0.526574588980018 0.143143183556737 0.0139446915760027 0.315039515001353 83707.0540011292 61028.1518324487 78258.6894622038 66406.8122212975 0.326157802269615
0.292763696273423 0.892332648249276 0.327399680332872 0.489154327261147 0.200664413576598 0.154621809545275 0.216351710206493 114450.757468802 97183.3324543964 81138.4089111743 60691.8702860284 0.320829893359002
0.410388861905711 0.798935519645577 0.464706757247924 0.566517302944481 0.15531177433634 0.107528747362179 0.410553230354816 114875.98641294 113114.507220789 82259.8559032465 64656.5222814517 0.15557742284226
0.389669540738618 0.671645196128093 0.458949378645258 0.555734554466344 0.289921794275481 1.01824320531348 0.44427468521918 136686.111490683 71010.1981646223 131974.238380728 112345.202929525 0.517904451590674
0.664924660058328 0.391838734930053 0.458266962564075 0.318443707939433 0.150675338606676 0.0709927224761461 0.558936183820755 55149.6083926149 44215.5137478596 81591.5277341145 69028.6656622139 0.882365545047956
0.48220733041931 0.884680990170878 0.318740522742438 0.540796953104954 0.198317096012173 0.204579230222009 0.1657950502014 155763.00401759 101605.168493899 81366.433089538 43138.3292840704 -0.0156878118417361
0.422144911568394 0.967130280079079 0.220040449181491 0.742469831392098 0.20205000203315 0.133463348125889 0.40620968651217 164575.298378469 110649.367099512 98505.4577270885 74924.4796050459 0.605022292556095
0.522638947634358 0.490866961142798 0.227549216614495 0.360080616949432 0.174764066307028 0.191520343426598 0.343364528810534 131981.170067359 106259.340807376 81345.510759886 73110.7185854902 0.181532645846281
0.462409075644714 0.788340861600854 0.426035961776361 0.382186916588865 0.166546192563728 0.053943384093282 0.436183274364086 131159.035420778 100530.378565533 80771.9573175427 55504.1295463168 0.36364651630487
0.758167112321044 1.5096601144532 -0.782108892145894 1.48233942117085 1.16808164121078 0.348728965425221 0.519966932925436 122665.880917017 90543.8258958185 89199.6739602285 136704.812611623 0.436533569125566
0.39965082796753 0.700095369482332 0.251603501785594 0.413202405138917 0.183370230289391 0.173241352991794 0.372447224274979 105081.542060923 102726.919247634 75331.1969468085 43843.8235778315 0.513956963508301
0.346367525753258 0.614004158841113 0.210398163312329 0.480009383893813 0.0976268679171399 0.144163799393772 0.368333290673575 149567.285867727 92382.151013947 83372.8445197477 83627.5837531383 0.478472840552998
0.0657876587025855 0.905586295961885 0.396047476297082 0.48271738964891 0.209033538937188 0.150069987869001 0.206120135058159 115629.316238915 90671.6029056874 83525.6318859541 40434.1069601499 0.317266969387439
0.393711093694833 0.89577406568695 0.648202302664143 0.429018912201021 0.158997623569098 0.138303641857369 0.343228273116806 130681.899792557 94478.5386652878 78423.9830603683 49260.8860783044 0.366896913314457
0.813104594733653 0.418239696637446 0.228279657429343 -0.531779574013746 0.14444933387944 0.0958651188651443 0.219215494749908 117576.180393233 99540.013548506 77776.6274024156 42658.207273861 0.0903670145314228
0.492842976132432 0.83138792567045 0.75629875773341 0.385586330409995 0.17302102301022 0.14670205800734 0.375173529580716 116750.169711343 100424.827863049 83276.0641176832 57567.2487753435 0.1631548347231
0.31717095096279 0.916727150612732 -0.18733673277357 0.976339077880314 0.146672308336105 0.185719275359675 0.312441822932144 106260.092526725 55558.4774359232 127609.307698699 47552.2051894358 0.121186042441609
0.342874231559189 0.961731039475365 1.10395443274241 0.420585422215222 0.174435878936822 0.146400544182511 0.30254674841102 112124.432092815 89763.0621501546 81939.6672994922 54312.0013868132 0.111182299151617
0.234618208550588 0.442873580923616 0.315267930807946 0.374115637611723 0.129845900112449 0.187982054789655 0.332731031643954 73042.0435501877 52656.6288410065 94131.4588058534 202758.967282655 0.383873812877137
0.436200150510288 0.807433192330288 0.865339275442908 0.6418943050044 0.102214926108803 0.0969007463586734 0.463344987057932 96876.6706196101 95080.9911522622 77430.4472226176 49749.6175205603 0.153420006604247
0.284618068652781 0.855669464591311 0.766488154442258 0.339850517846133 0.182384477842187 0.108789634832495 0.288449270405449 115014.873144682 93181.07379754 82253.5820120102 77800.9410087296 0.16258547467459
0.394182832016738 0.818622984509628 0.611954424210287 0.467345188905298 0.171493855034601 0.16166300523466 0.36942804983748 132313.990993105 106527.974261189 78615.2909249368 64799.4832397239 0.286465639932421
0.457424625630836 0.864362501302122 0.459316219527627 0.753554884984479 0.149183416332732 0.0900144050098794 0.246575357311493 136339.32423502 113750.560542255 84365.8302536593 52686.8329122094 0.359035111744859
0.115868128081232 0.736923548001543 0.77119189627721 0.35843740684228 0.0974292340024505 0.149701841840224 0.370426039673307 104846.151344786 99709.1142136346 74953.0748795691 45843.688926709 0.0668517248631047
0.35710756763336 0.73611419060469 0.749887604325246 0.435015950193963 0.0917451495970801 0.105413024878033 0.332774778097329 125622.907431836 97315.1996155108 80061.9900852332 60766.3489559995 0.590355552285747
0.499342541929778 0.602308376860393 0.70442863826741 0.505517887821233 0.280032597688607 0.318718005969388 0.505707642638797 191629.796917019 145912.383986141 86042.5811560879 138079.201576966 0.416207872875594
0.419125618273168 0.78834890080705 0.403441461610412 0.671867004252246 0.167965601622236 0.0911923202895089 0.280122906950573 104914.472530389 90154.6216216873 79819.2631017468 66780.7681585151 0.403214806007108
0.302540731767913 0.890779272037628 0.613159748685058 0.514559485719173 0.221053747805004 0.182613954886171 0.31147848114842 121038.917742545 87938.4931495475 75556.6173219974 63058.1520109039 0.402604233584476
0.27211661185065 0.815888072461901 0.646744384523571 0.646472843362307 0.102922598100769 0.0978865802796936 0.181439174555814 112605.554971432 109059.806759955 80385.7306179974 56328.9370184549 0.274948259709834
0.455528836493844 0.98523932376608 0.683565594927718 0.295118902106548 0.192015520676203 0.194945966393985 0.389846924410816 145387.802672227 129989.372822181 83607.3055792425 44342.6297757175 0.0710344690051004
0.387033571318236 0.745402547388361 0.537897934914389 0.427763144404092 0.148854965998639 0.118865610618556 0.227276173130838 105406.154278094 101704.704417093 83741.0777641594 54847.7859068013 0.252723739277619
0.389501337952867 0.719549445036206 0.665336821190087 0.365881058252954 0.236434450700033 0.129886275160196 0.435197583109918 112550.369052422 90643.0121097271 83189.5239543927 41854.7222950888 0.305772851783419
0.650284936967004 1.25918151894343 1.40364863343548 1.02846540406203 0.301265459696889 0.265675836364688 0.580594108828077 165382.954259342 113997.312537195 91729.0533242232 160655.947649302 0.358580958790706
0.459905238330891 0.719592133848815 0.578675639977949 0.469576081651067 0.165913326910232 0.142551605151622 0.352593200508861 137803.248508134 92263.7739373158 78558.402659324 76640.8542556696 0.421420448773154
0.298104539938527 0.94792882078513 1.06789836486768 0.370892841267374 0.150514309860234 0.0924716326195475 0.254788880916307 117690.688336283 99180.5333772288 77759.5048268759 41749.491352646 0.0573247130554536
0.578173652470074 0.854142641689422 0.566713487061255 0.713039974420405 0.105123757005319 0.115242898544461 0.311035283348351 145136.958147982 77385.7143513267 79892.5761035817 40711.5826547558 0.109316191765807
0.665141446025334 0.658475713247858 0.868131038078768 0.505225399907009 0.306770663940298 0.317767515528436 0.754512609000465 176259.221485729 120645.312435876 95630.7461985193 124142.652045879 0.385324972815444
0.385066374180425 1.05257214064012 0.528009585053346 0.735256524150433 0.15186309211775 0.0668223719984818 0.359541971278531 93723.6723659786 84849.507915649 75748.337711169 51560.5601363587 0.168394678483097
0.485655156330001 0.64133706855633 0.521174776021066 0.441842203142485 0.209705405625659 0.0906574229911179 0.377385563487379 128786.97283867 89617.9321515706 80756.7983353702 67856.949959034 0.336767236652216
0.445024513730532 0.638505068753345 0.452613242711453 0.687795177371199 0.0798352648699471 0.172226651764083 0.176161265834664 115532.968607521 111010.283252721 87919.1715227854 79846.1563984175 0.223468072906904
0.38552979874224 0.965336419389026 0.937347506752392 0.711309004674414 0.0410462978259922 -0.00921305210747312 0.322033632447323 85735.9311903428 51034.8322628815 70583.7129336079 40918.1649599001 0.405626075446378
0.587994265768953 0.835976988710492 0.886164265454287 0.523980284813697 0.363666884419359 0.231046608713169 0.269765510653671 176861.183594409 115791.797079548 63944.9760274218 63189.0563892087 0.409209756201696
0.446579353472363 0.822706216274403 0.368847340184892 0.581698287763175 0.126558650018094 0.165918945367783 0.370454916816572 132144.333246461 112219.12759927 79833.3503723287 80890.5114881563 0.387165708583275
0.386231934726993 0.749206800245155 0.86732430395948 0.324855639068646 0.146763394059402 0.0707548925295772 0.250036274640963 114194.908740045 84700.0608210585 87252.2935281466 67533.0441598994 0.00337478677087416
0.290890244753339 0.911567806483274 0.58751304810981 0.605158359109314 0.186587148161356 0.330771870704863 0.285393664735753 119970.631311084 102390.136810922 76809.8531409984 38940.7102322113 0.114032164668964
1.03708757069898 0.909991391730644 0.370083010326647 0.605973408366515 0.597923649242127 0.107480116219976 0.502043978702164 123750.492606097 105292.766008065 76964.3682323214 43392.1221483377 0.0872277614592699
0.404400908838622 0.797311272115214 0.780384236600467 0.558515103234461 0.182923768546305 0.138160856641279 0.53262061848401 121204.819701061 92334.3897382424 87217.3802002931 77584.5067185403 0.189326938358469
0.378038959713819 0.937606288218853 1.04318354103092 0.50894429729177 0.159978961606758 -0.0758007183280031 0.756792933956972 176733.869149576 123020.974918576 93882.4410155313 61875.0618793376 0.761812772001226
0.380444727399237 0.758424404768438 0.554083337419054 0.482623265083268 0.146065762182817 0.153344717707929 0.313762402303693 121625.127084639 95153.4207092655 80933.8467599258 52744.6236763955 0.499994491526815
0.36815345183903 0.774943114561673 0.418394286731348 0.615097408340178 0.146066016408514 0.158646668714811 0.435278751712411 118984.699690744 95718.1941913376 81758.0691673037 49578.8353317282 0.35599052656691
0.401907176123749 0.880771332888778 0.592460078417318 0.513123476778587 0.152359363375124 0.130350621980502 0.469749511948661 135884.209989821 102686.414626522 81750.2132454237 65349.1137286694 0.351714637526793
0.668833886073342 0.615149798100311 0.819100147014613 0.484711060909722 0.286961490395324 0.368422049057026 0.911450690477373 102286.321677085 73423.1228780221 91583.9875551437 157491.313739908 0.62748071250936
0.351216356486772 0.761873785349364 0.500629224760185 0.541196720049473 0.100804355266785 0.206506423609049 0.347343799072708 116648.887111655 105681.153513744 82289.1931342291 63561.8370090424 0.350486290645092
0.459095399842899 0.819730807178813 0.567493063202523 0.5089977823922 0.143595222061262 0.162258636898752 0.305042886709305 111469.979338452 91402.2717905392 81561.4129383252 74961.5172689258 0.340236323949828
0.427577881981206 0.737072454770791 0.253054392448702 0.560996726236715 0.0593639276631432 0.126654880182912 0.402651712871041 114753.868475762 102587.675004138 80875.2407075141 61410.3299310098 0.204535877156097
0.486535099702109 0.616702393336097 0.42759323759263 0.480412263712425 0.135030900517566 0.181112994702463 0.371422194504483 140641.228829175 119533.774879785 79612.4153711298 64976.2930505797 0.322871905837807
0.639834518683629 0.55943170293874 0.705421877140887 0.466168011157258 0.239546284315179 0.242191635922991 0.896944318515404 87851.8101789448 64257.0029805371 89803.3026022786 114363.711029862 0.999092257477526
0.633004570848746 0.82232577456135 0.694237353952341 0.659241474419975 0.500127658603968 0.475530502685809 0.620271928114527 153915.330020891 69359.3351025801 140189.726232578 252310.193271219 0.846709865835461
1.00715314181003 0.873648693911191 0.795126164402526 0.750244483002539 0.418335459741697 0.426283064242098 0.695793962563306 124322.934207838 90175.5365713718 87568.3385604061 95233.9681741448 1.05534997888159
0.222238660417919 0.868156006887399 0.77008321624634 0.605734769777419 0.229495497517363 0.155902960498335 0.259511494356846 128907.627030696 111528.065332569 66414.7700471216 28819.7821889939 0.707458019929543
0.476862391207835 0.79398374545812 0.277882885180552 0.59337071623091 0.186907782972178 0.163298820216347 0.323357683246632 112265.30364125 98745.7770668887 79079.013853945 86964.5534347617 0.392794253952986
0.361363758742813 0.946160955485786 0.527431522659525 0.386299390217674 0.105218110066615 0.137350455540144 0.269626823927684 97792.0920298676 98392.759103791 72145.7144893645 68638.193195103 0.25011342855602
0.374374511624605 0.788313557526892 0.475753834428075 0.635759676979968 0.102974463436692 0.0751515992470246 0.286996221266324 110663.17467014 91450.6218110566 80775.9821158853 75214.0148795277 0.340125753315562
0.288440080728361 0.840652918047404 0.514733351316891 0.532296599344708 0.253611413851443 0.128755361279777 0.205765559072113 145691.211306423 100228.506309049 87609.3899611944 47149.2817925091 0.264981557689738
0.282800838197395 0.831137723947413 0.735387075166582 0.678062707225778 0.217472792633316 0.09956646402058 0.285561128991025 104701.556357368 102510.0192202 83317.7462608991 49019.8396995653 0.555245043945229
0.385585073630003 0.79168767740902 0.558122665744922 0.592659989036351 0.166942225173988 0.146715221499323 0.400050525134676 115387.041654047 96955.7942939122 78445.8863680349 65405.2203092096 0.2976103834294
0.240898120828346 0.769848453285774 0.73549246549978 0.413303248972804 0.152584032525846 0.062591755000705 0.539669689989894 141447.703180435 109620.511885047 81968.8899965629 44397.1649934964 0.418523927106693
0.409561815703626 0.875905557377121 0.302519988231426 0.407154712302773 0.12404006980201 0.0853775548520824 0.407108648177983 120866.951841795 102537.786988011 78083.151182453 60133.9668027483 0.0854483798251412
0.415205178068302 0.858036367955575 0.770431984604499 0.660936990580078 0.123193114086831 0.145466768454756 0.475431012232509 141915.431651476 88986.8223558037 81210.3238660101 57214.1751901136 0.13604871363082
0.312245913653055 0.458491101803512 0.157763662691312 0.351279241482226 0.128780821245545 0.148723364094205 0.35366795843002 141428.24923733 111394.084436218 83363.360426516 51302.5609739455 0.153181104290768
0.366653762071536 0.693249142754919 0.898749231174597 0.606493451567102 0.177910508916165 0.184130757614286 0.237692505464184 109837.480681588 78895.6996899972 80792.6879131953 101170.993864088 0.330080574178929
0.873762020919425 0.616101546377195 0.509706054490801 0.432313735186126 0.239968959576124 0.202640914794776 0.487425159747145 63521.5301724722 51613.3632484427 80858.2628559375 97092.062625324 0.925159115028306
0.303176536652081 0.747606543685511 0.501734438074882 0.329443598545966 0.213166111837592 0.227530081987607 0.116515901255431 128232.731560497 110661.393694238 78329.5590557321 62531.2023656962 0.481730040225015
0.357391128427023 0.894938581564318 0.235278305784692 0.615854709384033 0.195607265835884 0.0580744985935417 0.295182620230637 114913.683552548 92520.269004587 84525.9408482192 54121.1906070878 0.103043232842621
0.435730741261797 0.727341062625473 0.54732784822788 0.481983711896535 0.131067763766804 0.141343377219197 0.29862506353957 111530.067117468 99658.2049970034 78327.5363823427 64277.7268904328 0.254059029346039
0.572967120156299 1.0144259547949 0.454414414825634 0.728876957230611 0.179444971158252 0.174843703121063 0.371112730952952 76012.6061298534 72883.0729892777 86183.050860557 66747.8682819569 0.325270181620495
0.280198185074754 0.939012746205346 1.09625898169832 0.381159092345366 0.129773996689116 -0.0934127717542088 0.17842912019866 67036.2859175043 56777.9640245067 77507.9300653005 33658.6920543278 0.868344979122641
1.33688573092445 -0.123547434697901 -0.664252711174745 1.21213232210094 0.0083035026962022 0.365794099946301 0.892512198885834 194056.893607898 135314.671076476 90049.3460139621 132816.144669086 0.441378767008622
0.344060102666745 0.82623902163155 0.159805343661881 0.552949037575763 0.130890580709841 0.0527978302521997 0.196599060236007 70954.3725285941 60227.2211469069 77186.066749422 78775.7071374491 0.98239519407243
0.404346777364602 0.904947598158975 0.264637796300089 0.664714214772835 0.223357166630672 0.0539763119825831 0.32739283365236 101592.547871279 110240.536510646 82506.8610314025 77108.913270805 0.244814734045572
0.547575359940123 0.873625130040889 0.974684437653135 0.464860862742284 0.287088424524941 0.0157919920039159 0.561199873505167 115810.573731093 104513.277994072 84198.823461221 71049.9850609938 0.401108107458376
0.420820832555038 0.756977223093662 0.489107550912889 0.619451980649317 0.208189668861195 0.188125328025823 0.364007469140741 103848.437704345 98354.9507151067 82883.8150323781 39921.9278820169 0.230668887433606
0.314911044360262 0.990144237329295 0.805120521622598 0.44060456351719 0.108652223678099 0.067176213454541 0.24983686901811 141774.634990431 102004.694938072 80770.5005917572 58870.63191769 0.311645530854481
0.353494900899419 0.745768518401447 0.602552892027946 0.607203529443504 0.214887741078849 0.170815272446184 0.417596052605745 71091.0348532272 91302.7811491067 78978.9617427269 22754.7609681703 0.676462448898164
0.40279474269322 0.657335899602773 0.556601799370813 0.600322329891586 0.0823920599425163 0.0796265789544169 0.383100662496597 121959.000632182 80121.4671275625 85569.0544861668 81792.5664394448 0.302431395551715
0.435187322660624 0.874412260043166 0.906986874982899 0.447553946637513 0.165293822194304 0.128892966081479 0.467316904166409 124669.004929034 95285.7326938682 78927.7370893689 50057.8246416931 0.243102665275079
0.370450597970771 0.72733556219063 0.289769136472423 0.428935521154299 0.185604015362983 0.174923968942357 0.398315973146531 126210.074951497 90837.5514224518 76373.0549687715 68806.6247922737 0.00599624663360364
0.474612588671545 0.934965447489035 0.47202250817159 0.458052511955317 0.209221837705279 0.176041534966576 0.316043143160215 124880.745529193 89541.7329938915 84293.3191858919 55333.7336899168 0.481487190340499
0.336367256606641 0.70667722033562 0.647699485941628 0.531863410753188 0.347069467029548 1.06016543567854 0.297760956378466 60955.4587995078 53096.1972121359 77832.9241058264 82511.2370841076 0.996053231236817
0.385394888298988 0.776383724806461 0.438972390038853 0.379764982206551 0.232487613232586 0.130520276166977 0.51646223282007 114777.392901081 97771.5629234425 80608.0644581562 72605.8349850773 0.241130218752206
0.243966594834639 0.649221493040012 0.60883855465021 0.490860681786657 0.0969281039527235 0.150026687032367 0.313446390013158 96231.456285701 102561.667635457 79414.1893767569 56447.3229503891 0.157441099926908
0.495300906750752 0.684957102606486 0.503720219620892 0.656236597824739 0.135494791937009 0.0962171926222532 0.350296436528422 137434.705194821 103252.158236517 73928.3300687475 44248.5412213216 0.510523326150868
0.693661895112413 0.991283271602589 0.579352464279246 1.00374250643815 0.354892110238778 0.365424245061923 0.709232606048594 255623.880842175 153529.599040519 111712.107290037 173312.318493134 0.489100521240102
0.572774565180941 0.360295824445016 0.467153092962973 0.481065265502112 0.209615992868403 0.218535072660829 0.410527599600612 119265.915916906 93091.1090061848 84597.3309082426 135977.534187081 1.10344692010741
0.308493471825573 0.848117424225068 0.447909412413158 0.558516812091681 0.169958638737507 0.173334438167457 0.400626549952649 114924.77118174 100857.61481355 80490.0260897623 76519.3162406497 0.138310471767287
0.435260810689163 0.948720315291756 0.708079001532727 0.431523270594124 0.103080817434371 0.192228210811588 0.392009704839768 106867.043840722 114679.16801065 81812.7205805823 66083.8224873471 0.453547534087661
0.14718949672358 0.684153668163212 0.636452463267271 0.289073342952134 0.198585601301485 0.0232002071144934 0.525488200297911 144005.843638271 99729.1681479355 80001.8026137577 98003.6830795324 0.395693934933188
0.461005626627111 0.793038444336586 0.552249277345552 0.397997326499425 0.168605170853908 0.119339212057466 0.453875194293361 100118.626374638 88597.6061334333 77251.5750789994 50976.0501400705 0.267686054941309
0.296191627111642 0.395176611669507 0.129629899892989 0.263404304715193 0.109596313890088 0.102336164009678 0.279912949322912 124951.328948275 105684.178159922 77448.5310299804 45192.342892712 0.0893050554946869
0.422957359043824 0.599331949826168 0.44516858239764 0.449641143399324 0.193956741120737 0.122595737530141 0.314379438555764 147198.297978004 87594.3186093102 78680.4116923678 38861.3890442394 0.256219260845955
0.486044185083657 0.778021715815594 0.640203533268982 0.638868032796197 0.261576663258419 0.208778881774296 0.162886900597352 131271.718951539 91494.2011951399 77215.0192872763 64031.2968944785 0.320035688326334
0.376604464032804 0.601028964985459 0.739409114798581 0.494522223026459 0.0975591749456958 0.170827995108279 0.295947911493439 119647.722717133 102494.667779217 79002.1612032734 31373.6610877739 0.555473367740991
0.47417526651637 0.885611528832591 0.430018576494228 0.547773459914868 0.12528147816325 0.146763857889559 0.374802138584602 100821.910367905 99966.6066110318 77421.5624318196 64500.7073780378 0.325141534583411
0.58437036587401 0.129380127222602 0.11306912968618 0.668299842046693 0.440957868027371 0.420689916207361 0.523953549322034 51494.3353955314 45597.6154431281 73659.1389888312 102081.694986684 1.14312641914376
0.256178680204444 0.804371705371091 0.674882372607884 0.448567128051457 0.142154690331734 0.11471840786744 0.385237957283505 117121.42928465 105134.450835685 79748.9201536128 44160.4406051461 0.264728932457923
1.04738384509522 0.969409576612402 0.964480928034498 0.891833078425986 0.527645418666452 0.56104496112144 0.968506446970071 261702.023954322 173132.907265221 102083.228212036 260887.958482874 1.31942647437141
0.738346845684272 0.917613147277599 0.17717778786865 0.839186819099306 0.904560617871617 0.181234585668036 0.796190095126932 125363.954458451 105908.296461832 77684.5511453431 45717.6452240483 0.0720562350775081
0.145392282271428 0.81397180390856 0.948364510719109 0.520660024574019 -0.104823348141343 -0.0197978298236688 0.39316379079673 132251.570437828 62347.189903126 77811.0972126633 44936.8500051457 0.940958967499104
0.373416724461989 0.873734094887972 0.316303949225274 0.513966809461391 0.107169305551366 0.116571065131768 0.371605581563467 86256.2793007184 116713.513093385 73284.9877589129 59799.3253235004 0.435558471629834
0.313421274354934 0.824627975070895 0.607151006878306 0.590355288663981 0.145538824500695 0.0578397900135837 0.358650313614623 124280.213635641 109024.341541501 82253.9287483657 74521.5074129895 0.390884556237383
0.275234289808062 0.757359004151444 0.322849180044476 0.59846224385752 0.10920426778676 0.0700464148336546 0.412082496268298 121323.696649622 107640.986192054 77072.2769520708 62866.8274581216 0.396443856619227
0.282792178574065 0.709965040000768 0.58763376302801 0.379818421305291 0.110673804047334 0.162423206722163 0.450338194774826 167901.832492325 114828.962042331 76999.8984482364 114337.156233629 0.171374058908927
0.408333228252504 0.906601417772111 0.78383690078423 0.512006868638364 0.152382721427311 0.129540111004101 0.538086798802086 111239.225391461 89392.1843259003 80989.5655706776 25701.9817171825 0.243977892319816
0.305784104059281 0.296941742999481 0.087696396052355 0.28933322104931 0.109652256153842 0.0759190775815786 0.206668037622316 72718.1226399832 61664.8965367775 77241.4805166154 80393.256203901 0.984049230127031
0.155978707647787 0.695344885005861 0.737336818447024 0.428910093885264 0.171107151692399 0.209060628697754 0.369612749523044 98384.5421666633 114539.804230421 74277.4337141195 80696.8286643405 0.46314745014694
0.465393623510711 0.984785658073929 0.510957225775478 0.518368543060466 0.193337969020418 0.0922289230780066 0.219945076449386 107386.854460021 93106.4045066982 79014.5040480225 65326.6824591907 0.467750081463109
0.354212045223521 0.613698456694067 0.343188742437908 0.624125857803925 0.186744218089763 0.168695651514669 0.287909416294896 125798.144654523 99792.576521539 80318.9904125529 74042.5830265586 0.105288596050148
0.250227030158403 0.894771111942203 0.233101990433781 0.610340769693513 0.0947638297106046 0.0523084784340137 0.20964506938354 68788.7065770118 58800.4476121723 76739.303716264 36794.6587748597 0.455907614380138
0.705966327479458 0.606777448577383 0.624303175729954 0.485706401535586 0.281164974817679 0.354895743869675 0.939749030132284 182249.945446294 132691.441118046 89978.3168337447 169538.348012258 0.436310500491052
0.381675410566441 0.769131367138671 0.572189976322852 0.550619798617412 0.175236825441515 0.122555324362062 0.343792429897512 113874.753784868 83925.8684673591 82384.5489009842 53178.8760923822 0.312374112195967
0.355305186778525 0.78492218347495 0.315606843871256 0.530880378857899 0.197306023365815 0.152904223680969 0.372374270956433 113508.547105329 90067.0371639017 79636.2665672487 79639.0333262028 0.178289073863023
0.457305655848335 0.830785493554564 0.427866588465358 0.528004254826274 0.126803022412879 0.0724211411388859 0.346224643452826 107472.430919923 88391.7479210421 83423.7047127424 55093.7181152365 0.249869193697475
0.32669357438705 0.843694663215494 0.540999493058377 0.603297854062025 0.158485233993868 0.167575269496343 0.41628809580649 138057.428487964 99451.8671857769 77985.5818129722 50293.6903228695 0.193271899643245
0.391432081493374 0.717256195940737 0.547890685239901 0.708908249612221 0.153875983498217 0.15791815170093 0.464845736430619 125009.624172715 99983.3589967691 78607.1333427499 82852.7043995126 0.703538935978036
0.709643427342987 0.74855413851259 0.898729775840942 0.546267718757934 0.342077654958674 0.329462000059807 0.738154113654851 205550.057400023 156057.412873806 86207.2061199946 143374.640182633 0.447590904559916
0.382373316834457 0.652207239324474 0.682328506602451 0.689624042259087 0.135373864498302 0.101913350077721 0.347468687046297 110051.060623317 94393.3443233475 75769.1770035304 53094.3494868528 0.295461163750332
0.466192377168173 0.868816053263283 0.757199011156801 0.427413953515294 0.0538542397051125 0.116751364840485 0.435485588246947 121666.572052378 101773.104388813 78017.2343367354 82844.8007053221 0.396091895450615
0.223010086701701 0.803218183158207 0.528088386449433 0.638452939076889 0.239679114178005 0.139330664943087 0.28331271117613 85640.8446876742 107023.389354818 78494.8003225407 56977.9617333954 0.272538011559708
1.34115798615569 0.253430189000649 0.882036171984935 0.954751137245241 0.343280967550175 0.293927935953634 0.757116874885534 215453.740134172 160162.001660645 88623.871878249 130598.052192399 0.445512364176794
0.220486530023959 0.411567216633666 0.126975727156583 0.323931660589876 0.0742228454207197 0.115202046224573 0.238772562564888 65879.9996610417 55623.4203779513 77684.7461696669 42177.5602707056 0.920079219565888
0.269996199419966 0.85102107651695 0.64148113123816 0.632900437221619 0.256910905556601 0.130465758058864 0.238398194948135 120682.007490156 104384.103924293 74370.8316823642 45963.0217342298 0.0869762816950331
0.415201444101255 0.75426219268961 0.625592640173661 0.499362112709331 0.156218438856032 0.173574438971268 0.385643748908923 123651.510362776 90712.7139424959 78019.8961739845 43981.3154248191 0.390759067521863
0.489414765442716 0.62886821827796 0.615613144826421 0.758632886683019 0.0790943759425684 0.14061198935708 0.233709516570384 129110.431828491 92110.4102029541 79121.9708985348 95590.9452101284 0.140693755036795
0.441698972170507 0.822069256185752 0.552114513619793 0.554930441258052 0.209342282907965 0.0980038582659835 0.348491069530095 122286.05092947 97336.2823084416 79567.473090282 38386.9693888862 0.22766031188724
0.47939414385824 0.774962711016173 0.475407983195087 0.539248304156649 0.0943257043400135 0.129106875267392 0.333243128330431 99109.3906370732 110623.991182466 77512.1729803225 58833.4043759376 0.260611002746315
0.392971251703094 0.803476017373965 0.542251412013221 0.731083166320086 0.216069456076522 0.0690521919026131 0.407873400322302 122597.392834211 109252.43595874 79036.6352018117 58592.5290330924 0.280813291632917
0.44099887022033 0.81422135629767 0.395320341163615 0.230667580098115 0.14512958554423 0.196983241939768 0.231335057390671 108067.926658136 78631.9621958095 77024.278828594 59178.2147904241 0.440921906903231
0.230174041376182 0.985086666924861 1.28229486096475 0.742530479706085 0.271611842044088 0.260528064694476 0.294213091334119 140381.573493221 88520.9607245601 83416.9079501273 -476.36396423313 0.23035361000393
0.31204298966901 0.796591052869126 0.4359117500448 0.41531347980687 0.160272624637696 0.164441867259366 0.270850278273894 125345.097948113 86289.9600310077 77236.6398634856 31124.1957928239 0.328559586286796
0.286600226732094 0.940843869450278 0.28965877496768 0.412070873869826 0.134898762356864 0.0932315470290735 0.260506412864819 125959.518975978 106700.745963421 77378.7804698251 42825.4633525414 0.0628816110825637
0.712691521016714 0.60980173853758 0.543479745008433 0.317847035766294 0.226913294503668 0.243774872749547 0.66213825422124 136273.256693456 105858.837043533 84068.137397758 106230.050051549 0.544230677343674
-0.0193270954673939 0.998603929955939 -0.0730421180085035 0.367941761620619 0.238577691530623 0.04876064389049 0.38643021123135 103785.614213824 107411.013796038 77006.4240183691 53584.633245687 0.248868739055601
0.320529107982332 0.862370614445001 0.639518478108944 0.49727955129463 0.194421130471975 0.0707542920854058 0.369632800637853 78299.1827589869 90123.8435872882 81395.8929767702 89441.952917593 0.427508858671511
0.422612900293381 0.704450972747126 0.357096707101607 0.482630063651513 0.0870441483787196 0.138841972486527 0.37435485499306 130278.209130707 94489.2372052444 80019.2041755385 45078.4392114839 0.274888007934344
0.384600484733911 0.913388199002437 0.582294472514172 0.542026292461104 0.170048843189779 0.0853961083160748 0.298887988200813 105775.526984187 99228.2133958704 80529.8746849167 47053.6129418853 0.453199045585423
0.381999428975662 0.887409036314971 0.562504293633135 0.731549979053192 0.143859574736629 0.062363688487483 0.361757458404305 106393.149342809 106120.574771459 81080.2021031314 30202.6327556142 0.19239628540905
0.451301444005738 0.884895767591103 0.808088483299595 0.590875345758123 0.166247851298911 0.0893945387959696 0.391849433066508 114760.303614689 103957.562952702 79086.5825843055 49802.6307577523 0.19354074778151
0.298536448124252 0.835859529449786 1.02110119005671 0.375244822564198 0.14312304141941 0.0143436372740446 0.178298747885766 72478.6742232683 61791.5785845535 76847.5722205166 73692.9851344037 0.990519484920344
0.375286157987927 0.682911314614733 0.768129392288157 0.56469995714407 0.181075183411787 0.194714810473301 0.345962162705632 125866.845123384 83370.4073548028 77231.5360497058 62212.1698760306 0.497224896136936
0.40428818437346 0.71256157491375 0.642961177941237 0.361791320182505 0.148480836788262 0.144323770738983 0.448695969967696 136272.894052766 107250.11111699 76668.5945483128 70991.4174769128 0.267581413840455
0.438133224403194 0.713790273459198 0.781449174936515 0.16781053701441 0.160078798445617 0.165384147987227 0.299208636312858 110693.470984271 119243.801323131 84284.8692478191 23841.1250605044 0.407347940517598
0.415701451940685 0.696033863241849 0.53370272858847 0.429686294539964 0.130937315520726 0.121415077623722 0.313341427699023 110288.43584889 92016.7024056184 81059.5791126568 52667.7427828085 0.384767690143941
0.388496956488307 0.725261890000095 0.148387415119143 0.652109567708205 0.136274255166363 0.109950109021459 0.290830294019207 114983.567854542 85038.6590983459 76742.259979483 59745.6769796424 0.288468609616502
0.545121010181972 0.68492572381778 0.687351170178376 0.528549435127799 0.17745017432 0.175665055932564 0.429123592825953 96835.6367304447 68951.4121141903 76770.8628623274 124096.199244059 0.332403104841949
0.401801296417968 0.744925219798134 0.299452742390115 0.559819558335618 0.137620723503144 0.232433644546585 0.415192297827874 122734.727151279 113355.752887466 73666.5690166994 54136.5821615026 0.0427184248767374
0.958286849366839 0.410295373542942 0.584994205475969 0.0419371150095123 0.167907075326734 0.167760984641413 0.435620475800192 58668.1257000398 47239.5029991708 81497.1615684855 94430.7329177587 0.908110613186444
0.399098843458038 0.722834078075483 0.691962780960915 0.467599012021781 0.143695607677223 0.120721840252147 0.387271601746797 123728.981937817 101616.060607667 79540.0905147727 55703.2413156863 0.373536560932978
0.415756042069168 0.744365927896423 0.618621777909523 0.493054837234616 0.180068004207876 0.165467632733724 0.38079109344493 108394.965447801 97172.3343492864 77027.6437216031 66549.7720952382 0.362100626325098
0.413732264944762 0.665449500358815 0.611677039158114 0.308217288165691 0.16991878807258 0.203628434775896 0.176186219375755 117905.385588792 100761.310735177 82156.9242367407 52929.7813343984 0.748779269092087
0.399819290955228 0.84683411694731 0.559236161387801 0.569576965935373 0.146936790292235 0.148982138593308 0.230379909791056 143655.892937069 91441.983975706 81853.5153456311 90337.5431554074 0.121758257257847
0.368643612145481 0.721928642670486 0.563124913218012 0.669319959217458 0.119153118361072 0.15555129652698 0.351625236080766 128011.181189304 86858.2561962379 80894.1250900998 57643.3073015214 0.451361851070152
0.395765271767528 0.721546589061518 0.525462138554507 0.513699009671682 0.17978042891298 0.0880248405224429 0.355304151162808 106588.739799574 84365.5045420847 86455.4873649262 56108.0108216288 0.320758973968601
0.888974935225208 0.728967432724018 0.712942103726805 0.595747011384895 0.318163293708047 0.330900685930765 0.561373462702012 125339.10275585 72239.0290096765 113836.208884459 188586.137049771 1.15730175650489
0.340720134211434 0.547876827910329 0.259115118457703 0.381425454772416 0.181562931004673 0.150655266489617 0.253046927281551 138872.925806111 84291.4197600702 74163.6355147917 62999.3798400453 0.288312615933941
0.429709153641312 0.798420252190139 0.692268065254718 0.597215254003252 0.121113762364248 0.176756377580585 0.348840480685437 128187.201080189 95264.9012469573 81647.3362983875 62865.6564973643 0.584828390426772
0.329510447238895 0.75773757427053 0.631309034296562 0.586727766125414 0.114214418724826 0.14213892686571 0.509775501476868 142587.832851471 81454.2804097918 80497.4054130351 89375.5453121276 0.479513975918445
0.295436357202028 0.946194708555027 1.04432438725348 0.197549891503499 0.145183061876709 0.0544804358232577 0.205164160469335 105837.221662494 87284.1450596654 79581.5065548949 34962.6761783033 0.0149240792285634
0.436141823852782 0.753499599637628 0.322245408043804 0.65316944341213 0.119957520853404 0.152896847857415 0.47726120090424 122513.357477632 118330.123213578 71982.9911733669 65607.5038825541 0.301342986274934
0.399141558556375 0.825945217668187 0.708966660670666 0.362162007039744 0.132430187666372 0.187363727806279 0.291706927078962 132674.631410142 94771.4895584463 80835.1922443512 64437.3774323659 0.519570454772618
0.37866430769926 0.89487778869232 0.49751231414316 0.624194463946364 0.15245637983916 0.095101312723974 0.342305990079141 123464.900323773 107823.310326648 75666.9300744156 68060.4339025386 0.565129933502411
0.354094306949981 0.864061414293018 0.508677859008018 0.395106364517583 0.275251449723755 0.103294058225793 0.568791317230753 115472.173781932 81340.1539259078 80608.9494209766 75072.820156416 0.357107952965237
1.05871350604267 0.390980534981953 0.714152997576571 -0.576512214775445 0.224128759650337 0.185284090999912 0.820891426183783 60466.1959585899 44921.0224125028 87807.1060240284 93121.59422631 0.920757448601525
0.414844525007808 0.686780644593487 0.574985929566854 0.459446377861161 0.172773654091347 0.126857023061429 0.325843839245214 110186.184624456 99892.5636128433 78503.6312315051 94361.9112135775 0.40560350833555
0.817559414624007 0.780610678734294 0.741973494073593 0.599449868443046 0.599796406889796 0.687935668262716 0.83158335723575 179152.645431088 119792.780548418 99906.699649014 188197.223884698 0.838336401985657
0.34535270049654 0.855820414358162 0.118385212716299 0.547176830119122 0.203685244679918 0.127366313410015 0.434150517962987 98091.0988298786 108580.013762969 80280.1224501522 63262.0201940791 0.411125446259391
0.404102910326657 0.79025512610555 0.678191879856588 0.41997209755953 0.160449438990472 0.133391192421168 0.397729288436665 126357.20280812 98045.0031630526 81684.9474679139 56360.5951844853 0.298419594965691
0.325805636707214 0.648594988089953 0.765828025541111 0.559432344438827 0.176177701061429 0.171023238615423 0.323893481325144 113051.218146645 99937.1342360697 78449.6375384511 63215.7625786998 0.362547171924832
0.3912830103046 0.830139944134679 0.560695003801672 0.554536793215226 0.195774982437687 0.14391250920445 0.355202321047472 131228.34842628 88074.4039089453 83445.4684787068 63495.8666191278 0.0394431043718164
0.443678420668976 0.841553042805851 0.283476022871383 0.495203116561041 0.0955728197168043 0.105746503926283 0.281312977220096 122025.491808067 114123.948266299 80248.7271488871 90059.1506250198 0.249111204725192
0.56820985305492 0.916553837177979 -0.238395031649898 0.988898670464543 0.263691219780489 0.305253026041281 0.466472229500641 61774.6417868966 46762.779397189 86542.3216065962 94008.2408500071 0.510109749267606
0.314770079606656 0.797311354539404 0.398894831897309 0.634060270687345 0.224436371633035 0.135052222578122 0.473530275359101 127342.356540563 106293.432130759 82510.1808320111 73779.8279507784 0.309761192099807
0.438898418747246 0.807322725793691 0.635553327608731 0.643979198118437 0.209143486157545 0.127794391042834 0.242051991503541 121011.830144135 99951.581069643 78814.1081336416 59914.1227159118 0.278573618806343
0.303373464068474 0.377900777395709 0.119946255348896 0.269479670137759 0.0999186966863391 0.0831640708835889 0.285822689752042 87146.1573037735 73350.9146123512 77814.3404326964 54300.3892836696 0.592309986662721
0.973548661508676 0.870076860513357 0.82227448816297 0.764138124535849 0.412579283063008 0.445460559454127 0.695257881268878 219991.235620477 96374.7100014726 152460.714252464 257825.065771194 1.32817900684078
0.385471084107228 0.70618699479302 0.429251918877294 0.628131501322568 0.223763564706528 0.189731735116336 0.267419328909652 116266.988652678 97888.312203174 76011.5671956186 80361.611548246 0.256275268712659
0.484665650235463 0.327592324371551 0.00693031896206334 0.381533573034814 0.122250216413618 0.157741694831925 0.432061805089984 186246.616982648 165343.667775333 67346.3924812677 18989.4935890812 -0.397067644160792
0.66871993324223 0.939507336431976 0.933322763280456 0.525149874419384 1.07356978785293 0.101204391454419 1.08470805959458 126547.399486508 106147.01135755 78319.543938841 46815.3817323893 0.136110950809607
0.460979250488121 0.725041870388865 0.423111253204533 0.622933173879104 0.182812110828101 0.18807342279594 0.21260215954399 110035.988357405 85171.119342328 79458.457837446 70770.1142570716 0.329267248788478
0.777089364845475 0.785529319505609 0.917325559683975 0.640570683996444 0.400385508383494 0.402163275380558 0.877230920183166 260997.25179476 186600.369585272 92739.4237742413 186194.279790602 0.571183749805916
0.263046577927433 0.802904632822035 0.412349498637686 0.554567739852945 0.121036789564796 0.131625572616919 0.409864225660431 96657.2560357208 95939.6221091479 81725.7161348576 40563.3940395849 0.310311739948649
0.420872761692007 0.584600511522463 0.538676152898462 0.38519917813441 0.216843384884242 0.0888122974124461 0.334256138783637 129353.248120915 102946.554271831 84830.6950410531 41680.7564457521 0.0996539511925187
0.411728744716503 0.907074042507915 0.343389730672931 0.52250549213703 0.183631622680779 0.131612644158169 0.387505234599526 95439.8287583137 98363.2104218172 78270.0355987337 66260.1159603589 0.0822686790691589
0.197363304911392 0.821977707919019 -0.08056676492447 0.684049589043442 0.133218138390197 0.186110441342803 0.481908342720197 126846.255381172 113549.29972859 76333.7253698673 56069.4445669688 0.00304096308201877
0.279910644902916 0.922198131217245 1.06892689536417 0.342460942699043 0.12835603361117 0.0356705288294234 0.222603275855063 70081.1211026806 59707.9042016372 77050.1082810795 35602.4652919591 0.335678923717394
0.305577999339061 0.684578582604129 0.194445920518083 0.472422605384186 0.0887260104059431 0.124812554790367 0.223602790893768 118726.124471944 93657.0958563834 79967.4470936354 73975.3462085577 0.40198397401713
0.323748710717863 0.741607045460407 0.639319709205797 0.613061609700494 0.149179397843661 0.262865968170226 0.404378998467727 125354.39033251 90042.2044927072 82691.463463104 57564.9003182021 0.204768304603025
0.633248227446527 0.777487583951922 0.540879549096267 0.602553727367898 0.252271600378076 0.224221015837992 0.599358963199801 92721.2059303741 53262.6000287999 114610.300886881 123533.914734358 1.07997153516984
0.409856145499943 0.776408494601634 0.408455909911622 0.670559788237255 0.216857967843976 0.149434909018858 0.359070974271507 128879.093753128 108336.028081917 79386.607757771 74337.9303320384 0.315223908508774
0.462440912700588 0.717238268895362 0.544838044251458 0.401926614677857 0.16595381380957 0.135551885815862 0.240496781452662 124591.668350457 89135.0818385135 77028.6533158436 64374.7550494184 0.186066419194024
0.480099628366627 0.773556338609528 0.719347478305619 0.514367280089059 0.137800688002875 0.141516415756232 0.295636143993915 117824.540788615 88677.019778271 79014.0394327364 62283.9476212074 0.0521658761128413
0.538626006226585 0.905296274505619 0.925693202189528 0.495209001221936 0.929887228269911 0.520445571404501 0.972997934919454 121226.915143882 103145.029855618 77277.4409299268 47347.9519669482 0.0942663297448567
0.567973491841523 0.899035076876272 0.890740084435264 0.599560135344166 0.124172058347223 0.123932361513501 0.208864873298076 167944.435497425 88420.9769992818 82552.7135723786 67454.3151621684 0.0305284409582124
0.318898616376818 0.758867067759887 0.646969299188759 0.619983296013504 0.2014196476018 0.133254796402412 0.217591817019853 107254.689266327 85835.051882095 79276.7925763412 47986.2121073943 0.427289196383278
0.252429482859211 0.757492118301062 0.38446048884623 0.623413334704401 0.160172766170378 0.124649907506257 0.186815174362511 90939.3006616222 112237.04709177 76180.8270818525 51665.6694836168 0.612775310073546
0.281570458094463 0.933629537011628 0.0727256429368623 0.92042920980109 0.13404854757318 0.105697579987675 0.253082621909625 110699.666756291 88582.7007662439 81838.3682152505 40762.6478022699 0.0446947921668717
0.27158588817952 0.921450148541858 0.0908314904479328 0.858449813099332 0.0919329773980934 -0.0201503408943587 0.18079345156135 66656.4030822719 56446.9413713026 77567.5987080145 36506.5988730526 0.869268290552789
0.318036238048587 0.902456372087328 0.901346954311705 0.33985238659569 0.125233555612798 0.0768396652011703 0.30232009319299 113683.821023504 115066.297768668 76051.3844036974 57279.5136673658 0.353278971203443
0.459542279749365 0.760323674973265 0.209869507159457 0.60402713564724 0.0273962871286357 0.101836787024679 0.230552428914157 122579.035760034 96996.2756108996 80453.0968953393 57425.0210615435 0.4890715548719
0.507942680167046 0.834044627297845 0.415742487870391 0.468842188353841 0.155668021191753 0.224042136920812 0.261693380745933 132054.160429771 93588.8468596684 78974.4204294596 43491.9471967519 0.474560166085841
0.401728583441049 0.88640609780115 0.5311885015965 0.52173841390198 0.201478387841354 0.110258156988505 0.408826741116526 135143.331062085 89080.8947483254 81849.0705565649 58768.2370822591 0.44430004157848
0.434977331986258 1.03042654733536 0.747628120240135 0.815740013618669 0.24057818522065 0.234882319167335 0.40555405180865 235241.194394769 115519.81283396 134173.624480764 86456.4801400749 0.252318374278631
0.394626591479576 0.773387536445337 0.45981978348035 0.611427844909989 0.134086190320157 0.130850207444552 0.375481575617513 111012.53477378 92618.5301721874 81623.5420921427 79779.2896718909 0.103531164740693
