PE APC-H7 PE-Cy7 PerCP-Cy5.5 APC BV421 FITC FSC-A FSC-H FSC-W SSC-A AquaAmine
0.485791679680417 0.639160257744483 0.46343478638168 0.586511985129696 0.192425221413849 0.150295341165151 0.477466252529701 109013.3699103 114772.312968432 70937.4443222522 52968.8876037457 0.149563071336312
0.593017358998477 0.909009226824933 0.145472885760318 0.848786027671617 0.12039928153884 0.13652795906811 0.26105282564531 131297.174774149 118450.411928664 72762.2452737467 40019.8373167252 0.11592367999189
0.579418090352892 0.845990615306669 0.424587237415696 0.594882147212039 0.177525781535241 0.278586510767673 0.46184279354366 140999.21011539 125294.93358535 75703.2567450226 71581.9928513014 0.379012580205041
0.613841213481502 0.781261346138337 0.542582874151345 0.423101932852343 0.121336800765176 0.147702553047113 0.236584978046939 118403.322541032 110999.446422544 72530.6111408164 81036.0049584082 0.350398120825033
0.431007810106206 0.580113094705192 0.27928787998721 0.561198715615091 0.178943963841798 0.163723018670305 0.354944751003307 118897.617169086 116084.096646383 74934.8014842643 59829.0616359421 0.250151158327112
0.280286452754681 0.8903667087597 0.955336205256066 0.189793196228385 0.072598168235313 0.0235825259751238 0.226359193077978 155855.904597249 143087.128927082 71419.2813185027 34280.9126234875 0.0402387525196004
0.961200994658893 0.335291793297732 0.495475027653162 0.593256002455835 0.148863092311963 0.249493597312769 0.525514315283589 103519.58763113 92551.3041744046 73382.3772257546 95335.1977282467 1.07716300145116
0.565152588110335 0.981866638603266 0.972661181957781 0.459641884149093 0.109733898435472 0.228261720011944 0.578035162819979 84043.3595936683 76628.4649937472 75997.3341795978 70147.0971371253 0.657160735242706
1.21966307818266 0.914895372828943 0.931539617104607 0.908620803108415 0.48703765526059 0.517813372088029 0.98999458880076 261929.119063974 234384.393189004 74079.2317493491 228582.414259523 1.32993233405158
0.825360516945677 0.529890311749388 0.532341003502298 0.534170433118392 0.276894958729399 0.35891364310259 0.829335450309977 75894.0547392144 58991.8445412093 84492.6830478665 121979.824872848 0.437456096443334
0.657842530461129 0.911208621375715 0.986990948231582 0.313384072180215 0.098126498817933 0.121833362007154 0.270143580597041 131323.825455721 117311.982141665 73418.4709728402 41559.7918321639 0.134695151634624
0.316984229503389 0.912308451869676 0.143295795691245 0.699901178344162 0.124576770517187 0.169355076842738 0.264587025560711 83643.1546949471 71344.7551851155 77266.3502113193 46939.3847243905 0.0847802307749251
0.295980900393242 0.288180741968249 0.119753724920027 0.378673792859447 0.0858198564697872 0.108632618754456 0.280739677574885 117070.681907908 107540.234409828 71243.995349906 68167.0498041514 0.271651341802653
0.510109420373484 0.704787656831317 0.711579459549641 0.589653640235331 0.186413469339307 0.240300169795699 0.233940559620173 121362.517262897 117174.346173249 71955.188318234 62399.6703981978 0.232374108587948
0.55982734531503 0.655965519168226 0.407288637807503 0.377126738933377 0.205166900218572 0.217727244079172 0.477145141513583 135155.018249423 96494.4810851793 73746.0109797494 86547.6110741964 0.0333640521095277
0.707890761214977 0.663296318678891 0.281964557081776 0.61765772574791 0.218929373182959 0.245274494410707 0.430036113772264 146920.999708368 108986.904614263 89630.2091219141 83010.3670327303 0.761453417786816
0.430381300843779 0.810777179728359 0.270018978067654 0.63035098081651 0.141259683316026 0.195940368496113 0.438647254424703 102688.446517117 113153.194987863 71870.8571997783 63681.6387959786 0.131544290608349
1.17734490685948 0.774351225044584 0.79584182544864 0.816783769513729 0.399884406771473 0.450321122426442 0.975748658372687 219844.255554877 143996.35542549 100397.164579432 210265.154510334 1.2601964854025
0.49513305797295 0.880383165002296 0.421727659899194 0.451751711299696 0.118999311474706 0.156928319108832 0.30695563448084 131100.920716589 116988.376253546 73301.9753525651 67287.4411054196 0.517255533753997
0.848437260791217 0.640825212948412 0.525984977958701 0.428691708449307 0.126777627810825 0.245904992205082 0.409225385047371 141356.297971669 102530.471659573 72138.1408345277 89273.4607785018 0.190223596047554
0.661879394687511 0.800771751479461 0.394812725724436 0.463147857212731 0.284802596859414 0.156536168369258 0.370462531910148 123312.080026985 99069.5366910432 75481.7253622496 84365.7744543558 0.115921634250555
0.432435166797811 0.753644177346449 0.669671351028531 0.699162778904654 0.128742300151216 0.156627047556307 0.390447724262271 119423.689041031 107270.368871597 77756.142541542 60893.5910197422 0.347677375129626
0.421723299848229 0.832221089257648 0.412451425341352 0.513049778025704 0.230993339826463 0.190644661936583 0.364074714145105 134385.750567936 112984.149098538 73886.785917518 64771.9635839185 0.333883078726213
0.384942565042162 0.846464315184989 0.481333633456041 0.489348734624825 0.157653194521661 0.18108193606803 0.205894376772665 101950.354683061 113954.004330984 75179.5089792268 67208.9680946328 0.218005923182157
0.42145399944667 0.703760253984811 0.20353735417358 0.277528818125696 0.208387675371661 0.257048246908288 0.328488593678481 127412.668650394 104338.766381766 70453.6533658788 51998.9948436595 0.433783542883697
0.428878297917358 0.574973285142385 0.351497454179773 0.565573509680824 0.119771934441185 0.190897795628689 0.374469929627569 117194.090571174 94004.3641842034 74831.0698834876 65126.3939486471 0.285368373274494
0.311668921246566 0.935079931702042 0.148996350363092 0.700220923480042 0.127798723140309 0.296741521168724 0.284135596595354 112916.645616768 103764.972955412 71440.9064664986 34286.7104005525 0.155144173750319
0.335727229210425 0.866667356443055 0.502850037759699 0.501375461138845 0.0863031821733303 0.210966620507231 0.328476642830969 128095.745809748 110770.26056678 70551.1255047823 48663.9736636842 0.351126314462402
1.65489554290222 0.532533414225697 0.710230005792843 0.833196005540547 0.0966650784438391 0.362535844656904 1.01324452709413 117451.8653321 93321.1864664007 83239.2858799331 115973.254290037 0.563738877748206
0.512741174475357 0.734238780320983 0.594319905149801 0.493183505762656 0.106413543487424 0.172463577644414 0.171484071069757 96466.4806434318 100700.998630428 72790.5834797989 54367.9244163767 0.327849294790449
0.637755887767002 0.946443186070954 0.726610182509505 0.533208422671927 0.138875201044071 0.178912666058883 0.31575040501891 101665.445558124 111907.323314448 72826.7585712096 80402.7158271061 0.0671213017349078
0.400079043631777 0.719077594858731 0.431019266084071 0.578997345482483 0.196544518194587 0.205426518134123 0.465169805419043 126053.254140123 105361.454848323 76040.0823418472 60430.7713415056 0.47443323968113
0.395731053421318 0.726665084923278 0.599001511216304 0.508979315451884 0.225232192798609 0.171455546387431 0.261372378050015 114129.428515889 98889.2613448328 75648.2492985087 65575.8748794155 0.312859271235076
0.273681897437635 0.86918740001588 0.0909728066721014 0.852899004292303 0.0764984587556986 0.0373371345496276 0.248068130755086 175251.55922707 161972.988191275 70921.9996740851 36333.2838029292 0.0545179802566566
1.01779822817745 0.693991681561285 0.639481399724593 0.669516584078571 0.298806996099861 0.379733560513205 0.913758629119016 107763.355636005 69970.4446859001 101932.732328314 154246.499451113 1.11391876286619
0.479692844437686 0.831414835935952 0.375708359187883 0.441456148147258 0.210664694243362 0.0535476008257797 0.198776431967149 106935.572792317 101621.24712909 72913.294951575 74515.3067652178 0.112534446684902
0.335820972233129 0.946728343626122 1.06138327088557 -0.0634652963383665 0.127707148736913 0.092268419710564 0.309089565392962 108615.424533037 97721.6868763929 73179.8810065154 49861.4962728582 0.0964653227438188
0.527444554428839 1.02109365164212 1.08277346193237 0.890989931882058 0.531961860730921 0.1700099025665 0.547564530240491 107110.232897352 75836.5803548523 94673.8438707745 61265.4730569958 1.07426460444052
0.851005832661571 0.468111500905375 0.36884959193564 0.365601147656853 0.186911292199598 0.269018068685505 0.744708552145914 115219.904750907 102810.055002615 73135.936804426 71175.919887044 0.201432938118594
0.396130285258862 0.73774033813075 -0.00751713201032942 0.732632236943877 0.449044718151786 0.142268192712597 0.333898352010501 108159.401552166 96247.841175395 74152.9491943524 54164.7933183756 0.259562152848242
0.231461593696872 0.867097392292759 0.131939991988623 0.683228791419439 0.0403103074646606 0.123375581265748 0.187054737135855 77383.8138316345 72850.8991552746 69735.4168112014 33173.1221196905 0.0984487060758456
0.403561797425054 0.741665116164694 0.126010797753999 0.391588857748247 0.103156361218182 0.248887732343886 0.351122202298453 108356.775071233 119460.675082442 72365.6159333622 30212.801106494 0.469313440472594
0.444030636598638 0.72868683732902 0.0905902254972926 0.510622521086377 0.102756744249692 0.147576857597946 0.475837282130698 119072.029296655 116953.524149808 76465.1005811236 61641.2011964818 0.352436032922472
1.16527192882797 0.691243669793932 0.746873511052611 0.69302611508691 0.374642851212361 0.434360254988743 0.782670956705169 194999.481952665 114414.058848245 112827.24224958 185213.932913932 1.05401833473869
0.204222587994566 0.922463057579288 1.05851786163635 0.288338648217024 0.00963357113947495 0.071205362693564 0.211689622701969 90687.463270966 84268.7873537043 70772.101522268 32456.9862808895 0.877831941082137
0.636152635135964 0.742059690539031 0.568299178484405 0.378019625243733 0.152844669112581 0.231902345204212 0.399249865320214 136165.861193206 98598.3826673908 74380.3958616664 86325.3535225982 0.427205278393042
0.437301687955348 0.75393782885597 0.548935345420017 0.457465377256836 0.193591843334564 0.244449855258605 0.489268260009259 134987.553077052 102159.812625126 73077.6161584463 53369.0297668135 0.217789208888871
0.389297737187203 0.604541244523706 0.777468005720264 0.457361990973662 0.134660652689783 0.260103461219217 0.233076359528255 133822.085018334 86078.7649203563 71792.9033850604 56104.1080716169 0.260976934030997
0.430291105391665 0.331956950706243 0.456558259597659 0.478164784286951 0.14619021516984 0.204128072851633 0.382400458328704 115736.582706702 101431.791834544 75492.5929262152 102000.887469512 1.13147885150891
0.498184761689608 0.552943969393561 0.65470622648956 0.544351626308973 0.0906157427276787 0.182841532896314 0.283768081705153 118222.135726639 116411.491201668 75482.8630648286 90270.452831906 0.156894832382335
0.743153810089817 0.701088673095155 0.596663730486381 0.527732302673313 0.145565683364873 0.219192438752306 0.425762673722569 121065.018085684 97535.7444414695 74440.2640608293 63231.4942557323 0.406934909438415
0.98416139142742 0.575512365656786 0.456514702194086 0.498271934877494 0.274289224866632 0.32229117970687 0.732611681221551 130504.335085754 112563.378907673 76059.9663350896 81024.2847854078 0.305269400388543
0.311722200236272 0.940617989405572 0.109746309383407 0.917221358343054 0.135342179394106 0.138653530358249 0.256403845009922 127998.858466383 116636.418763672 71991.6853297377 44679.3669264625 0.0511073803754908
0.726667845734629 1.3816054682359 1.50196101765907 1.2855274500537 1.3260162489519 1.09775668916868 1.02060701344043 245855.427810591 227474.824480603 67174.9197567649 166085.75543218 1.72977185986767
0.324709907828094 0.702851669035792 0.353564315669742 0.63846300087109 0.10399826017789 0.167871072856967 0.386451474337714 120964.537657837 107046.635430236 74160.3494826801 78880.6256908243 0.208879168561935
0.481527892606771 0.835473962200124 0.578448363287047 0.364684498996316 0.148745863340149 0.174029256081226 0.210266690965797 117820.896569836 113056.700047763 74125.7061301544 71264.7762040452 0.180375877718689
0.386316765742122 0.803798103901578 0.310921450398727 0.300043358521188 0.165403978004131 0.0948034307156838 0.484721245699365 130860.682469921 110523.784474004 75843.42452237 67730.8919814909 -0.040897653183576
0.627732471998084 0.831959720151502 0.535041326678128 0.575939187912698 0.109791196435143 0.234056197364231 0.425911772786975 126308.768199521 107503.558057534 78173.233746772 41149.4540631991 0.206304593658711
0.571776748208354 0.367413354071527 0.10155091299685 0.243962859237453 0.112206343210006 0.145407135602555 0.197300033580105 110267.757020036 100758.830835501 71907.915597976 40260.9665424574 0.0334997734232355
0.9762350918344 0.622096112915019 0.444326425944326 0.569219901885057 0.353987662941552 0.887547433090465 0.706610633279793 189126.082161801 161152.259569917 77022.6157677408 103955.633794088 0.493053868038875
0.0714717008859539 0.229802091610996 0.194534453573231 0.191001895616985 0.297803939332502 0.297796436316411 0.0840544773228652 112369.376697559 73500.4859576816 101433.419886806 256947.73889363 0.300955541698612
0.469810465292015 1.03326881303846 1.11718983624113 0.0832688408258198 0.231302300340456 0.189181451814909 0.675831198274758 144529.003732199 98875.3983127475 91507.9076968427 67468.7923940933 0.778362077290704
0.616929552571974 0.813160991577629 0.59413225979594 0.489302012278794 0.147027149044667 0.228215890958254 0.322966891064453 130485.663179205 96524.4893385821 74499.7246841504 65165.1604183306 0.372280328781419
0.492128989828993 0.762239331388747 0.754693803546196 0.622701287754311 0.135566074230457 0.194891439819156 0.343394808184594 118175.696347728 103278.328213677 76008.2097793693 58201.9131066144 0.374643875847843
0.305705215135618 0.807976366158199 0.344597873982014 0.357330330756447 0.186458409799997 0.145186125722557 0.335344934427862 124382.464860639 101257.364156134 77460.831772435 77626.5851675566 0.384847293278875
0.97188902997942 0.281264385274409 0.42063751384475 0.69087901610263 0.0737611144234996 0.277041545194856 0.605516549736011 113962.686325093 101451.132509381 74041.4178706539 91180.1829961378 1.20253592537086
0.479364746248121 0.731355351191187 0.419623566477616 0.453542964160861 0.14812850655129 0.131534206813418 0.472214914676154 124179.876370444 98829.1271285445 75526.6601472419 81482.065628067 0.492215142016716
0.53200939409938 0.716140744828543 0.545593422579732 0.484533073188068 0.140325867210799 0.108054784813592 0.405818677304494 130665.271834119 119724.761091767 77870.5476631115 46857.6918763984 0.0228007441708632
0.545516774679366 0.644511654125252 0.592855243272974 0.608571968489895 0.341656955271202 0.361094622191856 0.524112007344775 145816.604081514 125372.09421612 76361.2431060266 131705.984943829 0.472976517215933
0.795681054061237 0.651185901086955 0.562212768580138 0.721102408692014 0.365626048234567 0.444167892111634 0.795242453099643 165656.142355471 135750.745563553 80739.7954880471 155802.135989208 0.803049609421379
1.71634145521158 -0.30223169317902 0.118923264934976 1.46572944492869 -0.944467656089072 -0.0548700222377011 1.25608861769048 140237.862394928 114315.795850777 80675.9791698141 144327.220083778 0.84389095546607
0.339043624706163 0.832450025184685 0.487230976138329 0.316595990930031 0.186280540597393 0.0678376498551763 0.185924344497112 99828.6339745772 126395.139534291 70731.8089659159 91707.5598629458 0.522984017211098
0.546061615078864 0.830728494115923 0.477930076998134 0.345993293570021 0.109328120601752 0.202727863845045 0.337808386664715 128231.818234248 119445.885688707 75333.1328476779 63944.7341803521 0.717671263921617
0.705093243053823 0.696607190107134 0.665448274977105 0.570608591735614 0.021376549763822 0.139441099081955 0.106592702906099 107788.119508299 109976.937120802 72181.7885560013 77301.0654502837 0.611423874013891
0.461812101313324 0.817022456716727 0.45203448541205 0.51327325375222 0.209700404039754 0.216726523750941 0.500942546823938 127582.019924627 106483.504771259 72060.3562644473 65960.057379377 0.192901653201372
0.384259343007835 0.881526707392839 0.215009030811789 0.414875147377721 0.201874150721918 0.0938008086291684 0.466719410115101 123528.60687199 111258.971355259 73059.7962245145 48192.0139990678 0.353878842512578
0.38198748117993 0.860110856465328 0.321576109031901 0.500871715987895 0.187428294560088 0.120651332365481 0.473283853478452 110724.984285083 104842.016406396 66992.640056101 98517.0170439312 0.179247961372838
-0.0053935559242459 0.912864546298249 0.401130285564092 0.505413082702724 0.0981182952425955 0.26925708312758 0.426020333735662 140891.774447833 122745.885873427 72709.1102540689 66886.5781766104 0.150461965568096
0.302572127526529 0.907570750368784 0.923962797228835 0.306250410107968 0.116122440753497 0.194402833062057 0.234163866259036 125212.251139652 113257.076322813 72514.5334670899 43143.4249042827 0.0457447854729747
0.474404174868412 0.729020753152168 0.589221693194523 0.513747184379718 0.15203779925379 0.14195457629363 0.422111634503785 128521.350063507 96692.8315434118 76336.5965996059 74246.3890586739 0.419838854474307
0.667452826673993 0.562750486147966 0.809917786210803 0.557429294746323 0.31474517085442 0.299518997615423 0.785832908721759 178603.595309658 156139.719448946 75059.1341215769 117081.142320931 0.439732882098961
0.674001399957239 0.76167221675441 0.403429818587979 0.527225705355256 0.194917837034218 0.160225255001195 0.421749817186979 119873.282812131 109220.795996106 74081.1639036969 55087.4929285697 0.44334649221107
0.314762377355586 0.411456308643315 0.095314328369679 0.36025031577074 0.147630467434324 0.175569757913929 0.256937482651353 77911.3008878723 65479.8013042774 78320.8146369129 49827.2481661579 0.0952594056250295
0.407629758127999 0.678426617525083 0.563053348336526 0.645187786342173 0.131440102013889 0.196564812752844 0.451345895397973 112568.037157721 109951.327135216 77490.2959777236 87311.771923601 0.289839041762258
1.03823268594228 0.620405065653945 0.339587888795439 0.573344747739085 0.00630504171192466 0.521893804789704 0.333784833809667 62858.5936981333 49308.4316479593 76942.8731980777 65005.8836724433 0.841600962416464
0.608304966218743 0.771551633394809 0.752972573552733 0.465656884113048 0.139877344486351 0.180708628670075 0.41990464146805 138188.23634489 131819.23266603 71691.3549159042 60700.9926379529 0.300714900588047
0.305205663336722 0.693287231208195 0.329063560391472 0.427460836854058 0.229819627891218 0.932738913115189 0.224584639937792 128894.012743378 123050.69826032 69904.9038509603 66448.8154201938 0.307876897859579
0.213593600638254 0.855445793002656 0.327155199445484 0.576062441564919 -0.0982545626251836 0.245866456861804 0.109361820366556 149651.590849214 126460.611733932 78813.8705843926 86519.2731835986 0.21166779033108
0.373038485172745 0.679731065932935 0.170227489601811 0.458719899603518 0.0687352319577321 0.0581815009579011 0.290842689909351 107099.151429353 112777.028890782 75060.5393953198 67394.0765592185 0.276433497468692
1.21985314168647 0.934081004085261 0.482442113288499 0.835554856306135 0.465760793281776 0.151241283582468 0.37511891916191 127836.146250991 116351.636313563 72074.4238505861 46107.9982738579 0.0791023650631899
0.290439766175128 0.9456318827373 1.03336322101163 0.321889185584525 0.0860391283272872 0.0816249024098558 0.242230901722584 123270.401458205 111981.066226842 72190.9855047314 42378.074673665 0.0429961185880889
0.586780997632456 0.970024174725395 1.00106494096205 0.829547895302367 0.152788133269085 -0.0944211195606445 0.35750858979876 222186.105381835 198593.737167712 74101.8254078833 76707.5323365826 0.967764559608814
0.872474761116761 0.407495924973702 0.449353176205635 -0.0418849272898213 0.118664193510168 0.139965830802482 0.543821479341459 76950.3514836499 69932.8409711837 72081.761105839 52077.9582401922 0.505016730578027
0.967749665762143 0.688800986357774 0.63842103639804 0.69905182399468 0.380787979970743 0.418892780493422 0.958489656965268 186613.275190874 149806.936144154 82065.1197255778 174715.655167938 0.815091815173935
0.261614851738619 0.851621083224527 0.370280237658356 0.397781664190063 0.0761679181098389 0.182449788440147 0.333620889351265 98170.5049553131 112545.338473872 76529.0109604551 52125.3318417209 0.523151064864183
0.823853757168276 0.572896271734199 0.55658871631781 0.624722176068753 0.348054386994082 0.403770463720736 1.00218894606763 127439.83626109 101706.090855692 82165.9411797257 147712.068854195 0.569568628756812
0.365945754653147 0.718357006379086 0.412509307651137 0.528912283529225 0.111562723192737 0.223877087680741 0.253545922730111 141295.91190705 93628.148980517 71451.2376037605 73876.9956672105 0.453607136662462
0.328002511371709 0.910299172014601 0.957434557188736 0.34063081555653 0.145921705477553 0.24505041001422 0.259447229525717 79197.3481597167 66658.3054744897 78298.0967561605 49451.1792695812 0.0944412864911568
0.261374599003584 0.620260666259831 0.691433515165228 0.524270070752312 0.206043295758472 0.210458566863802 0.314443391653518 136841.140926331 93218.8631763745 77216.8379738537 21587.1047016687 0.365202595119921
0.625204631542685 0.77101787479023 0.461718654157834 0.684917149090432 0.128711234705016 0.242620148184965 0.317968420724063 102638.952861419 107129.98713039 77553.6979247198 33541.278369283 0.179274104325549
0.761081988329193 0.596507507511164 0.624408011626205 0.579725098157206 0.332620682330936 0.361703542489253 0.932505589506917 143617.177940825 120523.353482356 78183.6249718887 133614.313013644 0.493192592896827
0.879918813820751 0.914006818911329 0.610923546673144 0.715445286146379 0.221982620398438 0.295841325865296 0.533281435126229 153114.20278288 98150.0794943184 101834.065815796 124052.026058984 1.2232176439611
0.67078019544963 0.931158815541183 1.0178044168549 0.556893924401206 0.154836344871263 0.210672712626618 0.42919323021212 144105.906118375 109290.969359833 86106.6805212887 89774.4989674748 0.959394355425565
0.313079509081795 0.635788880882104 0.64205883010759 0.456587285554286 0.115027835768929 0.293424155970552 0.39448481208452 147875.972079487 98607.4091378583 72177.1119920445 77059.5449297164 0.366597122730515
0.456335646422089 0.689956824237063 0.707808511946126 0.617766766410437 0.172396970319937 0.182921602201132 0.175968609486691 135977.879523697 141642.981685526 70813.9536084579 62287.7364212175 0.351868295473307
0.270755050347702 0.476893980363044 0.216452398105123 0.287642906358386 0.631948270283984 0.138043280198243 0.282304126850119 81526.3871585815 75257.6082530887 75409.0107706165 35650.3832349599 0.0919571215483226
0.395343672910812 0.586099587107988 0.475081976807737 0.372291525104664 0.129560377977921 0.170305264787519 0.456559955874471 115805.114850631 114537.248850275 71735.0555518694 51664.3941192817 0.69138799817939
0.274684076748171 0.924535292473201 1.10282481847419 0.343592590536265 0.0946422908365617 0.25002443947933 0.27237682217106 107954.866141245 99566.2843963083 71307.8210608352 38415.7539898492 0.167279551116164
0.492753044905495 0.864114599936981 0.34086920668453 0.519262846354919 0.160336845310465 0.136148032690577 0.337437955719505 132681.959697532 112867.857640471 72630.0804059835 58356.5513183088 0.47211665442661
0.487756215587942 0.744562799804048 0.626953960922365 0.52477645107724 0.130344614505338 0.294335078612677 0.440873045872553 129818.38190856 103477.275658102 72446.2479677945 57242.3611746981 0.132134718028781
0.519598898891894 0.7312835427318 0.404359501289468 0.417358851458446 0.120907019082841 0.228882102027967 0.48614827769428 142520.684874676 118780.067691091 73081.5812735375 70590.0938379674 0.410294483278509
0.48805538905273 0.780330533682624 0.570451912539743 0.394712807124775 0.132763977602428 0.264969398902418 0.315097217312358 61861.2977585593 121713.502519077 75358.9223798817 77681.1406469589 -0.0030168490918793
0.380067778727999 0.766715785115756 0.356958088373372 0.478160059739395 0.177876094885714 0.16674359404334 0.409915109674535 139134.388705519 123307.729450998 72026.2967771173 70365.8326204509 0.362023195111305
0.310134094774837 0.421487574480922 0.103622752117967 0.374139306520556 0.154315697425717 0.166259826316163 0.261121839446993 124906.291208193 113745.849656275 72054.1222475566 49287.9935008966 0.0849210574699593
0.516230174591513 0.657270101389956 0.261701421586671 0.575171253918817 0.188743689623217 0.215254858519183 0.246400341416664 117079.622811905 75336.4776645177 75302.9709362318 80981.580844953 0.0938837229034502
1.09646468157283 0.363382114386424 0.390476944637138 0.479419548740192 0.104635276605926 0.211090671686607 0.461513913905495 63682.3590559165 57009.1465927382 73393.90451574 77016.9828200799 0.937689549338958
0.477226403248231 0.78888564396548 0.432064378950204 0.58404127066027 0.198932969107028 0.128033694754905 0.272421691441762 108061.309389173 111152.064837131 70809.584472698 81526.9609226085 0.062041124714527
0.535417054456213 1.01385075289269 1.13802191578963 0.431310905603513 0.449670526804765 0.586896528922606 0.335577061732322 123579.386962411 104849.25000536 72374.9337030644 46921.1906238982 0.272623199685989
0.244866495614526 0.725999856435343 0.597579228639079 0.830717337489601 0.132721894084104 0.105424603827992 0.324994151919517 126646.026474109 117196.462436786 72051.078454761 101527.149513456 0.508299660846473
0.60757492155969 0.904108026677005 0.383665549770971 0.633564863880212 0.156454744316733 0.25517327499271 0.462527201490742 68300.7126311469 152590.271468599 74896.8853445565 110207.710601834 0.715718464021268
0.443377235542089 0.866220896603085 0.463094646803293 0.371065604975136 0.185581744593198 0.237333910822329 0.249737436821101 118825.411173571 109783.826322149 73682.7323367132 74195.953479167 0.413259051582512
0.512470817808807 0.394790528582551 0.488429482899606 0.245123215686489 0.391715151958654 0.172031340067304 0.42797423813292 169850.044071683 95724.0109663141 73325.2153803517 63558.0108388536 0.276883367295294
0.508418738170333 0.827803847765506 0.154258491042704 0.534991538282842 0.0314671887024824 0.102948263212954 0.221345505102526 53692.6351359533 48626.4591078694 72222.9365800528 45375.843162595 0.873102220903313
0.579409045715812 0.653480627539386 0.512662694741826 0.497372598306948 0.18878747356766 0.260011145192844 0.369238348723882 112887.564529896 105798.417260031 72709.6747377164 93164.6613544478 0.276809289899784
0.26148138304139 0.703929565750734 0.3627814894739 0.496909259898038 0.181974394418598 0.167672183882202 0.450045790931681 127823.084788308 105626.812031365 72658.1301487548 40763.2017665956 0.49412778141044
0.569280454750571 0.787371372939112 0.578654415289117 0.283627063519108 0.0885854966405108 0.117647453090414 0.539620351658955 152184.096486614 112424.773196077 71822.5198790512 64277.7247777298 0.137377542811179
0.565575037584938 0.675846820959866 0.294744678996046 0.501422388384838 0.212888526349175 0.0206319695047124 0.515803478721934 109427.123499536 116875.928644289 70785.4122330233 6872.23863816148 0.24351382593028
0.561272501895712 0.767485963099906 0.664642036206411 0.566649508749246 0.222755273171166 0.149579487099383 0.369851543715936 100194.052222005 111377.435414613 77987.9833220875 85340.5264257018 0.392105550865516
0.617510116596077 0.598956209289193 0.262911159111471 0.34654678975617 0.215869518502262 0.022334157091026 0.328810135526252 83178.5489928272 75615.7743230228 69775.3992482871 41372.0583796534 0.0526353785194942
0.678414325913193 0.649149918654036 0.143123549235866 0.431128212209917 0.238020474003794 0.102439482903276 0.432677199995822 96483.8522091286 134174.679043985 73995.381605598 77154.2659663135 0.45323858528143
0.48603011620643 0.845153355076233 -0.00450421313394037 0.707285540635927 0.332145100386371 0.202168170455984 0.295472772497315 123746.642838386 96246.1817541945 73365.6055214494 39308.7431346748 0.352733024244105
0.147835460848594 0.662946857626772 0.487495871881311 0.468215277033787 0.128181027047002 0.27896566521113 0.651047135611548 93631.4698807524 84886.3462836436 85939.1867567163 88671.1522202309 0.489921801075633
0.53306867215816 0.556508253234922 0.325867734035121 0.517460921929635 0.179966091812041 0.992452609873548 0.348305166513664 80771.0339219022 72302.4597566872 73745.6562257662 69656.9129826682 0.908941619033114
0.591153633930937 0.299701655989369 0.165063430591652 0.92571906449923 0.103554315561822 0.3325587064193 0.102502028519332 101596.144565175 74652.6021996902 68453.0831461821 120807.407173614 -0.0650802812764352
0.923119509924368 0.932305302491562 0.100737707917774 0.868319854542396 1.03390474950787 0.222432688329348 0.825703440890141 130223.583776733 118297.937356042 72286.3448801593 48232.2709417485 0.0824514281165549
0.38825348068873 1.15626378187389 0.369866730583946 0.4263781672245 0.222662820877857 0.0971899345505355 0.555473593154628 137068.297101527 105788.669310365 78558.9807989579 7005.2186703367 0.556456828945647
0.213971783584512 0.535871013728158 0.353354171923035 0.770580010326006 0.0646927129068062 0.305418272237535 0.300962337913403 129096.807493702 91615.1079851219 72687.7589423994 90049.5342861451 0.284531813877298
0.706169788539559 0.671322243883576 0.579784105490871 0.368028179006344 0.21185432813831 0.138725557710292 0.481962326921888 119682.590994565 120696.690525625 69788.39749442 73535.60500681 0.447598188342769
0.391467340835485 0.828804473336961 0.423185781810638 0.467381552001575 0.207484646696377 0.156224295439712 0.339828857253047 117843.25701951 96759.7505975602 70861.1827300096 69847.9530806801 0.302770811770482
0.416892252363017 0.782542027882322 0.522902960656679 0.51731956133873 0.120112378436381 0.222225717576566 0.195951612127697 106207.368640354 123927.428637606 74499.7946234109 72728.8463541139 0.212367543029415
0.311953015490996 0.943736684617837 0.0382639545721973 0.969752664250101 0.160337537364911 0.14919239600941 0.28160077772448 91564.5791734085 79115.4099742703 75907.0027317249 50408.6875236642 0.0956763130867998
0.596915414357224 0.880197181274471 0.348208213134739 0.549072639627226 0.138552614412087 0.216831752162412 0.43606320151522 156050.927868065 116492.009139494 70857.6928322326 71633.309579403 0.412862599485239
0.231978885800737 0.701058482761853 0.534552768738147 0.503939911985319 0.104977064326472 0.256481651455521 0.231591706172026 125910.573225721 105572.761502046 72235.4644220186 39012.2854837278 0.270752012778671
0.357846968064856 0.783818558407185 0.52166302709867 0.661808893731767 0.196564058239541 0.184122625613948 0.179767735463772 138278.562805847 92212.6314860151 71404.5466879642 42583.170166137 0.348764819196583
0.326905345229837 0.861331788708874 0.521999015036217 0.434603268789948 0.259815335469612 0.080929673016957 0.518580732305299 122677.573598388 103436.303003076 73876.7713439256 96846.0862901491 0.0901457791857529
0.359799209577188 0.737786075444951 0.592105942985025 0.59275560601776 0.218084262909152 0.218843105663894 0.480342523127695 100115.069884675 124359.172315288 73694.3052936147 71279.15409917 0.184249353623003
0.424415362788422 0.735863408883278 0.7843872367093 0.324942218168473 0.162134560249491 0.163227264757953 0.355789540011489 129968.156499874 117047.138579108 75913.1438113998 45677.8553494958 0.426580744625407
0.20091514029259 0.687465746445433 -0.0329820314612314 0.59991736847776 0.192130865793564 0.236952192283367 0.243605549119393 108414.271782228 127418.966548578 69723.3818733272 84595.7906913288 -0.152899428190063
0.532723129724005 0.650326099574591 0.549604404076281 0.566149311588542 0.1688388891582 0.210141858104934 0.460160829859493 113362.437268462 88073.8999136558 76730.244296279 52346.7949649513 0.0749600152943793
0.737868503179479 0.606357511101321 0.557794983545808 0.555102574855454 0.35878244012632 0.40622016644022 0.791380436226808 152121.226786348 128155.398635754 77914.1026614924 133651.565530737 0.461049538707133
0.791395434608851 1.03801103798871 0.944462980772609 0.88009278721106 1.0075873863224 0.73995056531267 0.925632698524242 118147.715188179 94736.6113949091 80859.8188899155 121236.325598164 0.930036970516664
0.410356707318309 0.90874095635693 0.892330083213996 0.468515411995286 0.875304704502881 0.0105181825505243 0.80110460514331 70584.3316997345 70330.4276304627 72026.2586181573 50878.4934058963 0.688996945975067
0.503579878314676 0.721567352929279 0.392960514837086 0.560336779275012 0.109173693029754 0.250484925302564 0.59428993588695 129018.697388397 102118.562294567 76679.9374755598 54084.4410947973 0.480588544442239
0.624211241977652 0.247531133510248 0.106093443960223 0.288842817073956 0.0530951832357968 0.115690274104244 0.250692947629334 44700.7975554669 43723.6639334318 66995.0054323487 21853.7272848412 0.608977057957891
0.262809718259878 0.585104070335064 0.296316802879408 0.437355575848022 0.12382020293209 0.229567749495769 0.310155332061315 98012.2852132919 103786.316240907 69881.1776046535 70132.2350013816 0.218642747478166
0.443897507739112 0.616905146354323 0.205629359602221 0.499764915321688 0.153963773593025 0.174123146287357 0.35019513240438 122267.63018014 109963.589096397 72786.5420205713 85552.6201162969 0.220668068249356
0.444321039645558 0.90301114472041 0.467872066030281 0.503133453075906 0.181408856713715 0.196322274553285 0.480383297525709 118478.210239227 127152.246230659 76170.0364821166 61628.2611441197 0.538922720642564
0.523042862902218 0.76913408100813 0.290798908257101 0.35234503613274 0.119867577160076 0.187012123372923 0.444213316400943 107826.32120298 89597.6551253609 74225.7698034448 51256.9480013998 0.446533264412657
0.618325744191215 0.792968620187252 0.30657448495768 0.592019599126734 0.128012256020327 0.201648494508073 0.404730303227391 114324.054366637 111987.06359915 75550.3673571571 64577.7545974568 0.305693129070706
0.525396948408419 0.760178334322046 0.546392713829994 0.547332017831553 0.0676330396882358 0.110381493029387 0.243996924568316 120235.560470363 116894.786865175 70940.1418291341 42803.8859643163 0.391352170428354
0.399969646274212 0.305125197343646 0.105432862471519 0.369636343170534 0.0595469864471713 0.103321744499445 0.26371642081188 96859.2221484526 89684.0816184971 70851.5950763509 58573.4208449662 0.963210865029845
0.23949172851246 0.917780944580979 0.137230233736505 0.758195771472802 0.0441353931049891 0.19872132935755 0.215552123628433 80554.8238070851 74317.7735116967 71291.0815946029 32247.0309374799 0.820824703458645
0.912593329388463 0.609539310379179 0.542328941096743 0.666362365731763 0.401641523920195 0.438447498487237 0.831840784022307 164156.555288888 131101.865020499 82640.9709270448 145906.722739186 0.608989308228261
0.834018713478121 0.405898847142382 0.345856769731521 0.413484938534191 0.143657180676385 0.207893045104929 0.41561878374551 56550.9515947102 49478.0209445582 74825.1787510245 62295.720601697 0.642326892724642
0.313380326828845 0.740525939448889 0.565027665430693 0.431179134334617 0.0535124994050816 0.26657061467902 0.41460329020305 137678.308321597 116394.130558745 73870.8199453169 75432.3584960017 0.39312932235237
0.556211535578828 0.758386612700166 0.258772678172329 0.616996085668577 0.127516617300933 0.218560516690562 0.257690162638278 129707.875679039 116206.568842676 78970.159392157 76720.2631463041 0.472804062840439
0.57769961786077 0.725141583816062 0.75349646550304 0.688076581683875 0.160285854312258 0.105387679008761 0.472628958372185 133997.0871488 122034.257318309 78075.1093141145 28053.0437229745 0.622174036818445
0.146784356753675 0.65335577402563 0.463196123600565 0.475926175639531 0.207982827401913 0.268919017039561 0.198475704550025 123851.340275169 91593.5720861016 71850.4820692554 67563.008182965 0.114324438562479
0.343135539553219 0.728541728926025 0.36459533719049 0.49512272369741 0.221754095949556 0.209133370947682 0.211224146863819 126079.719244834 85782.6924192141 74883.4599759011 86509.0839596884 0.105324683208418
0.38426136482603 0.877913020737757 0.432535019586877 0.404499000864981 0.225904026610224 0.230949747550818 0.275131455839529 112553.364965634 90706.5476828709 71026.0764796344 87356.1140046383 0.19373639490761
0.295344882744415 0.73186236316882 0.461588543810301 0.51069086329937 0.0831790072040875 0.308404379086827 0.137015037969674 148309.559041405 90701.8243859057 71021.4580616978 94951.6868992789 0.344712553438148
0.25786385113329 0.760744520791235 0.911546504256956 0.486433743337598 0.238268792400244 0.217952664694208 0.496263002529222 149327.329834865 94236.655047423 74715.4684012556 67438.4515781319 1.07258067942117
1.29468208471433 0.344278399522288 0.457790421999671 -0.227555397027842 0.145527894728708 0.191151989692735 0.429705365128002 56304.4275411685 51033.2828817389 72525.1273787852 68209.9453953145 0.858598041011422
0.133749408727859 0.322454694426626 0.0873913732008707 0.194607582320014 0.023100318254854 0.0847015092399107 0.13972451341077 61479.7826750134 57555.9140285263 69942.8260550837 37363.7075453531 0.882401872960885
0.201300145449923 0.850282973335366 -0.18179571734334 0.397440618432588 0.132100076257258 0.266003521717423 0.0557385840300078 53881.5946067467 47479.2483488325 90485.8761453323 62776.7992212237 0.0162214690459699
0.46739777716941 0.749418045346126 0.460897716753803 0.547138691803131 0.0789549149959215 0.145345515563141 0.377855492695395 123824.416193766 83359.778283736 73273.4701814683 48398.8662507665 0.0084155586329735
0.573303994310722 0.915722674287886 0.447564936869155 0.64358077406231 0.261534058210671 0.19921580094065 0.300823112849449 97396.5167326327 87321.1279766603 72694.4878365915 52824.4948697323 0.370827843865432
0.497107587976687 0.850070052863077 0.422047004730709 0.501356487185206 0.184032433877776 0.198293570990616 0.294492961013119 104767.252341164 118207.058604988 72548.2694544561 66190.8141223874 0.425958701005942
0.956063925320625 0.529685881144401 0.357312971049365 0.464331223856498 0.30247726599779 0.367897800991096 0.56977927363481 143487.158406339 124361.607324715 75763.5035367972 77948.3115244803 0.264761875772241
0.596402711540776 0.77429722866759 0.462458341912001 0.392491614880167 0.144071496816392 0.209733569089638 0.428357165884236 126583.53964569 123027.302114558 74727.5656098652 77779.6892196964 0.481994171404463
0.566414904383859 0.61613054696334 0.589478434016841 0.615362903855398 0.0884542118745862 0.178729375498082 0.315710861338948 109613.348587083 129565.440295865 74421.4938312998 46123.4909543294 0.507624726915001
0.538478024293339 0.733302090122779 0.489308186227236 0.609297984247512 0.165132611781219 0.178370824772709 0.241526568132717 132407.24514075 122494.372205961 71508.1763946013 52993.2887599527 0.212286422722229
0.292619679731351 0.646774549436277 0.52401248387983 0.258891071519867 0.206920881156464 0.284383759561161 0.510633292900893 118842.803977875 92571.2772384051 69002.6056708561 92063.0384489303 0.0923882825036986
0.303299482399714 0.910419977194137 0.158864939064247 0.451121646434382 0.0888038781285552 0.133112086503442 0.246814975926572 143040.298207506 130935.211732086 71694.3919788166 42185.0815845631 0.0544257156938088
0.766921084068643 0.499189261603843 0.342268446830126 0.466841230164494 0.21473823135189 0.258199142250892 0.413793178574063 127567.829377188 111356.728461171 75204.5433819448 82676.0102855469 0.270676349958245
0.302660267442688 0.831946228682268 0.139188019009587 0.555050739331419 0.0610894444560201 0.0920216804003868 0.251397755178301 87606.6118632322 80358.2634568522 71612.0080542808 71591.3319761668 1.00789345053375
0.382720273095459 0.597038146507863 0.219328296760442 0.655954361889387 0.102233264722388 0.252769782756198 0.453248509956726 113548.68064201 108302.881771572 79439.9520832006 89571.9591101554 0.849954313380971
0.438174058928228 0.733923014943541 0.463628223650901 0.433122048865533 0.119232224656528 0.190418635030132 0.299668319174394 98559.4974146403 108108.512150987 78027.8829914958 116088.375673978 0.852437788035096
0.38478784223235 0.447894926036338 0.617525847617315 0.416300646906655 0.267620452195293 0.0967195201538141 0.601040184592213 121440.23597504 97497.6422338032 73106.2677722976 34752.9796808442 0.387663276048028
0.625901798440266 0.755247995394157 0.546773083411308 0.399019368066751 0.0898945162935892 0.140366958079229 0.413929781268545 119110.12160416 113269.669741111 71357.4709214396 94095.3465108971 0.667524794189097
0.353768018239864 0.798847187725621 0.333162597024766 0.528623687467042 0.199016922581128 0.322840121874204 0.395835641172036 102310.379557427 109270.482268211 72163.848079794 69173.4666411176 0.25877052468621
0.177427948892867 0.588099841512237 0.692252066421476 0.207326747203652 0.126085594866218 0.24910632554112 0.189058193884768 53648.3536986241 49204.6577209413 70782.932324143 124857.811153152 0.0501640245343018
0.460901546123612 1.00643838333792 1.03409663189935 0.602700243678624 0.231364912078489 0.254257269672289 0.413926018575381 236546.63015651 161184.690306564 101280.557396273 81951.895600392 0.315968666248064
0.767257076601984 0.785987750268965 0.576747583639982 1.02845617980431 0.215864883683114 0.0460552989582648 0.472315472949592 141760.325374419 129738.209539719 73143.4014659268 36842.6083849263 0.159547747842741
0.309139890775597 0.491152832134732 0.138791072491882 0.384372754522864 0.199123156712157 0.255043317417505 0.300531100153356 120597.829321239 110409.023170978 71731.0194717358 34670.4404685354 0.212022372129697
0.346326561750586 0.645848401726988 0.311883934741762 0.821101938553987 0.212851444556238 0.0953599930015362 0.484957234321154 117844.48184617 108272.204053078 72731.879645576 43980.7402761589 0.134915904771535
0.54978200746156 0.822523664543827 0.397730749541884 0.322348223580367 0.128035199182452 0.252335863531788 0.303526823090438 127697.021757973 108155.253849927 75654.0407013103 67320.8044008632 0.579777632609265
0.288734235031884 0.386474820294643 0.0849003439334486 0.403747256337004 0.131575880129711 0.316384234636348 0.27918884234314 115090.154445664 105311.077551774 71778.6663082866 34040.9694306559 0.178241877041558
0.439999295417987 0.652609418473753 0.544762248046131 0.54084248913183 0.192431500497365 0.197790863455408 0.369609178551629 140740.859196122 103333.259456712 73942.7406870964 61043.4919223944 0.534423381610988
1.32466205475806 0.507054774157349 0.514501460119883 0.313179509151212 0.30508055058454 0.325349266074037 0.596032189650403 154431.346392288 127556.130130177 80226.8250700264 88361.6160801808 0.372195904233632
0.210809021629446 0.764291968401735 0.28765385504085 0.622079606947211 0.134889033802121 0.214682292313756 0.294416164696482 134638.488413611 116338.11565384 78283.2793619909 40165.52486242 0.375776702406822
0.477283129204815 0.301289513061404 0.523319522669112 0.538646862352214 0.207410994867813 0.231556332930043 0.479274002271882 201829.039752256 141013.373364304 93263.5089489019 123407.41809153 1.23657431619037
0.447944847621202 0.82125953015706 0.128488927576379 0.530918961268557 0.0339905032436566 0.0940826061814003 0.240656264532881 93442.8786141802 86887.5333690397 70519.678999088 47878.0006905893 0.907073373793682
0.472211200512565 0.86264038029144 0.405915741139208 0.443744821469219 0.149170747806529 0.23394345785166 0.441812309678724 123324.617798796 93476.1342174831 74761.9422664718 47902.465150429 0.279397206275559
0.593265236629098 0.67198357762797 0.497140146928904 0.591529212454453 0.151998661859932 0.198501081648678 0.288480688605679 104278.289811841 112343.862884607 75264.9347815237 67842.214976706 0.368871815491453
0.581366524949244 0.818150845470288 0.696757962303962 0.398477807201133 0.170732714129473 0.191988550675609 0.320544626225622 143019.954319407 106745.207939201 75592.4581074036 43039.1990405913 0.576155469437681
0.412323206276446 0.809532387532515 0.768011735845803 0.501562293660441 0.120522385644245 0.241149494748017 0.384505170317274 126317.043878241 118757.942015095 76457.5110777267 96448.395640442 0.43542432236817
0.428253600950944 0.554015798985355 0.529045237119689 0.558078482005093 0.0847282303271261 0.224605179946259 0.258135428926499 89398.4393360403 110997.601220097 75533.2671700392 68294.421495412 0.124190503656288
0.306556024966689 0.73714293022854 0.676028006020224 0.535951996049265 0.139749664955427 0.174600746251805 0.501660521051873 142515.654199541 114864.43195541 76840.3993335377 59279.0289565608 0.141416349897873
0.540445761966364 0.746259233127909 0.348713180913219 0.606298361630636 0.015800365927374 0.165900914516981 0.377138827564138 97850.3501377701 115071.385735552 75883.8601855852 36657.299305182 0.415899899414467
0.300809591283234 0.934643734848206 1.03924775785498 0.321437180165657 0.0995609547413855 0.117589900026328 0.263231548902384 78945.2893765286 67359.2851619156 77135.8166630579 46343.7346349922 0.0917801021031611
0.350102085053082 0.526721857821499 0.53090994155333 0.603651562125898 0.190467912766856 0.185986564593555 0.292876811304215 132113.153826298 113075.280654708 69976.6761854694 100045.890854193 0.231949369620302
0.639165402578761 0.760616659855517 0.455590860192728 0.724552434469083 0.195057017632843 0.275232221589298 0.228080558464104 134951.265631212 112098.80010005 75721.5240913797 72609.6980431737 0.380164627020241
0.350369182975959 0.688786431005451 0.484891732416153 0.470558251148346 0.21683935268962 0.114202126024625 0.434970948224667 117493.186424847 117235.072931335 74715.7811774267 70892.981380927 0.110324806232702
0.245199640396074 0.885289708227232 0.992799035596321 0.0558325800879288 0.0282583822757279 0.0548188579036129 0.172189684067176 76750.2001402576 71953.0643826478 69976.1407514924 29037.9704759331 0.333618223239317
0.401430809931933 0.748561545197811 0.634901687682647 0.590022268729632 0.0712465259329481 0.194442066849649 0.323049516394305 120207.401354311 85015.7419735588 76962.7837049928 77006.3299647002 0.571597091441355
0.495018623930855 0.608761724310461 0.403302589347379 0.541691840851068 0.118894255019536 0.126131473810857 0.348332751868569 120810.304450349 130741.960168057 74917.8888592929 54703.2956667572 0.365833849508846
0.615041086057503 0.281595231893002 0.538778290736206 0.889192595925029 -0.0579947553568265 0.24422431675506 0.596717873874348 78471.623231754 59267.3078760608 92806.9275377 146959.645487943 0.519264191615044
0.340807796899665 0.757295520039581 0.504842435713293 0.490847422938581 0.0777684631767172 0.186507722936352 0.453929328159459 117119.62860757 111664.185929924 74366.0266309874 36212.0321714051 0.375581908360904
0.263649933783644 0.576157200920491 0.277792824473558 0.455185390824 0.203720795858767 0.115125381570521 0.371651639741654 109845.146065128 109402.993960128 72914.6176810036 64189.7073649138 0.281700412808117
0.461478239917292 0.797901486378067 0.26417023986866 0.385028696467187 0.120681386188869 0.243254624333322 0.289688004905199 114111.426371747 108589.359190881 73409.9918259946 82084.300516633 0.3448877622198
0.439137167532148 0.93996706213086 0.306560885937804 0.424442599315869 0.0692892855137688 0.120728109718638 0.446191404230312 131592.013905121 113339.441735943 70285.5012575869 59714.8227781982 0.371786481328063
0.396529986936457 0.86297949266166 0.44700902668747 0.552213396810161 0.149478890943864 0.226872154374245 0.378639628680888 119898.392441724 91672.513006207 74725.8730352532 82403.8247009042 0.156212784786266
0.699087511236855 0.671696856980962 0.378784939060508 0.480242549450429 0.158396156075498 0.0918165705590094 0.19742182419531 103373.238474409 106047.638682691 69186.5662512918 24101.0240549366 0.227042892906343
0.412934806254013 0.753342611441398 0.411327644375883 0.57442296737867 0.235952614800282 0.256133437262797 0.502413184796387 139367.539541127 113654.499685445 73074.3975935821 91034.0725537906 0.402685388804601
0.606699024241733 0.597155455434351 0.685913598911215 0.574682754658949 0.133534649317834 0.200121278285948 0.418150955372174 118489.24519619 118544.641599229 75273.5837552625 57004.6942286021 0.39339665770016
0.331856534050202 0.365925812025151 0.0918861094011114 0.138501064674798 0.0351465875940823 0.0699317911320297 0.118771110421453 74109.5922630237 70687.5053000827 68617.4384630798 24711.6636481702 -0.0990095403875355
0.372912503679502 0.773086301100072 0.591518680714394 0.409603796259753 0.132407414750605 0.283495082739802 0.379805946988562 150487.960103734 96514.9975882258 75541.4613560475 85198.3957438702 0.453533790822573
0.351328036748961 0.739138884227126 0.361459041578277 0.597459999172173 0.172847251265285 0.157952569527562 0.349031451337644 122394.67313456 127141.633684767 77110.7977774418 39963.0630081919 0.307558507238487
0.507201730818729 0.714230370459224 0.597321749545408 0.424456018606475 0.253620957482716 0.103883881311409 0.307940802230657 106740.480398943 98195.1359119515 69921.406772196 35901.447614125 0.189230769464575
0.841800523045891 0.514003302344662 0.543920388586321 0.505464839999387 0.201163252602915 0.312656887743772 1.00125238370169 60423.5232049704 49927.8668804893 79719.6913996102 88990.2107175901 0.959923034842643
0.362739610783005 0.736167494887008 0.519566571341148 0.438759494456063 0.193191152467855 0.11546147782318 0.353124205268426 137012.603809728 114228.891948512 69127.4981349306 44490.2640119399 0.439207059052097
0.777615315198321 0.946024533156067 0.729698710635085 0.788681672374474 0.37444413157673 0.385896334041275 0.721507751728421 249567.220363062 155312.945528672 107512.469764601 160418.159826482 0.552150985103623
0.499286523905926 0.665256586940984 0.314946547167334 0.521741491308826 0.156949112423937 0.27134251052244 0.325820781745812 90561.4185211809 90044.5054003762 71558.4511196169 73087.9431771602 0.529209481503378
0.165731792220951 0.889277680347096 0.0381743826209971 0.683715390302159 0.11191068197734 0.238313626815731 0.421419023655039 129134.398493421 87795.7313878982 76059.2218267009 57795.3428969307 0.614154713317208
0.462642294146094 0.959667554671086 0.930324848433492 0.470842186556418 0.240664884950275 0.0544902165240976 0.746609553895847 118350.689063696 107951.799814856 72026.119141443 55940.0523246552 0.562964705557713
0.482920736760398 0.748164640215831 0.684767072348784 0.646343546334183 0.105158709730425 0.170163635146906 0.394795040439269 133359.411793839 105292.607901488 72774.1484539461 59546.4366141507 0.4253759118555
0.310603072194912 0.695625752217363 0.324114148517826 0.514365841870882 0.205787342331548 0.159680411710874 0.268229015764697 98934.2718568063 111480.653264711 72386.0579361649 78590.1030325078 0.527713128354417
0.431158896073808 0.583542399488422 0.560502694305328 0.49396893871367 0.113195160075186 0.164124765417083 0.51706061305225 107696.997863864 114493.334799269 75209.0466708565 77286.5914901053 0.25392585692659
0.526531276385327 0.773528689674467 0.668028221730289 0.503655112852043 0.19439402045091 0.13664332179559 0.316312607153779 121457.164399 116307.657500622 74341.0817192432 67989.2193600398 0.467563366000558
0.477308283017421 0.723420028798122 0.411137462259213 0.587213786472229 0.146363600546199 0.208979392839405 0.208967587819986 131833.117519261 120027.209627183 73240.9758637647 77223.1549321313 0.211006641253862
0.470630514870447 0.757252409424196 0.601684844662657 0.640711475448102 0.0455600667086339 0.22158653757777 0.37320905900768 133221.566900667 91908.5275398439 73571.8237985559 87081.9918822439 0.485069923576789
0.564240706298416 0.695052713712836 0.449784170366409 0.373298924234507 0.0906757851174245 0.256526843354579 0.266101181754569 144032.623521901 105643.146473706 75360.1425892658 67923.0448700167 0.212720320400048
0.325471210425011 0.842502837624613 0.998436137434876 0.317443938902626 0.0208389621162334 -0.005700145715942 0.220192349340043 82567.2839938853 76614.0604077462 70631.8202140975 52398.6783578197 0.932654181206236
1.25696853358902 0.681728997952114 0.67077903972158 0.715110659829213 0.306835675131997 0.350932148100924 0.675937577197811 101738.999259435 80959.4848492128 81974.0857110754 96386.466740043 1.12125526176824
0.521963767213965 0.759056034093791 0.404545314275161 0.346049286768116 0.110852475989637 0.0833004312492424 0.28831381515559 130866.167948796 102269.671572901 68014.5256382231 57870.165555378 0.476793999478557
0.537865939591751 0.486368818735199 0.456664327934714 0.538481218084492 0.200057593007965 0.198863246056807 0.494037194659647 142729.308582257 113977.743545732 79403.3281936965 62235.1234797874 0.202856953340738
0.281815382218372 0.700861513949172 0.560136281568357 0.460759732455713 0.150251655381607 0.14402773394564 0.416048795475583 111154.646153433 94192.406183622 71048.3154183823 63704.9042674832 0.425885741597619
0.323986612693088 0.904484428143508 0.11854083294151 0.84404771198661 0.139479044251876 0.20963598472735 0.22483328762204 123329.055184042 111508.14332358 72580.266506396 43752.581458448 0.037038829916605
0.334105192277991 0.72819566725034 0.402682330414124 0.452649988093856 0.194847387400273 0.231840613513859 0.260416957906228 122271.828695138 115318.477409567 78014.6945393705 87135.4622465714 0.203132931365
0.625409010557701 0.491189471189886 0.336303144159991 0.357462510195603 0.0540145628323683 0.147660270235831 0.538056188585939 128550.577979147 113258.902449961 71025.2032982604 64510.5255905723 0.133764163920446
0.411764689006588 0.88929523878119 0.529271635569514 0.463958687307317 0.101682243014991 0.173620019562919 0.403325656609207 90285.5112216769 140729.228758197 77377.1826228613 58457.4028288313 0.343552855260751
1.05003552927609 0.618975238523749 0.546218083047658 0.456002879808308 0.263747340092749 0.264334600571132 0.488914631477364 140069.047234829 119348.425842384 77540.3523258012 81189.6901119108 0.281216868552607
0.278054027826879 1.0183713561623 0.654549141561672 0.333724704984454 0.0635880876224106 0.0794727445247254 0.163298281650523 144122.020411188 104666.331525429 73892.9690861438 72780.5913470083 0.632951257779975
0.46943743406941 0.98657668336677 0.413306524006623 0.942501136078517 0.221832830978407 0.225038198307923 0.418569954378378 232990.478998494 155431.916464089 102583.022714568 86982.4726477531 0.5439372888407
0.69996638778983 0.946746989725689 0.932519626170017 0.56991908920135 1.14756073030583 0.373338473212582 1.05626927427531 118197.355057211 106960.733944265 72604.8319669063 50362.5425758513 0.146669106042339
