PE APC-H7 PE-Cy7 PerCP-Cy5.5 APC BV421 FITC FSC-A FSC-H FSC-W SSC-A AquaAmine
0.0247925592021792 0.779622747442094 0.446618688312315 0.494816586059265 0.0347444372119465 0.0553256974302256 0.50979592075042 143425.864590452 96729.9717217488 82819.8788807829 102191.673146968 0.277879949191921
0.261784552001532 0.307569886370723 0.122900816969269 0.308094630025767 -0.0368610990706052 0.0873740105351264 0.267795585164741 134476.222157712 130406.646195031 66661.782426027 51343.5495508101 0.0974697018079431
0.42842204037376 0.685012079583961 0.373495171473224 0.533361406245997 0.20022794868761 0.146733245064897 0.446275149149753 138423.862917864 121017.97736389 80478.6750480974 65068.7141953085 0.144432083585641
0.271371901395515 0.651585863640859 0.45592890186389 0.412461009123121 0.125349623906754 0.152462981220749 0.267030646669569 162490.370418471 93211.8368059452 75623.1964507319 48343.8475489205 0.118183874911639
0.328990579266415 0.733850473614817 0.439331692209843 0.370866560162837 0.0862436860377984 0.154446601742119 0.383195075402155 103669.78882278 94157.2137384517 71542.660880943 134368.883655142 0.142954302335804
0.467969943544444 0.348674356833178 0.119669192225087 0.13032009739157 -0.0365748235786042 0.0733790532132281 0.302364472947583 70536.6919955178 63712.5665434008 72645.403202265 36451.8734038605 0.0197503304623347
0.703536205090371 0.376834928307437 0.410810702711989 0.382359009949512 0.120149821750045 0.192185447985838 0.464677692967833 92192.226130862 78353.2499716552 77292.5154367551 120110.877312438 1.03674662874561
0.963697665023078 0.588389150092004 0.589359684081054 -0.361225246251024 0.237437068492003 0.296097836365855 1.06974367739503 91947.4071092697 60679.9782975421 101961.226844318 130242.968384222 0.360237877243774
0.916929460477641 0.703573273487832 0.525458913767957 0.582293170493128 0.297764861208852 0.386836602493831 0.825550940049545 214128.256079474 153556.879378138 91560.6626923787 208603.554923993 0.792137082976056
0.761878654737963 0.540519213786667 0.351888642328442 0.500463182189224 0.187873696246193 0.351633413030642 0.80979817454224 128283.215035285 93984.7040571471 89443.4444177293 177226.031371044 0.464899208323225
0.432772871215935 1.08542389913098 1.15409880254278 0.410548109341104 0.196854515460654 0.104002559956877 0.368420060689875 130035.605901055 87111.1167714861 95851.5473717813 65801.7228562327 0.0716665232095113
0.318714496958 0.852435926992108 0.408079486698424 0.447585928165641 0.0480752616932067 0.0546324516307003 0.192855630401704 105015.504873314 91189.7749461424 75268.8410593777 53470.1544835099 0.536003423071109
0.690340334408644 0.642342093742185 0.471211638290132 0.449271906882585 0.168844536964004 0.26130232461783 0.554451844532486 71546.6262034329 49627.7686292448 94908.0145422567 133806.946191597 0.778644923444142
0.555969930762581 1.12945088316708 -0.0492906609922952 0.247802003870521 0.0528111534060819 0.0625992907090805 0.303254709853377 120403.871482301 103379.764366078 73341.6891046468 43314.5056378596 0.589501650234368
0.392654393919667 0.718262522846927 0.390542489589893 0.742528115049541 0.0767868252249692 0.134551544744389 0.460078974597501 111678.646192553 101633.574313033 79645.2662949432 89200.5246015117 0.177209115543157
0.590144010836376 0.818285234826533 0.428163829683065 0.602792818213533 0.0477656652833815 0.178087776873288 0.4768104417773 134785.827164184 123263.766088289 78420.398591524 77275.6815758649 0.182531591249927
0.211176545897171 0.906535228199302 0.570844242678072 0.524134422089093 0.22982799649926 0.147206888979111 0.247343104314417 125175.104630676 97747.5967238043 82554.566913602 95051.6902491264 0.0938306441371411
0.735689982730239 0.795316732961977 0.642827465409043 0.602669101899337 0.247669910239247 0.322800841472429 0.667348288406807 169824.361073973 106232.999019129 104911.565268143 190751.089374142 0.969832911486358
0.401314433685942 0.949777761991381 1.04389465963715 0.411710180691886 0.172499302182301 0.205288498666823 0.370951125805214 177905.522146191 134372.891978174 85679.9097614577 111954.741948524 0.192136012042286
0.675791141394649 0.644917920905664 0.146361668947754 0.404979447492817 0.128142056395246 0.159469619198413 0.420623563124075 133343.087818771 94086.4821863407 80466.4657624836 91889.7359980741 0.0827051814500613
0.26239989291658 0.935141465749027 1.01376755018059 0.246532167255927 0.0665539747650576 0.0889849515316761 0.178329404870374 121846.405676222 107032.215137487 74624.9950700285 46428.0235652146 -0.0239489309960767
0.502525582666195 0.505169502089665 0.512921941638209 0.315007367866909 0.150323222913485 0.160505245747844 0.393008218824968 141272.811962243 103078.014954837 76915.2881334704 108484.517573821 0.514202222274005
0.729635267173465 0.551656514493108 0.442387937760877 0.596630619047701 0.278931392532152 0.501156737738355 0.783839433051097 144656.810363395 113595.183862269 83199.1163943241 171134.152681071 0.747260289726117
1.53613258945046 -0.030234584901012 0.203777945161312 1.52696320246087 -1.0770853157139 0.368769100739005 1.35226884413714 233934.59721136 179859.771807861 84634.5094298888 175109.383596772 0.664741837654905
0.171800789827083 0.303304232098614 0.0521981973846998 0.283732794958348 -0.0958840266837498 0.0770331610317805 0.235988274971602 100179.899729459 89126.191894975 74180.4306177673 69532.9624850228 0.591162135247538
0.354722031187927 0.645263022944707 0.324762800936722 0.425253637675953 0.13255845617018 0.110961363851898 0.211824558820082 121057.701204509 110242.876957691 79504.6464875006 83199.6814176055 0.210281034970735
0.102752859003889 0.409899470734097 0.166640075363221 0.331310362199093 0.0153533074940368 0.0868619771742864 -0.0224728176895104 250232.790337854 238806.791223384 67820.4217617912 243538.99793251 -0.0584686391177955
0.245906305697045 0.8190744673494 0.318047657992746 0.16808721415941 0.0762962580973189 0.0992997509285616 0.197897854269421 140309.476893283 121112.632843146 75793.7981600891 66886.3784287734 0.0154371401577545
1.57038249734759 0.141849928997276 -0.283431853443987 1.12650706336065 -0.459153451644856 0.384417276501524 0.954182508472763 161771.493706991 113660.168732051 93604.2904830506 192692.606803913 0.618178290862846
0.135174432343116 0.594532456350172 0.205476972410297 0.435598348663781 -0.0212356155502031 0.125133669618476 0.262506434508953 75707.3459578022 64180.2844072154 80706.8572024257 104755.809583528 1.02996547820535
0.355311335617849 0.826639097407775 0.36182249302425 0.6639562087786 0.091117134172069 0.112691775959311 0.110120635014268 109145.070096843 79046.5631231009 76972.5742284779 83569.3132009453 0.303666953406356
0.110338993320632 0.310450021610468 0.0651421768749288 0.0866654237542477 -0.0925356884353423 0.00728988299460179 0.09607752609007 74640.0746749233 67696.7028336629 72396.2418426477 29366.0626923409 -0.102026795333327
0.104104429950431 0.755078345375475 0.840261275419963 0.296592467266894 0.0885494360325899 0.139785174498633 0.511710903834167 133736.755461455 108449.665773907 77536.8614442025 40167.404355265 0.136330211299806
0.228938576304704 0.897344748395285 0.145991778096633 0.84659591095793 0.0548965022909613 0.0475032357893613 0.217581359346629 154200.340221366 138772.054068952 72827.3554347755 44896.21192386 0.0404570507293481
0.752732240767793 0.538043181903889 0.40665819095105 0.521213466069069 0.188578631663425 0.353878112473809 0.798772976903661 87687.5440761572 60290.6317052648 95661.4533266067 199346.576382673 0.483835677119635
0.496774546306867 0.800757844251858 0.453710616799271 0.401539677052506 0.0441975375257513 0.120683011308152 0.399692086139212 133722.580291366 92744.6899706623 78539.2552942556 105485.305874862 -0.0927979984499416
0.290436239110564 0.902593293582166 0.627299112036859 0.560321935746517 0.141520133647765 0.55319915655574 0.379804714022422 112023.149052202 98549.440125675 74819.904267938 49310.6843597036 0.198517972093446
0.208265613740415 0.865791723907329 0.669555883702253 0.517688048979259 0.0228272580116579 0.170554821496319 0.294343351246071 127597.880051592 110848.249652231 76898.258228862 67318.5400235375 0.195298228256951
0.371192730157805 0.819880252164191 0.500652916054174 0.387979251849525 0.194148099243913 0.164679789393362 0.347271430104308 130837.05722079 104192.334602549 79250.964341114 83212.12297271 0.295216759473343
0.309881063793156 0.617598889684095 0.41220855000661 0.442975107087342 0.164096646325364 0.156375250141033 0.316529854173287 133094.121327533 110541.06957221 73388.9788240279 90071.7820593429 0.232514427823265
0.27531583401277 0.939788788235935 0.141085906368632 0.929574415952905 0.175321227279187 0.107218033117784 0.312386809887373 133841.901534829 127372.234949328 68275.0998780238 61716.7572297023 0.113927761404623
0.648033114592514 0.760106425769056 0.358873142334797 0.712269964418416 0.104090350495189 0.303598453502012 0.431288769755415 114847.736159819 126653.203463925 75432.2413940132 111452.414349149 0.364393364569917
0.748744376663277 0.525849277802658 0.367116969105132 0.498376250208121 0.185579456102665 0.327405316512822 0.817528119561518 161450.055785696 125109.929707435 84613.3016048908 166200.432165012 0.449246448001464
0.376203526370425 0.650901716987656 0.83911625900468 0.416739349920457 0.119240438498004 0.185612357439783 0.400232150747312 121033.952797223 98004.7444904795 69583.906294797 86211.3918905166 0.0199717472656216
0.182180531712757 0.796694443170583 0.983169955784304 0.20182534590066 0.0201739658819709 0.0227706552506389 0.136151704900296 84346.6021478977 75167.4088099336 73675.065419106 66302.0156081458 0.957301680354317
0.512115983202353 0.827464978862966 0.383073610132241 0.537190020432714 0.0998227840502932 0.222346728625475 0.239801822535375 126997.138495069 127628.834355789 78438.5745539283 37027.7589895209 0.25542020922164
0.377002011441415 0.770640436952467 0.558845534488631 0.679277593211634 0.161907679022139 0.120118670879965 0.353911212535531 96774.6834669617 105343.528607513 77250.1801213275 95823.8071269561 0.168328064838542
0.393350051267151 0.774302805346783 0.599121517010463 0.545574886229118 0.111324523740968 0.215907882695165 0.423635612643947 132929.672638484 107242.557879314 78293.2769917961 82997.0020366882 0.171139120375359
0.40553134270863 0.834428755492437 0.520787640961421 0.318246225561629 0.0908354653201968 0.16548500754116 0.242714974315936 145336.183535564 115040.081265103 77768.5846064796 60815.1472926267 0.300955876796606
-0.118477784605497 0.529274159749697 0.53089801600196 0.364373710385067 0.0991568185052793 -0.117271393463386 -0.0760609617994201 57758.3647721255 40609.6561157147 91725.8089387138 162345.990540562 -0.21924415758334
0.24585290772547 0.929170118704485 0.166914337824085 0.865228440791693 0.0508478812583032 0.101479160290155 0.205029077614084 114118.857771517 99876.3527054498 74953.6444955388 50580.2542612342 0.0314971527050758
0.677895252738971 0.544540070604679 0.302166994332537 0.36226704698898 0.146028230853545 0.279999242735258 0.573648637725325 118032.845456014 98917.3568815799 78236.7833712519 93088.1275991062 0.190872018830129
0.257483153659007 0.93667060832482 0.149815219817183 0.953783469568358 0.153670367093535 0.102331951808256 0.254759473346353 132022.658729486 116375.927944586 74379.6864382236 54004.0472036547 0.0676214018426763
0.0242453327044053 0.164237614454742 0.0477539680547606 0.0450203044800846 -0.0960636930818654 0.594904182054816 0.0117485703355235 57191.415163681 54142.399979878 69890.1234264912 221027.213867678 0.273351487727092
0.762591088095978 0.562869965053628 0.374295566036449 0.497550487824966 0.174797246938865 0.347626263088428 0.622144510516315 162411.741072865 125051.968330921 86289.5247656952 149450.265217316 0.482748649408863
0.30485083763654 0.794929956001153 0.551081037532963 0.432392854270086 0.117607589819323 0.11716461833346 0.580193958535721 129166.896198216 112247.750230545 78859.3629948869 80297.5917802415 0.397942375242378
0.461665561473132 0.732307193549505 0.429775345052713 0.395372021727601 0.118966554835251 0.0244795569117755 0.244228996140559 95368.5315120676 111555.983045582 76117.3560568384 61312.0823681044 0.330691141254471
0.208653416411697 0.638057544987454 0.354236818693501 0.334227687491492 0.0899410896450889 0.0499300513015865 0.143900895608781 122594.921184944 117780.964536819 74955.1709261521 67292.3200137692 0.395488316796853
0.699305064072818 0.321022592937166 0.0931523239647306 0.111356860476609 -0.0267150564792814 0.0842387054329889 0.190470757062523 113255.283618543 100495.603252911 73890.7949717895 42629.2420194527 0.025526861765157
0.270425277439358 0.904834594011715 0.463305554756517 0.602205827110901 0.0490472349216687 0.197338620932161 0.522675500813877 125701.383530481 104746.722270246 76274.0516851097 58002.3491272068 0.692399911769274
0.339106791278749 0.75291496970973 0.539693159620854 0.480357740202384 0.187476476855041 0.0352303072488215 0.46621607921875 111224.483926697 109333.720482112 72869.4091869949 137068.427881042 0.342776776752144
0.259474877049159 0.903247457526436 1.01112331891003 0.237463274431219 0.0534482064882614 0.0469337165350019 0.1397558693314 63084.2293496371 53711.3512998079 76906.4757968247 40403.0043258645 0.395671604197923
0.35940428420625 0.856899919631003 0.485333110619169 0.632581302363655 0.00905158487016688 0.146501055945579 0.265516185442785 139156.054893859 116509.922800362 81879.0048354438 144962.016568104 0.333125166004999
0.419042285936706 0.675451326389341 0.445864699280279 0.456501059400688 0.153743298121484 0.194785347243423 0.226803120683214 112514.93597052 100792.409074418 73231.5480394576 71014.9535938191 0.101026227487599
0.53746150765076 0.674029159409634 0.366247910222523 0.468677372093782 0.00845441358890045 0.171999157066012 0.321942807061396 119733.662997225 107123.444004647 73044.9003509029 78916.2972543916 0.162752890415378
0.565792757180916 0.895689355578286 0.615994023334198 0.612016288313167 0.10327629569809 0.127262878693227 0.46089171921018 115987.244182335 113813.272784297 83839.7428642451 66856.9747893618 0.354879449241281
0.271486967317802 0.719850865075295 0.323027335203564 0.491359132311459 0.214552182236117 0.237088978470756 0.619622207982213 110152.533166374 109406.111089595 77829.6399460248 119653.486867019 0.308690731895203
0.450381751277936 0.829107486915671 0.767123636214576 0.405262078262137 0.0865271576292689 0.20096435275262 0.245100495752835 131422.974151856 105399.184943518 84720.1494622555 52820.519553951 0.377249534982138
0.228288356490263 0.917761614299019 0.279083567882243 0.516995906366982 0.0702987765231139 0.108851122018414 0.242108301179253 84655.3497318983 68637.50261784 81683.9402901673 54650.2513501764 0.0684492195924917
0.919284948252178 0.72434240685857 0.611563489191251 0.604369606821956 0.308045729009257 0.389590435026527 0.836293711184633 261571.442783052 214963.626838928 80304.3209378332 225217.837462908 0.845077158505159
1.51105956511222 -0.603741801082818 1.46017227505301 1.58494370026569 -1.0756796768238 0.234181045530631 1.46497966996566 97765.2155872657 70945.4013997628 93548.7264485382 188928.641356955 0.61003714779381
0.530420514877809 0.745176398356232 0.722424362113341 0.729522473186018 0.118023215464983 0.144157623625551 0.192944382253517 102258.806895799 121017.949735712 74405.5146801754 111594.851286577 0.343753767772265
0.954271740553664 0.548711087599484 0.361768936428462 0.473008325379578 0.193725164911875 0.385101126755236 0.804368558555799 113132.199819979 79176.4492890984 93368.3852500455 174268.005910692 0.612287260671005
0.971368562673138 0.433571887014285 0.655241005959353 -0.315149788445131 0.0992691542226556 0.173996007905693 1.10154513537871 119480.121687441 105254.283960523 74986.1732526483 136269.559382052 0.434465502689014
0.425835929614388 0.583348117900024 0.403759576665613 0.508668555214134 0.160369236235775 0.311914722646737 0.521418814305248 123756.93407689 94041.4048797762 86733.9194285556 123848.807568165 0.392087649984043
0.468071689236182 0.671835424753929 0.459353527708778 0.510096208576443 0.0953078584610731 -0.00317880948870394 0.390305623719075 134202.029775549 109027.117001445 77551.9680650506 77988.7070302539 0.354394345837984
0.568247283472544 0.73287736641158 0.633768301548643 0.623818275853389 -0.00703940053793559 0.100467122684397 0.148221977280128 127167.299014022 95712.3389065514 80360.8936573285 75632.336739883 0.0979439942605204
0.513199323567628 0.847954379845322 0.598766402030664 0.465614003695046 0.187638223832719 0.150836861742375 0.338647173299968 124963.332240215 117765.055656481 81211.1668293669 64755.6728900709 0.200829184947029
0.272144394150066 0.940026067442987 1.02218460607477 0.253244214769646 0.0675384788340216 0.110388094439973 0.177864760432861 96738.7858386989 81633.2186621911 77682.7144259188 49845.3333467255 -0.0275173372603561
0.469433315011154 0.902249075261476 0.377633790645022 0.427372056964037 0.0188433374038607 0.217980193014973 0.359532503531136 123825.859434597 114199.032455667 81434.9657937581 79693.7271308002 0.41784463568185
0.506596164997607 0.783898344869634 0.446605313488627 0.456056373660825 0.0958738487866339 0.163306699622237 0.416772856073637 131855.954456155 94822.0293728508 78534.6187813758 70512.8922530945 0.0841041145729944
0.497401519212128 0.629843212649855 0.965725096696081 0.392260783679921 0.0926862470992868 0.125425124841171 0.59215172370232 152080.515383234 105052.627666603 79263.0069631391 59794.5691354435 0.221676625406589
0.240043910756552 0.357867551294204 0.110453653453007 0.31301168968128 0.00746809797909523 0.121896540882425 0.26291817726894 91137.0822589846 75884.6263239573 78823.2974823322 60265.0562531602 0.0800602100757868
0.363554559101731 0.847122653795144 0.586333915081556 0.564093214687238 0.22255176169832 0.214396969678266 0.277215805119966 140379.22218485 114504.849631938 80065.2595427369 10726.8795829339 0.111645452295196
0.219868009773318 0.703972666947963 0.498053084275409 0.337575800797438 0.0980373461809342 0.0263854151347081 0.33980300695006 141362.160815254 89170.0474044591 79201.0154698461 76241.7477503882 0.11970927945955
0.340197380538442 0.749899321279198 0.33066064732608 0.538156566810318 0.0480580397084421 0.150035232629085 0.244287872534023 124100.213927589 106500.274387679 82142.450465814 58795.0237160377 0.247668926840296
0.427064640218386 0.988985548850162 -0.200328326260303 0.900218415175227 0.205960796018151 0.971692208857531 0.375333043642954 155263.308014808 100973.049326163 100002.587274688 68893.7416568189 0.343089008130614
0.498167455090378 0.823589685692055 0.316452506920711 0.413392127828442 0.090681644370829 0.200113915597627 0.475081622825083 121589.036084541 87020.8227052604 75441.8991394234 107832.939263169 0.203800246399639
0.424976006447368 0.752995460004151 0.616788125137699 0.60184734973721 0.102133764374841 0.186361300534167 0.512761070674841 131902.423744974 95154.4332654016 76801.1252442266 110639.675474746 0.178487916479659
0.724417764673408 0.919870805280371 0.874961467881781 -0.0763208549176348 1.10804643143859 0.126753752154374 1.32819590402553 113642.791122815 96840.8489271951 78099.8472213027 58152.6356901593 0.0828958369482705
0.313165418985855 0.816676790993724 0.935846569008635 0.329433957708323 0.0761795452010934 0.203441519828244 0.0760016687743467 123752.333644236 116804.923640277 75048.4565118385 70858.0100196138 0.336373389815971
0.332255180429002 0.874670916370025 0.487897964148337 0.383972406224207 0.155669154505094 0.107405882511615 0.357749880082232 129661.281658855 96646.3359341379 80596.6308730819 94828.2749816473 0.273095232789843
0.374992236796811 0.608941366088451 0.181066861724166 0.314302693132972 0.0526529186979384 0.0859201610373658 0.225810641612683 102419.658539413 92019.9871646435 81682.935637689 110654.738876863 0.790312966243063
0.343796988241066 0.594407389886766 0.60851561780095 0.386561676499665 0.038431570310111 0.0563514908381947 0.281888573371132 99724.1923263234 91566.6956847128 80728.493868558 51375.3204488851 0.397845087259991
0.283089074609623 0.641382712523403 0.542886885446417 0.358462967310623 0.0309896077280163 0.195069836081435 0.406110585945159 136550.774581915 90770.9900156441 82204.3589018207 80836.0074278901 0.230050718146803
0.995516513051286 0.547389528815987 0.327921830787434 0.468380176423555 0.213976387915004 0.359049524725543 0.784015817375434 143198.795462715 109861.536855679 85554.8107251186 140979.960143582 0.461217690008495
0.54831225427385 0.776306227708413 0.599225518054445 0.461641405975231 0.130999793468424 0.13017684106406 0.283758493384671 107986.734664707 123789.483096076 79678.4971607089 85309.3850675667 0.140294731625181
0.478000529527017 0.0797433385482119 -0.0314340480588646 0.751392188013011 0.357649176414604 -0.00165243461267415 0.633906640081482 37335.6824770106 39260.5913809924 64850.3669171344 210398.584747361 0.254486611908769
0.307922219539969 0.957573365128696 0.420244379496055 0.293483534156416 0.0551679197996628 0.151319995669432 0.449636834251988 135397.351843436 112361.606305385 80810.7487976083 62175.0834244781 0.106142741761099
0.566228572390188 0.707604329940595 0.481157226938691 0.553431487869983 0.00917636688002538 0.176318864489086 0.528656649184329 127624.486229037 103197.658105035 80358.9230656523 44010.786090856 0.0719407021438305
0.718231601026665 0.66804704132233 0.440337357217185 0.588685292304918 0.31093722593537 0.357594974987646 0.940769157096206 135019.324476335 98909.6639494209 89719.6210645152 191197.789192993 0.502101457139487
0.54459129367924 0.477549299781134 0.556805917771438 0.758629983961401 0.346439841513224 0.534156043031472 0.806382602690218 94002.7906260445 61838.7908989587 92154.2915757371 214152.455224014 0.622483799240981
0.544539565217445 0.921576012262438 0.55386339302725 0.430516580202829 0.166041425379259 0.253409014405319 0.0568725379964626 177137.833715847 105008.175888395 83228.5952370727 79518.7123508121 0.284779888848949
0.478592355367741 0.844764067180568 0.364067889976516 0.436305211183801 0.0539904393264939 0.0796808895478162 0.195239547898583 129595.159102439 80008.0923171463 79330.7431942631 88431.8402559401 0.282939553965333
0.372066691557498 0.686725599728724 0.601968198831322 0.586905649678388 0.141021362675997 0.169943371042104 0.428147963396146 115240.780921614 110028.177258892 75060.2508639756 85566.3879875444 0.246677358038321
0.457232878352023 0.884668165528004 0.375514170346291 0.397730512645439 0.0751935268677928 0.297732814123458 0.289626253878432 150079.131632303 93417.1021946611 79317.6354113016 72027.9101847997 0.222575044481525
0.396398949391849 0.776111309887776 0.470327825435248 0.4418192936907 0.169130576539907 0.122240010222544 0.412888741640046 132542.594038886 105737.879457621 80115.324905168 91019.6636664088 0.325060475097648
0.356082414580044 0.668900524878905 0.415599779574126 0.506802441040521 0.0281558367372095 0.169091908223196 0.270991830016307 96423.4183031981 100656.560667371 80125.8938429729 103290.130116398 0.238602401468034
0.403315380745423 0.750330727559423 0.458610098444037 0.456474177605661 0.0478762114560006 0.216902661509539 0.441221944388899 123751.578580694 129880.45482842 79216.9746538456 81700.3118085849 0.167039295710751
0.396978342667177 0.442468461884429 0.323293237530036 0.635453676848286 0.0258163201946105 0.0851220617321634 0.348541267572848 128871.019111254 104032.114233735 73057.7730505805 67924.841702506 0.170325328579019
0.407468154895528 0.800903166189101 0.574884171198444 0.637821623533731 0.140838182217786 0.123998164837932 0.193400916000841 150873.526227817 95973.4162707422 79007.6578248175 95706.9909213431 0.364175607096952
0.254737869729152 0.720404221532193 0.613352984414688 0.0748521443557614 0.109916835893932 0.13376224024683 0.550356773696903 139579.28367186 104759.032861749 74464.8593604911 109062.013653792 0.0194941681939858
0.455075778473801 0.704469916004137 0.378195041463351 0.299202809547734 0.0793227629393165 0.182524304400851 0.546100961794699 119059.662370906 99125.2455151931 82680.4417336017 88414.7790719086 0.196301058668271
0.576863101303441 0.493792371710472 0.30003716980102 0.455188931129728 0.113022976411786 0.236143125324731 0.481387360641348 143630.358523507 118210.030231371 79685.8542268066 120995.832145379 0.30024309644044
0.291654144989139 0.673579221635138 0.471410683828176 0.708863845672513 0.107122048825984 0.0873210490113344 0.356009366527861 139948.342323164 124190.895150876 79785.0321755333 129767.420600708 0.21466723291352
0.934817550003406 0.361332284467844 0.317057629688458 -0.13738751138736 0.0626749983999759 0.150576543042762 0.503616641726002 67623.6718530012 56758.2369541888 78164.8245103838 95159.4338028751 0.921366057697807
0.464993785670742 0.585686353378578 0.536527443218836 0.637907038061644 0.089555476357133 0.332898007952404 0.326754159381353 152155.936095258 111882.633630695 82724.3635985512 59866.1539543331 0.328294239000417
0.584863766198828 1.45120718038779 1.10314762133158 0.695558689745864 0.791111854974951 0.902738113831273 0.295794080182097 46054.6496572808 46367.4300515291 66054.3067870804 18629.0792446172 -0.308513424338926
0.344828682594157 0.714765412451569 0.490381628196544 0.500526250113888 0.0555925396467804 0.111906184145647 0.291716802950357 135691.210163148 95997.0442408953 82979.2426495069 92417.3466629968 0.225833601631313
0.447934616462605 0.7621487823674 0.59992271327143 0.592354670948688 0.0745684435140491 0.233170615109231 0.339444618626815 142869.125101003 96530.2806245263 80928.373277318 108731.067665349 0.304802918307763
0.249619587899908 0.936956800003903 1.0583992964309 0.18633251289895 0.0587688379063524 -0.0110205331695374 0.0623571484628515 72315.2894307411 64154.2700061748 74103.6764436722 27590.5956043037 0.787838621601945
1.13673004795786 0.773199102473996 0.849993407321935 -0.476178834164325 0.177733242116931 0.207348982326171 0.479401262883009 110280.396329157 91127.3927156645 81805.4971288421 205186.717046066 0.953869048776785
0.219944580422319 0.778942789276439 0.2099608242177 0.457164972160334 0.0373034486812515 0.0493553693575876 0.20974048983762 87520.5819071229 77747.17079236 73869.2512715449 74426.5798005317 1.00014750715533
0.258557257721692 0.938311167732889 0.169431111711373 0.959624464448964 0.170939121368856 0.115760160260395 0.268549324808547 91547.4964347463 75933.1902290984 79174.1470407484 59840.619857758 0.0867496789767341
0.323664302904789 0.705605604312417 0.338411906459133 0.543520520835874 0.125421477249926 0.213156915486979 0.178448286956505 131333.690074672 128320.02261935 75064.9217190864 79489.3967746926 0.309006660553384
0.0956433061808931 0.730454641861129 0.345869763060139 0.579742352406181 0.13559597383038 0.0910753399697427 0.231166794022764 122478.699201089 112620.48591673 74567.3582667701 63030.6968240857 0.270086411287404
0.274173351736878 0.94156325373912 0.39279000225873 0.398213818979625 0.228294145855507 0.196873651362162 0.324347111011871 114852.2065531 117437.297018103 76754.0327524284 110276.089506785 0.474392563923595
0.275727905170232 0.72463357497019 0.595231113379042 0.429265567460965 0.082961212573484 0.203873680216091 0.240466200194206 114879.473627075 103761.945618393 79875.8528158842 84569.0070480931 0.519999357677089
0.48493658944448 0.689816636824013 0.402121560154488 0.708737768185673 0.0651721036432924 0.144893111766634 0.463988041618848 137021.536652619 95421.0178528301 71920.0597107436 104866.040291081 0.121986085553
1.088113768233 0.0542207491990884 0.961500889289724 1.17831694417947 -0.651118972327641 1.16835410674546 1.53244332412239 251161.694638299 199428.489600593 82157.7767996911 193874.620096893 1.79061349881728
0.750121534016777 0.68753009326589 0.488793841700995 0.817986897481008 0.365822785776614 0.854011525208058 0.844843680264336 197873.866703628 161507.871013101 83021.5579642499 228910.933409551 1.09901674343563
0.339038025911206 0.857716397129943 0.401600972254635 0.277188716932918 0.0863195505424783 0.152346969788634 0.380740901705714 116928.720637435 94226.4286870808 82117.8597137334 70039.9526563482 0.246048814240095
0.210628264249083 0.754387227278846 0.566113518192069 0.405894722182197 0.0362622308197039 0.574712567284343 0.264471211316063 120549.453748946 108263.832434634 73156.444744492 36446.5601295881 0.317155153644656
0.390489262481525 0.680064096737762 0.313293917109476 0.415127648957811 0.062980542939674 0.214663546328069 0.34349562395904 118338.418194704 114469.770107814 85600.3635924402 83085.1453127716 0.252840144568768
-0.0172323222035865 0.165291639485487 0.128059846025903 0.1368785874608 -0.175730834804864 0.173501177100511 0.0648659924744885 109267.31224849 95246.4631344756 76145.4639979851 249945.470429355 -0.237012230608126
0.536430831618505 0.749034932273536 0.499516659487365 0.459191531890497 0.0743631345291265 0.15151988282192 0.460052944521577 131771.415004092 98016.4224628602 75878.318515199 64113.0617922025 0.300239462288289
0.141986636671843 0.736413494170754 0.42131897621279 0.29122437201789 0.0419796304833407 0.173550118640376 0.563875658050814 137150.552703913 79191.5380457007 77931.1626541648 54140.0580037403 0.205148875348852
0.400334858420291 0.571430439253041 0.40296625596865 0.383144031329909 0.0507490800873356 0.134776684794158 0.261095109820885 150315.234338919 100681.949598776 75329.927294103 19657.6100218348 0.163960999453916
0.483358713903121 0.817101743114755 0.387255094803561 0.38315828113843 0.0932625973386411 0.181052583165557 0.299307337920795 122393.196350431 93179.5838625351 75586.6795349434 62363.0364474183 0.204071673095723
0.368887515549308 0.614377166948958 0.211572873342471 0.352249998751876 0.176231803094758 0.116623844106783 0.208519155632493 120733.092013116 109151.822615018 72236.9340217215 61134.5499951119 0.305965917672078
0.475142911833445 0.621581504806779 0.359322244722542 0.761913295144277 0.078194870320634 0.228406059425365 0.513727002313524 113341.311110031 110844.749567348 76296.9848864206 83598.4075425701 0.311301410287036
0.955628466426529 0.935737766917931 0.898376303112649 0.318881937240346 0.291628855748785 0.426633919319982 0.875916857377034 232589.336995723 174881.200768151 87338.4502966005 192613.090170276 0.752441409014686
0.248104947341231 0.337940062956767 0.0907049503825568 0.310188417480146 0.0041799232033792 0.108701935207119 0.245412055578394 128031.132798735 112544.730513107 74590.1488805948 55972.4192300862 0.0752524842347573
0.37859044538019 0.649183325452923 0.346006296379629 0.24824473847825 0.130005896189535 0.109099531856417 0.477569739063904 149659.750385474 119312.367654761 75635.7663134353 83526.2251913735 0.339237108884148
0.410853811834766 0.765243811328908 0.276248265750592 0.337682927892702 0.0421570831111502 0.224031685299721 0.33641258976509 124987.042484343 101551.494103499 77025.5582593558 112092.921299978 0.21741060234806
0.33405620629737 0.7915783663148 0.678743374554008 0.438529647424091 0.180364985400033 0.186988273649695 0.162602673422583 154863.60125997 100495.109671307 80687.197399836 83942.9845701528 0.345862385207683
0.353338434325855 0.669469988961847 0.563103808750389 0.839901267948699 0.068005173569576 0.0408478835741908 0.267595726099881 136129.913704588 90709.9842052393 77157.1073842372 83920.1297360802 0.255641053993864
0.327600892467454 0.769488597160994 0.39277903369248 0.618267944102031 0.108460223550352 0.146603738995601 0.111675785287488 151149.573255297 97213.1144319784 81830.5266651442 32873.8897727836 0.229731586493357
0.531539885927232 0.870107969398135 0.469648142708515 0.266693753407636 0.0521146395476769 0.149316352013613 0.3190643622184 118700.788373604 106796.424344508 73302.1788400513 101350.001453155 0.33602669197596
0.753152763113729 0.627713755523826 0.350008662418051 0.552719844441986 0.260504676202493 0.353663771938185 0.754446826834256 148153.48963383 111200.402459376 87413.9295570589 192234.383285863 0.542525929249799
0.288132873106747 1.08959951116964 0.503104576734117 0.371307504815542 0.0322325300958546 0.0184670854433501 0.475780894219631 115912.292890566 108082.707955281 77904.1544980852 49172.2568431013 0.413687048456417
0.245072633373968 0.970517077833631 1.05455802022779 0.381158403078535 0.429926790026515 0.0506305197538496 1.00529649787413 57113.7743782453 48809.8292297602 77712.9427161545 42641.1574877903 0.933410906525555
0.577753515270915 0.5431538490145 0.471441194068914 0.514396507176017 0.0379727484233772 0.255115951554711 0.519961269909477 102051.184601525 98300.698243488 70401.172001315 121700.620272405 0.470194154203237
0.313349085065227 0.79116102211808 0.621543654403639 0.3819124571785 0.102890721858497 0.219284695241879 0.23286073060734 142744.77861223 106177.603330798 75887.4102208954 53632.8066185921 0.0661967493404378
0.321113717614134 0.846874440202179 0.273118554741267 0.522634483277562 0.148658310247543 0.147634724551939 0.424294253790063 122229.095475666 91561.4773536724 75529.1798379842 66917.8394973098 0.262616305023749
0.44126514640597 0.935274987063777 0.351107694012376 0.495454214750174 0.0835178337579173 0.180683108118009 0.332229453632914 114519.887023339 107021.576167515 71933.2304455071 63329.1073003871 0.400055039635574
0.297833478183543 0.79296168497012 0.21711080342376 0.479363555161197 0.00982583249200367 0.0278589363500679 0.157157699772362 56043.8384326229 49094.461903429 74827.8283946758 53251.8409976779 0.908624653421895
0.446016121782747 0.289978433539791 0.188860717108004 0.261446928687061 -0.00324638549135395 0.101140116550971 0.274620202213763 53036.823891703 46079.0634205825 75334.9318539407 65213.6613371083 0.861402448537492
0.423751061757101 0.713250620000096 -0.0250780577642581 0.399003219202347 0.18611041284261 0.0858774910603064 -0.0152822203780404 75795.4374264144 124144.965683281 75183.8927280662 21423.4713070903 0.700447179624876
0.323952553584655 0.401692372337414 0.174090014592313 0.571347122509807 0.0352746180425919 0.0246100490352313 0.286722017996274 118027.427591857 119210.376540747 73890.2140181742 106829.11930365 0.26469269814674
0.539339929779419 0.749243121094422 0.657246971520195 0.533489041331746 0.139673094915168 0.225682152970736 0.449510784226474 113105.424262133 112461.014374397 73309.7814817158 105956.149851543 0.335758174353581
0.0933620298472533 0.770334557903304 0.233774439856423 0.414290453928082 -0.0373617048112346 0.0218608463752933 0.113472963857989 70725.687316958 63838.4815938584 72732.8889633144 33128.5989342054 0.0221286717193192
0.447556943807956 0.892680930329243 0.189733315193172 0.375559868728275 0.229540840011413 0.129328115045156 -0.0826585351539871 66086.8474111036 124767.847149249 70966.1992561281 50962.3156553313 0.377679307639376
0.635196082376034 0.478685184249107 0.334958418410733 0.400396468696742 0.108161376026688 0.247574424263611 0.488972197239643 86048.5757245329 63800.0027051757 88543.1210609896 111108.755496196 0.236606743935855
0.558466088200606 0.797107088860116 0.529932492770182 0.246616223999791 0.180703866222017 0.119247207780284 -0.154434632183282 67333.2868870959 140957.61431962 74044.4621916982 31089.9574690148 0.712271949442131
0.394859747795452 0.545741387650366 0.376317754920127 0.294603772886222 0.129582299068522 0.17559093419242 0.248380191643051 142403.048187667 107692.42536912 79421.8388253657 57908.1000746472 0.238183330606845
0.3968539222589 0.788877450336743 0.187936269652397 0.587793945792593 0.150807682789469 0.132078262929216 0.260229139105611 109522.503657885 92362.8551184412 86653.2288824329 45014.5278664491 0.0433964529072428
0.413560100981454 0.822651947642658 0.560058156924855 0.570551989318787 0.132527588129996 0.129489305075111 0.442373724461726 132884.618994297 110817.50904701 73556.2433270935 47438.5014823099 0.224604704158408
0.34900727187915 0.762481206751141 0.636076856370923 0.759225269502864 0.124950354999477 0.168526432415337 0.265243110747126 104415.505571391 111453.841041314 76726.8326228544 78045.6280623699 0.324544453823063
0.446630553925636 0.711627487440196 0.199118334821657 0.538637271160032 0.0826058522866091 0.167143943707152 0.363833730895027 140502.995538217 101120.890651549 72706.3849947235 115499.723897936 0.14334236199953
0.385263364954679 0.71901482640613 0.559532333772603 0.620910307841516 0.0738306622159224 0.181742208252592 0.347838058849223 131356.529376265 102018.746652741 74119.0643731609 93370.8782972479 0.129320179158513
0.286233167555546 0.698169044278184 0.630763113130537 0.520641430654311 0.0906380381821972 0.126911572227945 0.415942072231449 126260.810690976 118294.500728651 78728.88927228 87065.5981168624 0.413600203627897
1.26894438632788 0.414226859325712 1.03472574761961 1.38283989267499 0.337455451310448 1.16460610689592 1.81110577182634 259841.914325964 206927.922243105 82437.1220448524 262055.684079147 1.8391030403716
0.840518678254284 1.28217567525294 1.46818387733213 0.950952957611277 0.941274458103331 1.05323859649847 0.95293971697636 60818.0482161456 44263.4828620663 89522.4187036344 163975.740457071 0.948210762396512
0.392465184343429 0.646826728865241 0.323193591079189 0.466683924697285 0.116092950898747 0.123983490884808 0.368589326503946 135112.757868012 97220.7504966262 78589.3073839858 103463.715817233 0.133453956974657
0.124973703474605 0.631725967367392 0.624972171625517 0.338526358964981 0.170587416103509 0.168397651897449 0.239718672773216 152257.56527612 98114.0215478772 73880.3780174806 59243.1309795907 0.439336287581161
0.405223833421593 0.675931723943095 0.501103755052744 0.384267532677939 0.0628128663705671 0.108466156574812 0.346600880304481 132941.73967557 120042.649716164 77095.9999523441 100584.849284762 0.132404592991575
0.387220050457925 0.690110645215201 0.372401716067879 0.523700910720951 0.101493478587293 0.235331269934403 0.523983930208566 104900.332422054 100249.806491655 77931.9496217413 87202.4840190624 0.0294897592843013
0.469719788760989 0.88632896376596 0.595542289999686 0.490965876173235 0.102304071211286 0.0891933421416335 0.36777309906334 105358.71167175 108576.221060969 73567.5279334261 54143.2021383766 0.0296850466837316
0.452155714491564 0.760795977570216 0.155233841317736 0.466567053012274 0.122267291657501 0.0734483119086735 0.417233244487961 144385.460594559 89310.1395615259 78351.5506348164 62685.3439352728 0.392049325366446
0.573442067603825 0.958550214324075 0.49620353898281 0.466074013992956 0.12515997467417 0.190944157659861 0.265982126373669 140235.10319167 107051.344829182 75540.2081845836 76918.5640336358 0.271542944140161
0.321690162974676 0.789973541934228 0.294767401656624 0.450108546909329 0.10119367008487 0.0926685716194459 0.429276298825954 150226.351889613 129144.928140637 80194.5557664827 86579.9803083026 0.234086099461437
0.34183338618154 0.686855676682398 0.557158654515796 0.424469628267344 0.207155009828198 0.155874516263176 0.307000137657941 150796.524657744 93563.4464754601 78125.9992337451 145400.135279702 0.0629501483664316
0.237178350253418 0.929616714447925 0.293134473035208 0.389798834776989 0.0565077643911558 0.0853959942447133 0.233819599119434 135591.804799192 120110.342436654 74072.5660558095 50386.7739546498 0.0568373971665515
0.781563700550813 0.561744539689289 0.346434383247998 0.461783845146096 0.178193534075615 0.339752759988447 0.696747032157247 157932.359732339 119934.096753782 86363.6925552095 142357.259514651 0.485223256444199
0.459032191102457 0.70114229736698 0.519951699481308 0.436101175762482 0.0383760778547138 0.102675939403054 0.429436639218808 125367.307723646 99570.0009656924 79497.6056701978 64533.6281939671 0.112613582534849
0.41783338851086 0.744751277628445 0.340479172501008 0.632401976761064 0.148376876916691 0.151999374933461 0.343050816513447 127996.785404712 105343.145526324 74423.031614585 101250.659495892 0.342502717688747
0.336154893908873 0.651498463165189 0.535564936711098 0.575374792036717 0.15584789239852 0.16107381192444 0.223201171732078 121748.926515476 122548.609020985 75548.0032804446 72428.7381457686 0.326588204797913
0.407041522272086 0.81656603481373 0.328310103355648 0.411817492163113 0.0841929933324085 0.177918124925674 0.229842988012335 113263.715265097 101777.323410303 70737.5130335769 72266.2315676529 0.317403888113529
0.351943024169964 0.997679001324567 0.715395669228604 0.430120168512801 0.0627622930459611 0.159607141228496 0.278737667905482 134053.771458912 101933.20871574 75328.7337950827 75858.1284572638 -0.0128737614968583
0.392666213837597 0.668253003854962 0.861698119381334 0.549659048071579 0.181806709528459 0.0893425403551477 0.139476392463123 120847.405769214 131339.17346647 74179.278312142 47668.0264989597 0.0169107151886758
0.739118419996715 0.496869523279471 0.360646196872345 0.44288365304888 0.111670551321564 0.320194641470814 0.779104751758983 66433.9316928359 48758.9936948857 89687.9892916074 148417.14820874 0.971896700305944
0.466086354948789 0.741721180485473 0.373906058557247 0.541884792557954 0.0942268040466646 0.162451307891723 0.361683631343803 128912.347755796 93233.4866283952 81245.0925423274 66656.0657328143 0.218885754235024
0.431355588325229 0.764127547352258 0.533857498673083 0.377551942007969 0.0718037650031712 0.205538020000185 0.394004054855814 127413.744590384 117321.347998844 75302.4244421167 58588.6901589485 0.334054129644688
0.312584000703494 0.828473237169765 0.221927669550457 0.460935461378204 0.146637674298895 0.211494914793224 0.452973117789086 106399.58546628 82143.3268917526 80672.4674519743 69936.0733706456 0.318217645766564
0.2377570098949 0.819833326198849 0.367525427328086 0.599209310831805 0.109586369959761 0.188061927297368 0.369908320535981 141669.599126741 114081.420174915 81714.5322671912 78489.2444230713 0.133249187212804
0.307182146319012 0.79627589803217 0.533269901313247 0.629709084082684 0.083758158788574 0.121027286737092 0.344766321277232 121461.960559106 123617.388922905 71122.9294571397 86241.4363086494 -0.0598794372104074
0.216569717182872 0.66555992074032 0.749155578916486 1.09052093485841 -0.0596708889021172 -0.146573298956703 -0.371516392902942 217691.198712363 177105.67829001 65431.1104326334 45872.1955493502 -0.431563290201235
0.437887206402839 0.730768347977209 0.343621073144224 0.528825816145579 0.134284499032568 0.234342159057929 0.335321472383115 139289.591526914 114124.416354989 78060.0421511012 79373.3545226617 0.17193637216994
0.268404137280178 0.716816914395891 0.446722837595621 0.476433203879351 0.0131653242159107 0.108535464262362 0.494238550528964 128400.124814343 108824.557294973 75463.9642440623 70387.2264868244 0.122025136388113
0.223460070106194 0.648410693535091 0.785202300138014 1.19756037085099 -0.0621581547171434 -0.356070354669715 -0.535126809502338 259679.539074492 254957.970277295 65058.6123727265 53052.7921049137 -0.932095862668243
0.921934750445469 0.660250762822944 0.535187607865153 0.566799875374608 0.298253880788943 0.409717695308114 0.830366115305443 173068.575611901 109022.0347804 104062.759571601 230322.186789142 0.76589168821586
0.502889270148307 0.695227097821333 0.246482954799447 0.497919889572543 -0.0260605643336503 0.200166165487274 0.427870154747933 124214.749452953 89489.0069107489 80465.875995892 105096.934842431 0.29243953792019
0.504096782454715 0.88762958197966 0.642335398089528 0.408960535783161 0.102199314418432 0.123376683176515 0.293290317691873 116470.427381132 109582.884313971 77613.2399152855 35537.0653274947 0.189246557629623
0.449286541022281 0.70955871272422 0.157240788137205 0.398650225070273 0.144854874803444 0.125957057179795 0.421924329362508 108362.046889594 98368.1698662684 82490.8524833173 75099.4296564853 -0.0771328863437877
0.222182337537983 0.85181346468355 0.62989347419624 0.722590567927177 0.075118716703045 0.197317997196091 0.270202804064192 122895.387747856 109098.748243508 79639.1426916397 74341.4426418009 0.144711793937493
0.37942935494755 0.768576341505969 0.687581102315777 0.457023323078703 0.0411821044743395 0.182521740143304 0.275021402616888 124453.040979867 92630.4670305952 79792.2534368156 68837.6232144296 0.236261716841299
0.502556869934422 0.738471788014156 0.396772286377715 0.478766437802209 0.0986529190259074 0.0951662771854386 0.463499568980321 125862.99798263 90979.7302601764 73935.4352329444 64504.173417324 0.19832123161666
0.307522916311997 0.814282065565732 0.0717240021058538 0.504938181165311 0.151176957442317 0.214231879551444 0.265910114277866 104528.370341848 95004.5945224788 78278.230989607 75717.335316334 0.167505842093646
0.324108222075193 0.685128539375343 0.862201988455991 0.309956593448491 0.0667630992643369 0.221107572646973 0.369049898941829 121689.887764476 83592.2954659523 80415.0633781755 54415.8348724006 0.349603176753689
0.296759041575295 0.970113502483371 1.09401118364212 0.338264555504379 0.144901521741916 0.0905403908481834 0.244950852719936 122581.334933639 107707.333516452 74637.4365567672 57206.759757458 0.0142635878662573
0.540000442122509 0.789002325704271 0.479668824778547 0.322821821759819 0.0958665461274366 0.0557276567905325 0.356186458528159 115391.42117154 104317.129648967 78316.6515007903 81509.4967929696 0.223152127939125
0.477738875135542 0.740242828542272 0.602050423161397 0.293926564901945 0.185856803840993 0.22058644226173 0.157198202530298 128474.616165787 103929.069987313 78783.2731774093 100032.17888613 0.0913984121726112
0.366977476987334 0.727358876180905 0.436399274889344 0.237395723144364 0.155000620337478 0.1406547621045 0.577766458515978 137340.355983969 101419.127401055 77052.706686272 82568.2990093012 0.217455487083998
0.280027688568855 0.6925522114016 0.448352613582153 0.789706540047084 0.194264760271751 0.164140304237311 0.321483513903395 118291.859290336 99275.5452845656 71501.2924316739 83718.7794961598 0.118009500251216
0.413817307327229 0.723827938360489 0.378440168026606 0.272179055443535 0.107603802421754 0.175412089324623 0.433288929373052 116699.126162887 109120.077959059 80962.6010784251 91421.6324102134 0.197627976055982
0.311866766294911 0.801516426066765 0.737905232281692 0.344623007697151 0.0249802953939154 0.18308450434319 0.227022296588203 88437.8019993118 99237.2502837685 73367.6220458672 88733.7694133695 -0.118847409588557
0.920246219879115 0.52668008618086 0.403096640169331 0.0692031813887875 0.168034535459151 0.319258755373639 0.823412829776726 142072.398585502 109799.625922393 84805.1170559409 138996.624222987 0.427455876959381
0.190758045798897 0.904835548946301 0.468869891226162 0.313593935449684 0.0564002783141558 0.093864817630434 0.363364258979348 133750.482717768 108323.498213259 77564.5722122005 90030.384394475 0.348895803104509
0.206409159145498 0.749253568666958 0.455615546584582 0.556131785293672 0.140121314542292 0.129489765014335 0.434507677915989 122035.867850044 105040.642759328 74337.2443822366 68560.1612711357 0.268659741692557
0.425885685737223 0.643997326801816 0.0773599720100412 0.494104029568696 0.111900351171123 0.110642654899834 0.428579437477753 120453.150992537 90319.9480229782 78194.0364963724 58873.4445277398 0.176153148691309
0.277062072890251 0.869922535357629 0.227289679475265 0.750963729772838 0.0327263261128615 0.1839553806017 0.397885115033447 159669.592145448 119833.091007739 79946.5760942981 137581.304105069 -0.302153145931632
0.454591406759371 0.912482448782244 1.48839714091219 0.479212900424737 -0.075943569063355 0.14812445388907 -0.0167705202960311 162389.1810833 180862.202397767 82384.7626159548 168930.812490499 -0.0116380011927403
0.355183676920072 0.546428668772752 0.648780726836881 0.549927285033043 0.0528895641216794 0.0243800680414568 0.177424408537369 145672.826978358 110309.517888086 77904.7504628822 82981.9702132091 0.42764984605006
0.0119007651652503 0.280796962964405 0.116805856837262 -0.175321879274874 -0.0528830962810726 0.0420121271968899 0.481254197756517 40406.0740431352 40525.7148028855 66934.362687245 132933.147050545 -0.0510564670421366
0.447087462050824 0.633897337836622 0.368383781136009 0.528073914659898 0.106013207669868 0.190028068454557 0.325597328322565 132691.833447903 103910.501980059 76308.0703592417 68206.2376476055 0.0363865839602773
0.209837010144277 0.26375899550162 0.139120577549749 0.21919165439081 -0.00801433970112095 0.0685801490734728 0.226078541176798 90788.2666521094 80293.3725404971 74242.0476088248 83098.2584309388 1.01309951419469
1.02178307550818 0.836624007549132 0.876429361505602 0.772690944177394 0.602003732697389 0.821188488668632 1.1641706372625 237757.365760619 139308.955908272 110763.438180006 214255.955062505 1.25708642828792
0.471512130325892 0.38278372996245 0.40275872609876 0.625795972144349 0.055658092465721 0.0394871655348802 0.390064635217855 122790.034621162 84902.7858286032 79326.2972523936 100199.085975504 0.419283885028086
0.410574251815068 0.893176020878698 0.662992132331851 0.424413316143596 0.336188649613175 0.786171322906879 0.89817514944245 139589.364882746 121849.460534806 74306.6839692001 45287.6086259065 0.152572749770365
0.71872961445754 0.910229229272226 0.398779474424576 0.70198080093652 0.92050911030712 0.218011765561174 1.02824681409915 124391.965019541 109302.441703469 74781.86504808 56804.2111261242 0.0662994828280049
0.353828456894646 0.782294442142011 0.400244904530061 0.594544020426274 0.125639477615298 0.129983001689588 0.518648692402646 134786.466626984 118392.806476879 76424.7012713549 105036.509070326 0.202649858916583
0.733543554494271 0.969535896909828 0.863737534036228 0.71719922118063 0.978315536379281 0.348722456180259 1.24724384742825 245170.400373236 154993.515196 105336.181223466 190543.629277022 0.450353495656377
0.540053677120721 0.834289813743739 0.603861809943522 0.433634290181358 0.0922904799799229 0.177237517427677 0.358834566786235 108304.742920972 125507.219143473 79862.672791435 80296.119405435 0.149457906492951
0.311515871630241 0.844838160734288 0.307618425497484 0.42623251645748 0.107585056411653 0.101507098704171 0.346979833942983 119001.194515497 96506.5563565532 74526.101641791 45228.9362119733 0.265447302869552
0.423724181284258 0.62124548666719 0.507465540463287 0.470439086637065 0.0447913929527381 0.122360029293689 0.286950133336432 122418.118505793 98378.0210834986 75956.7698955385 84659.4875717143 0.104560634586932
0.349741179775151 0.829664631936058 0.58367742165227 0.383372658701601 0.0971859581901034 0.0882474862381659 0.470599016405812 124789.375305477 89957.5493852118 78566.8846748031 42962.6038722373 0.106977672549732
0.175285724682281 0.839645762757463 0.881325287268863 0.12581713552029 -0.0149791115747486 0.0206894831195558 0.104223954545186 81423.111970379 76466.3268699167 70390.3766623067 33922.477761059 -0.0881089077249086
0.308698572523869 0.71536416273841 0.20056670743231 0.43816653971581 0.118495251888139 0.0545687582699312 0.5611688303573 143705.007095798 103753.693219738 76010.221201347 84665.3358760307 -0.0363496251076467
0.485978697809655 0.737919014539181 0.807908907937621 0.604508985835596 0.130663941211491 0.179370779769925 0.294889398911439 129991.425657533 82816.4825426289 81434.8997980675 91533.1673646097 0.164065293578913
0.547270994310621 0.543401393786573 0.904403927906878 0.487133970891267 0.0887825767748103 0.196406663534009 0.288834570946135 112255.795975153 102650.962118778 77813.0942485708 111028.484888815 0.567071325705187
-0.00116075232653245 0.152139366083792 0.0999841463706019 -0.0723062240521716 -0.0303254266496036 0.146673697605434 -0.105067401433789 62642.3489685767 47725.5858509755 87819.56064298 259706.659716683 -0.107319248171159
0.76739250031482 0.627943466562234 1.07746850059824 0.722956736937761 0.192774312127041 0.202960343541451 0.346921333856284 119193.621460127 74005.0861148524 77737.843388504 25998.7784630057 0.176429381634319
0.383586375259726 0.708891687457332 0.70947419672321 0.555202104481155 0.0784739048361001 0.054083027602253 0.255820696853296 117764.655105313 92614.5454002259 75504.3953401466 110101.899973282 0.124196854802952
0.522377222728384 0.942611807501303 0.886546835235522 0.549275328227353 0.98474731425303 0.414451878833065 1.31421597732575 65865.0163610433 53899.1236527331 80309.185961187 49579.6608353101 0.309021906044284
0.407160226547994 0.414028033487478 0.503848532462365 0.560972582294637 -0.0578581754857933 0.107367455552168 0.275301762670986 82010.9292916453 91218.2073275953 74102.5109150316 92114.1475161877 0.543552720725588
1.05363023224834 0.0121332256769401 -0.0858150938378182 0.946082543342836 -0.232423752619265 0.153181665545941 0.476662496634082 67647.4920219169 58080.7282712673 74526.1437233156 109886.859623044 0.385672988811341
0.255891034834153 0.903662252258564 0.974834229428869 0.258133282416306 0.0370276702668414 0.0444870619647449 0.202048765794879 153377.63255422 136742.755717879 73512.6928422648 43972.6892040668 0.0016172103326467
0.789877151428237 0.180714712043009 0.33618220637565 0.622715909814269 -0.200580709069416 0.047345611530389 0.359955366895911 57477.606167999 79671.2203441622 78475.2350425367 50353.5558116102 0.502928405388585
0.2259543493186 0.937212165337826 0.228440248316791 0.860548072165732 0.0912348698564931 0.0371648926004182 0.15909546563532 70774.1995537019 62123.8305050976 74894.4913545936 34407.2486033922 0.760723093883606
0.297169570452002 0.996054259148508 0.78099002454743 0.279388290169337 0.0180273019998866 0.146008313908246 0.239346349154916 138111.400240283 115266.870222079 77423.2988943325 97976.9225102601 0.208398526660546
0.827675855536029 0.855170609088972 0.946320793645436 1.13474388908384 -0.100652248511032 0.451656240672306 0.951895674553 188402.363505085 146726.280038863 85823.557012888 258547.921097766 0.960262020832858
1.03094951724122 0.544902387454981 0.415465855387405 -0.102811733757526 0.224097283342114 0.362652856884081 0.781593076118177 131656.11603716 100660.610861134 86223.2575642625 143137.950289018 0.450127785597965
0.43004141057758 0.770119467767636 0.451917724213705 0.557244646074617 0.126885073388966 0.175967658528377 0.371608310912656 111579.647076718 109162.267949143 73176.6905191597 54895.7769391944 0.263303260193192
0.562186618185165 0.991995391386213 0.663840606844507 0.877906517243127 0.270266388770915 0.267516178997106 0.573314483553629 249920.473397449 144259.900527952 117456.935128405 154534.762432581 0.36223844991113
0.619647148395208 0.909733981064196 0.281304767519211 0.70056902226773 1.0911873997034 0.073276318352308 1.14186697540739 73412.0355683031 64949.7362062486 73357.5000639981 35278.3465632783 0.800244363016953
