PE APC-H7 PE-Cy7 PerCP-Cy5.5 APC BV421 FITC FSC-A FSC-H FSC-W SSC-A AquaAmine
0.278808545679203 0.929741931387322 0.648338294209798 0.586211964639207 0.25747949413427 0.200756854486923 0.343771793321067 114651.134941274 108585.437437524 75411.9933280804 67023.8689900981 0.114384210381868
0.400559582092685 0.923241646592576 0.389348240714822 0.545710146104965 0.0974467117883252 0.162139342459396 0.310144173221068 105631.161593817 120071.867156371 72485.2155598919 50638.7355499128 0.422909414166023
0.254110343406818 0.843847575835189 0.39643177704583 0.52556109593059 0.185854222378228 0.163880675405901 0.404715902599469 120120.368142084 84680.5082122861 79832.9213976505 41213.4889401458 0.395624414177226
0.414560560532326 0.825858842327681 0.542064407713483 0.455119252479454 0.137389800130938 0.0233399658334699 0.32054027657855 158972.210887674 107777.696616068 71156.6437223954 82822.6374051758 0.190480348726711
0.257016352820647 0.816969486318698 -0.370064689192652 0.795167371574181 0.347000941129634 0.37138192807109 0.760291732215902 55571.7578892422 38355.4452871561 73540.4781071179 57446.169341633 0.86565130581151
0.304798216085092 0.439329723625956 0.10200112286282 0.337360665214185 0.0588981005101548 0.0855392851348142 0.25697071128832 133656.337413332 119514.451606752 73255.8495747305 48343.0622308624 0.0859515160199572
0.675772894298037 0.629263873201122 0.423657330463273 0.474489944934837 0.372954208184262 0.353731120655128 0.52018502490781 101209.951127806 90528.2584752432 72865.2839642254 69507.273500189 1.03270717218143
0.440879743343627 0.503064051515231 0.315466588858633 0.435732507533486 0.19879886598977 0.221424430649752 0.437206356879427 127352.452187258 108981.403880758 76156.4995840833 118156.153748886 0.315589668205952
0.791800352256147 0.794290150723804 0.925953653369271 0.634680087930032 0.37335888906676 0.417318599188788 0.963366699290116 261890.842809453 222035.979588891 77712.9463045818 180528.251843399 0.589327620577976
0.326894051051 0.966582031827489 1.08383953038937 0.394333551879236 0.154756664232939 0.141754752526834 0.291880476329927 114626.109356153 98449.0956711833 76345.5084238592 53501.0187390243 0.0791957896522384
0.462154244159052 0.949258616066857 0.9013193624897 0.365004244163889 0.171096848758877 0.0985897073504191 0.559866125331625 123164.511410075 108407.931853703 73920.6772803367 43254.3547632283 0.112269802470922
0.367636081433824 0.90747891800566 0.520145209565668 0.649511002146523 0.16040953006371 0.165936447448676 0.332099220686047 147734.019439812 125499.811652461 76654.7384295941 86864.4794539515 0.38382868523753
0.577330110712842 0.962990080858636 1.0806032758562 0.414664207528998 0.161968336012162 0.189130298159111 0.34007748755897 132851.32651822 111876.323275308 77728.1593996922 65072.8649165489 0.537774973343548
0.363500508115881 0.766782996922401 0.549768274833955 0.491158988358178 0.141713628989815 0.146269408306685 0.205030661602489 111023.092505894 124190.979914503 73217.3766636097 43258.2088392437 0.26502295184285
0.544030309846824 0.813199364034392 0.39562958034177 0.423459323891427 0.158558871211515 0.183736581576785 0.306956579432125 113769.860134637 94202.8926400677 74281.3805505222 70538.0117473408 0.29979035356256
0.393850998004495 0.976701158996269 0.803932951622943 0.430167317488572 0.339165424244121 0.262206713870854 0.386807559329589 113104.811121926 94584.0175662047 79120.2496633416 86521.6115500806 0.164869842616074
0.240932208871837 0.829509618062809 0.386536445959435 0.582231416584594 0.137365956513093 0.21012258415417 0.359725275398605 142907.458831492 89980.4583638533 72347.6947107777 60829.5687400735 0.377570543751933
0.451336073064752 0.993787646457681 0.605578582275669 0.830966949644722 0.265926089712516 0.31723081133058 0.424124563540294 176662.854327708 103347.035705587 114052.437395965 133698.193470428 1.00245739619323
0.319610529204277 0.935469921103807 0.313524526063928 0.649208392814547 0.116153911151746 0.0909247840172763 0.225589705119827 112844.311072338 89565.6949623249 83090.0027601601 45203.376170981 0.0811208205709065
0.638908766344024 0.925686459531806 0.663362698527155 0.899779411601561 0.28950256233227 0.293157143175901 0.813071148185199 144626.524815897 110965.595985162 88356.1573489936 105745.40950265 0.802988088353081
0.286271448160375 0.875457187476286 1.02102706544399 -0.0216317525405055 0.137424765943177 -0.0183553080099308 0.140358192603632 76651.9076175864 69054.9049630655 72701.6256473903 32155.7047547551 0.861786189627232
0.454686439239746 0.848784594949358 0.500286927351067 0.584052069918886 0.173634703062368 0.215478707354669 0.254041605766434 137211.297540202 113369.90252274 75829.157160092 64945.3032185258 0.320436074265378
0.440641297693056 0.965743132809122 1.07932420829107 0.474900041781688 0.228403464149751 0.30484751015507 0.400988098307404 157234.768517937 101541.703378755 100784.148110866 140403.631320412 0.991470074233512
1.45705808360434 0.411905386497354 -0.815112223442873 1.30531797929356 -0.385271807770787 0.483710486874561 0.96606579017621 256434.108365178 253844.661193653 65922.2945653101 246069.587332317 0.668090759185195
1.3899073671668 -0.0299434634518919 0.667637720446933 1.13833685152326 -0.310909905062865 0.311414699078645 0.980917233670132 183986.323152746 147207.875617284 82274.8040792914 136662.692528103 0.338212389612818
1.12791576373466 0.901452681455996 0.938155127618234 0.150901871568163 0.342281316639631 0.330379234253004 0.958405108085927 157539.547209904 128664.577072352 80728.3163000085 117088.231738931 0.391732357283253
0.265277698252788 0.791564688006209 0.568562452833894 0.410735736825137 0.184347446996495 0.156450706673868 0.271666386873534 129128.428831966 119702.377337021 75261.310192361 55505.4509270511 0.249150255953544
0.380861493220996 0.873642485296195 0.255498147963521 0.368225473791205 0.176475177276686 0.244236410067276 0.393934547719203 162876.138307411 118657.946762285 77281.8613116429 33777.7061738122 0.317709359207442
1.34830695268965 -0.541364551297335 -0.801976961909804 1.16681149284735 -0.370316197120743 0.26533569903846 1.00450037575386 79150.0990137871 60050.9862730604 82749.3261237704 106461.174158259 0.79054925564748
0.35346643068156 0.933536894031613 0.405782403763079 0.835842196772902 0.25873159772159 0.446636015095096 0.348176492423021 89580.4174635309 74751.4847142326 78929.0235052971 93334.9159779775 0.861490159950044
-0.281899410182802 -0.199092669085793 0.437167502793382 0.0912639708170144 0.811948939295377 0.397183116713713 0.0633107812730595 251731.711302598 250793.3482152 67212.5180463951 244855.420117997 0.250703391441965
0.256318384021061 0.708626704539042 0.522213729774808 0.597005839058717 0.209255338653658 0.172409360597152 0.196019690470891 89837.5771478211 93553.7073875362 74170.9001735964 68961.4821787442 0.202452891218828
0.354418772000549 0.818490909513227 -0.0138010689078051 0.554578842247784 0.171234591729739 0.553230002938105 0.288147168864316 105875.394300425 89982.1679100736 73862.7804821673 142204.112613143 1.09964675415889
0.295824916433048 0.93230987046641 0.145040988426832 0.917695928887427 0.155480575240597 0.0894375947752259 0.26717690827203 128793.97137008 115405.175378368 73177.8292377832 44612.5486011595 0.0588085779695171
0.683194097513459 0.894250804964109 0.865184597837067 0.594023378348011 0.344329600509282 0.376279062485477 0.813553686879142 152547.053299747 81886.6516312358 121329.821897785 157514.747336601 1.09433761404655
0.26918895217678 0.929763232815148 0.336369132384524 0.449666411376436 0.168831352748305 0.08965185152103 0.327973550288084 146592.290035876 95115.2815286971 73533.4652010323 68877.7778979596 0.326059227803814
0.534628470841022 0.943726532009627 0.145389695957635 0.944263725361834 0.187414361649863 0.152129145801544 0.32070154190386 130327.479207629 113490.415104808 75260.7661404106 52964.4710537583 0.407199459446863
0.402940580913803 1.04583654686135 0.588761647391635 0.981325734998364 0.313346627869251 0.251105761068387 0.358445529200952 72526.5354652292 41191.7466118605 94503.7090209147 48893.3589596269 0.214833540137729
0.260359673886067 0.39941615514949 0.285233293273357 0.353544020212269 0.351495111683179 0.477025876193483 0.104178292650896 85042.5791784694 71150.8145028462 76271.9955627561 124511.019716146 0.173942850551624
0.251819447705353 0.810879950023353 0.362744954621321 0.582847326706532 0.189045462666553 0.163885044873005 0.51975369970881 122950.265372733 86075.8066516358 74135.0011269633 23379.5033122301 0.326268902422053
0.359204827247875 0.899800299677554 0.571212268166028 0.373362055548258 0.246884072500417 0.156516343014176 0.234164963949795 139320.926536571 136054.26301544 77110.5817203014 54923.2787059298 0.313229255264884
0.382457098365718 0.69038607151565 0.723704784360944 0.573447149170853 0.12958741859771 -0.0766143396959768 0.390445878176202 132766.945559175 92134.3267806152 77150.5761783229 54339.4173933929 0.195293926339769
0.674056000012306 0.759175816906396 0.563783505841518 0.556982765810446 0.321869043485213 0.345681653549977 1.06897072441488 218032.603973061 175035.733257915 81614.2029519321 152945.57934083 0.484652490730407
0.524743140349532 0.435968031208443 0.481542769892888 0.562584169387929 0.378941602139405 0.302708093624663 0.397085493635885 216499.675584732 77618.903275164 177303.434915127 218093.974576141 0.375407095196742
0.265879852957942 0.95065151253866 1.13725255539518 0.358758029296232 0.147064243071645 0.131386288300218 0.236919927513275 82526.7092573994 73683.6840849058 73477.2221139486 38438.7181843546 0.90912820072911
0.285897142849316 0.76220973263933 0.729694536256437 0.578151734168969 0.134348506146583 0.199798380855267 0.386064125762033 126839.63744601 102759.024046495 74826.7480574503 52627.3116284776 0.360168068880232
0.386938923708316 0.969122677811171 0.475582948819576 0.612470197614038 0.143743541944934 0.0425192105285344 0.392384339776775 114952.735184578 109742.126013838 77665.299358126 35647.5358283696 0.119464619754841
0.406607163692252 0.959838061129203 0.647967388785014 0.666949342635059 0.196651820868546 0.111191454223407 0.189775767535497 137122.39094831 120323.71691556 75697.8480284052 40259.6813654158 0.0582628986640031
0.285597186397992 0.944815216447116 0.386511945084195 0.420697100939753 0.159017902740364 0.118185325128767 0.374835369486985 151815.07258698 101523.940751621 74817.6198104648 64374.3888248522 0.412331471062868
0.564907226243106 0.483523697486741 0.0704068873156119 0.344860723104136 0.111197203659689 0.14827560133469 0.389129500179685 131554.710796398 115458.321744276 74671.8078623251 57404.1461164605 0.365860885568732
0.30448993080044 0.941229113782398 0.236157678506743 0.852959862924843 0.162076261323171 0.108288160825571 0.261348329077993 105275.836092166 90648.1129581418 75942.5001034428 45928.5811886399 0.0608138745683675
0.382519194712076 0.783881763974452 0.315157776167087 0.551723067291258 0.173874512159913 0.127749057636138 0.323272820575306 128476.497041137 108833.529173316 73428.5246254093 77946.1926558943 0.469427470740794
0.283238224611776 0.955248948635519 0.251615877405712 0.904955812189829 0.187424264222304 0.130017545732322 0.259126734826127 81585.3352885705 72458.5693890186 73902.9403381827 39988.3063541704 0.505428390020658
0.0357245485485061 0.900560068686146 0.808900405282175 0.541333702748979 0.565535202814647 1.28489931339177 0.45436300413492 54198.5458813215 48576.9696061302 72541.3288032347 178832.660923921 1.51109127829337
0.621082823525425 0.658915792979141 0.586860703646099 0.569263127063017 0.12512901378408 0.104400621942073 0.839029157386494 112607.610337763 100395.17220685 74670.9332097442 43761.9641026641 0.291511473942554
0.399121895081325 0.582689931528512 0.568837110389236 0.382418201665469 0.0358923678704966 0.176368445326717 0.317162996609841 119986.640696026 136630.708152101 69751.1698448608 95334.4662075357 0.37970526800875
0.143131745382681 0.728486925113622 0.455495048995147 0.488635109057157 0.114367438215927 0.0642051269999778 0.447473704522517 133089.310143773 118969.426866218 75075.0900009959 78003.354281619 0.210244561933195
0.133639926567209 -0.0112613478954173 0.0219787286022569 0.108311013940601 0.105625281609549 -0.0162953619586169 -0.0337970682050866 72546.7466611121 50278.9063465284 88393.4238895488 241664.987843576 -0.105841143438459
0.660971987347402 0.547082774480994 0.203154366176896 0.400119130966144 0.106776694027099 0.15966733219364 0.305611061087574 136071.78058835 117622.890214496 75692.5536834497 72662.0779351954 0.167470707140239
0.36006109063367 0.893169059396479 0.642052919884262 0.520164819701775 0.100164375662985 0.202461670875278 0.431895490744959 142218.566765433 117426.390031092 75952.2708716505 92988.6783025307 0.185794462876668
0.0600748274115592 -0.313238026316677 0.320736921903693 0.440021797147944 0.652233892405597 0.046566295685148 0.236765321228179 148354.984625698 82291.4286443057 117791.999888391 242237.646872833 -0.140553172988374
0.388328418376338 0.829137796621033 0.685454005394774 0.462043152248441 0.0955981189218691 0.135606826783916 0.248285168185177 145731.189481037 111187.404500498 73708.3288329263 56000.4750377117 0.448365888589519
0.47916130240244 0.734683409222608 0.531993261545953 0.623966367139158 0.160282732088673 0.146821169456342 0.16825039586298 128343.411648443 112218.647695007 78295.8170157469 44927.6996184454 0.398127312313298
0.442763157333678 0.851915828149587 0.457820211895525 0.660336092625515 0.247807976639568 0.2375213068883 0.372923232772498 134798.223063766 79733.3109639248 71309.3518963855 75217.6575690501 -0.209856048978318
0.306194351908498 0.983061591652691 0.687575148776653 0.999654411181861 0.144585845905161 0.179404557283058 0.891080096294709 152135.790737548 124987.629718242 79061.0871507067 64063.8003416089 0.579545959216113
1.0888091080762 0.441416756882347 0.573239390583023 -0.0738265889158135 0.113524613821107 0.290927058260071 0.454127712378887 69108.743257165 58610.9187325236 77484.4820319031 97077.0218843891 0.97665246381192
0.91571104468572 0.400082494799394 0.361005341210815 -0.144610608591544 -0.0480831570798966 0.0213992828831837 0.240133600448715 94906.7532769016 85311.4181127722 72124.9462878714 40089.7293255847 0.94634159725787
0.37449254039867 0.892909358304914 0.817321079002433 0.550238158979784 0.149952930035677 0.0965941606851329 0.187989370005289 155368.00261833 93971.0763008326 77105.2167685458 94113.320150647 0.114543606881882
0.293057988588416 0.926570918099498 1.05504031930162 0.000256023390996839 0.122089098187616 0.0859093805975632 0.245810152150338 116913.176969969 104418.998048562 73404.4796617298 40580.6285299524 0.0265090445068632
0.654995438769007 0.92476219715579 0.77418099186571 0.784410978086798 0.316864335342889 0.38711969079973 0.813453813542598 260458.95473342 184066.333865512 95555.9108970009 189764.67009933 0.705447994002883
0.411761519597558 1.01328729440104 0.568037582234807 0.501268844080345 0.139849368462445 0.0971079884258697 0.356104648219004 138761.098835473 108543.606322372 74462.0789575744 57790.869533941 0.235339642264187
0.276125899392781 0.914558304008449 0.846958023203844 0.64979518301278 0.103866190387416 0.167851981124669 0.313608454918636 126968.538965642 100050.226978254 75239.8462706318 85671.4925716593 0.415367371665041
0.291135798577626 0.772401997552442 1.02775657310771 0.42312949522565 0.0854480058365714 0.086518470878028 0.318537431212376 124844.048412212 114049.796373066 73433.0831326129 93230.9938307053 0.0685630535177377
0.344713087697698 0.897910116579208 0.619609424776205 0.409511006657356 0.111179804404762 0.156256741424679 0.369140429183137 112004.993972377 122815.609107023 73950.0211809409 71818.4050583632 0.139897776156219
0.636075360624573 0.656044298777998 0.343360216651003 0.489194453941773 0.164940488854585 0.247233987167005 0.387091269762269 118949.637944553 95806.13514534 81194.5390803093 109708.908676451 0.685996140774693
0.312968486062005 0.749068526289267 0.668648487889716 0.460998684559874 0.116508554498057 0.240056775445918 0.447211152407825 135534.600905837 90599.81218096 76452.8998852446 48030.7877097604 0.423931005614638
0.326240243685566 0.927845083077619 1.02835122051111 0.429815397846109 0.132626981728032 0.398421009469237 0.405837309869656 134779.098450536 120107.060997059 74648.7084979238 114528.083533579 0.162088894313332
0.329029859974706 0.88766408522303 0.451249233091543 0.562640479119809 0.106869890689094 0.114326873769274 0.272528168497888 121311.127682279 96610.2743519868 75232.214674148 74532.4617182141 0.211319840755874
0.301117152619664 0.945597138757983 1.05732824784836 0.358954662388287 0.125289880707321 0.101714282956781 0.260696565035193 123843.227306517 110600.153635589 73392.4478440052 42857.4151346779 0.0485086611555026
0.354072392336581 0.799971698216327 0.58682075091561 0.501904865762469 0.13082754390358 0.160816208008433 0.349364099216614 104109.121345572 124045.754429158 72295.0693985451 66217.8102014143 0.49220418075383
0.664708451223033 0.705086306967982 0.912905950962326 0.542786284574942 0.260678412559089 0.358170322177038 0.945223918457205 199464.974042795 148906.021548939 87575.0692180318 169465.681349028 0.455340615176851
0.71510752484395 0.798663877580094 0.472335756366799 0.429951873506444 -0.0256896622496732 0.114873459220068 0.353845967619141 127347.931271336 113540.570904307 72541.3253165632 51315.74626513 0.149989842408599
0.244209685606553 0.658904250182498 0.185619390064642 0.18448133394401 0.0817720016838712 0.0600859513470685 0.153108450311467 75214.3355986018 69209.3318056013 71271.9840852414 31079.1846726606 -0.0420596179713394
0.496310523397014 0.67439151906256 0.773884778137958 0.663184724997271 0.114247116257757 0.180959548018462 0.520330382423208 121451.250868628 134078.098238615 75995.0639972245 87675.460668537 0.422285576370504
0.328217752801227 0.998126156914581 0.484761361485812 0.969113662710409 0.28558313733404 0.181893889298308 0.327680084577312 128752.567567721 115594.70504232 73018.1419338909 33428.8735282043 0.125463280034359
0.455936193567733 0.810382453731144 0.626383856060644 0.521215004885886 0.0700214966972941 0.156501839073223 0.281049803943873 143869.366056749 106098.860709383 75293.3950431386 60099.4132790824 0.306830358976997
0.415707217613762 0.804457102301552 0.301219141313885 0.634305625142287 0.139863760674753 0.137671745713879 0.329301189001629 156420.50238316 98945.1485703925 77072.2968044997 61253.3637678836 0.176698053738486
0.377866686787282 0.863372897143038 0.884570506497174 0.518092786158254 0.093603759347316 0.127067688731613 0.365996203115918 135599.613551039 109866.429690649 73753.1795649752 62315.9377062446 0.0386716668576621
0.348790174491941 0.928356444602998 0.966992871804159 0.627226130799881 0.0883639095795348 0.11223561986069 0.269892756773498 95973.0590285086 117784.625081279 75022.5851566137 29840.6554230518 0.271456188312861
0.873290320425802 0.946193204712496 0.844901140131941 0.520292205602445 0.384646545576552 0.286562601548618 0.735168666749796 164636.804814444 137811.617676817 77563.5051631064 92797.3264507985 0.258067604299559
0.430073386717409 0.79740214181172 0.00159016111091691 0.701821805274286 0.140578307049296 0.230921407337048 0.273604866452568 107270.982875443 133278.984488331 72628.5427900932 94902.9205726343 0.438213156102398
0.36883672079452 0.805517076691401 0.534790116603294 0.642047643942697 0.142139541135631 0.129043645738613 0.470165885111318 116759.299181801 108681.68272308 76779.6284539366 55425.8848016328 0.266231060061687
0.377886284759324 0.194876332146945 1.21495948019981 0.320231132937541 0.112920741547456 0.16417517271707 0.294613860114971 141353.817160149 120330.679692471 76321.5231165792 54635.5624973021 0.228957862900627
0.475601777755866 0.785481451142276 0.802062255231347 0.479049810518416 0.0632777233661328 0.219567800939889 0.42268435082068 139004.21908097 94053.1963962856 76476.091539302 67384.7090387003 0.199324807236096
0.406064167170262 0.803550291033653 0.687186621393413 0.505789018180254 0.136966670825405 0.209205907497768 0.223547970285859 132605.071581958 106124.972840346 73106.7749760468 62375.4222323459 0.367101831205032
0.275913303329482 1.11955579068755 0.507976639462024 0.622307762367747 0.214436807738575 0.103562024944829 0.163658456611373 94877.5396553228 126750.567100407 78125.3705881391 10263.1927024108 0.330430055714041
0.56274952242012 0.819787988812236 0.200213421518096 0.51673583609803 0.267885744718873 0.022355864683477 0.475426937976729 129109.379656419 94199.9696473688 71121.0201535924 37416.5023756768 0.195837005750821
0.158937389954293 0.803921594988742 0.648824685460809 0.368465283265317 0.199157336382309 0.0974538319438617 0.35941618123054 130450.2279388 127162.805513897 69652.3518046564 74288.5568267562 0.130123683683614
0.367208740714108 0.956562491096365 0.763057600431901 0.579370927523972 0.132498299918214 0.164826948397349 0.362874968871222 112182.155375716 100701.886941658 73413.3354491292 66105.9023548972 0.32133232426919
0.499686516525996 0.808400338107113 0.660450935556695 0.557555422587976 0.151682110209036 0.102787419576883 0.304308979336757 122152.158604848 131708.002039383 76429.9258322082 53545.1059784519 0.31151653043329
0.597406730474076 0.763843088260637 0.87755275055844 0.496152519373113 0.245790984956006 0.357362362788896 0.919639261619282 105977.367048374 81948.0041792514 85147.6250593996 144021.866463323 0.588760143473991
0.576035034053173 0.842877565570107 0.677493118997717 0.614500664327388 0.503971705163003 0.644031941898357 0.743735984744416 133527.296032665 95598.4638340377 91821.9222047546 147266.244963916 0.797253107819021
0.375739772534117 0.812126371569831 0.621643076975224 0.469777890391687 0.134789894526117 0.153024406832412 0.293218354000544 134539.14376899 110200.50868681 73117.2683120604 53505.2733939001 0.452625195973239
0.360408984434395 0.766995455128463 0.604683091674723 0.539202773437045 0.220060280031287 0.109250326469991 0.17308991060566 116135.914840002 105409.004372843 76899.5778646009 68542.3446951745 0.272472243423591
0.542781315143635 0.826808159044242 0.418687116474392 0.629157057157852 0.096533066759604 0.197162104158857 0.313684897910887 132951.112760275 92452.5498672614 73437.6527891334 76466.8603957921 -0.0511394442548636
0.428713620284513 0.728920067937044 0.867396776913898 0.526908567919591 0.132261619842079 0.138912564123154 0.220192887955066 133929.889460822 92232.1554951524 74981.6885452486 59953.2227574662 0.241628257079403
0.369937750993557 1.01178316832624 0.802348551691349 0.653121258795957 0.251650253330844 0.206657107198888 0.315685824269236 135242.484789253 122958.665566295 77621.1053437256 42380.9149227729 0.0487956127169411
0.381614553049403 0.822720382403357 0.467006982105139 0.55259481686722 0.11549907322384 0.0894632676619758 0.366802958161341 104122.099534788 117279.624740773 73453.7716188191 48584.0465234193 0.366333396492668
0.347764960170104 0.802413428122311 0.703552511647346 0.536687291365556 0.137227040706907 0.16727234676393 0.390726371684197 123582.128015338 105106.846784242 73439.964287047 72117.4176216763 0.16207549162042
0.29066204651553 0.917266597242694 0.288168233173088 0.437956322534253 0.108162784901578 0.082238226621063 0.265220117147257 131213.773132691 117693.653707363 73091.9820578404 42920.2963246282 0.0651077463307034
0.552746375628805 0.859737351794609 0.446097611119938 0.521544896985903 0.203612533573418 0.128426475405407 0.48357340945483 107467.103718696 100119.936181657 70903.936931343 71019.3356282243 0.385130493750435
0.34245631169436 0.714588949176219 0.588648249709635 0.607727826985139 0.24156164237528 0.0687565864193361 0.285630305494684 129628.436676854 95074.6002532606 74388.6388799607 57740.6164325698 0.13795585076781
0.322046038264429 0.857328015179978 0.308862861481488 0.629274944026866 0.187769203995223 0.129460143662627 0.338062541369812 155568.416644921 109488.232565536 79224.3401556835 62603.1146837709 0.138379892641827
0.498642336544216 0.706721765323878 0.698295313370039 0.544141609174432 0.204311049563109 0.293799634457663 0.476784462563464 211826.561849576 171442.906413662 80942.1194753236 139753.305796651 0.40546294661265
0.296624787495547 0.840790566237947 0.360808837732928 0.501319468283779 0.0852970351141986 0.161622402573525 0.358212859663815 134302.352868463 104802.219065912 76539.0561551534 49636.2859275121 0.386399367453437
0.782546506720566 0.673672409436626 0.594901804504051 0.536097284713806 0.23590437082007 0.366920626383744 0.512341188997226 119764.958814116 80977.7839294127 96914.0132745024 157555.449451029 1.0827371589818
0.277845973195633 0.800347819198302 0.644247824931954 0.406901769546873 0.134400697942679 0.0563415719828429 0.403710624042401 136197.942171729 125455.755313346 77552.2069950692 57295.11763002 0.358712270128087
0.312289456810538 0.795743676059634 0.655491987814773 0.629953414354062 0.147747505357348 0.175655116561906 0.328908039265792 114921.960931413 116418.735064729 76523.8890452913 68730.5697845132 0.356833828065732
0.572586206668602 0.846483544498228 0.287523749136605 0.446376504215466 0.0529320708701984 0.253453577425265 0.705089016765515 188863.532758875 133212.048092176 74420.0408065252 62082.2630521664 0.0354590761891762
0.431420927756306 0.33299086527313 0.93012509424446 0.404532478701204 0.187189722274006 0.211235427793971 0.71414115864099 224894.374609403 183268.438290032 80498.7021270011 116256.324701147 0.319236774774471
0.289428162255208 0.936632046122841 1.06020036994051 0.330075240760046 0.143607554039853 0.130288129359795 0.23245707028669 78953.3829551862 70714.2509316199 73202.3347480002 37611.1186632824 0.290035080524288
1.47883445065929 -0.736079628285415 -0.325213440043493 1.34926002315275 -0.549881705777556 0.397976314780972 1.04337726688189 238490.484180168 179226.950670836 86455.9701917657 204772.243239817 0.569414358290633
0.383387731242595 0.740909420672224 0.347899295803368 0.422850398031703 0.152970226060482 0.12845220324318 0.305003553599305 129308.920753999 88476.1292713977 79218.2281225572 68221.7202500265 0.272334865783831
0.410429225607069 0.645220160693105 0.71391509185107 0.325800468936696 0.129643248703537 0.120947880793963 0.373839381935414 124118.422646805 127115.718773062 72640.6768793679 67669.6457690874 0.48472677206955
0.35880779886953 0.84748429376315 0.805006894703032 0.556102134978213 0.170196506846376 0.125188564689019 0.326534672985484 114044.227465428 110081.33641579 77451.0698994526 35865.7111897994 0.2300801892934
0.391817508984414 0.707563303626922 0.601888474978195 0.551163420600919 0.184253391262756 0.196359499065542 0.422135163981519 131083.253642416 92624.5851959172 73483.9842354273 86384.6395422788 0.188751705990887
0.755535766357565 0.380077388254735 0.557487804494927 0.481665620731192 0.141842010588855 0.327910442161041 0.475282353529543 111893.050609205 95460.8086777163 76734.0615395921 130571.193618101 1.08003473592968
0.413927771072171 0.839358744367597 0.588019439180563 0.556806159811159 0.198405904644236 0.206681926503654 0.339120425887421 119962.824503989 108871.565212472 77370.9518556298 72717.6241867991 0.260405677622819
0.485555476684325 0.739484189888749 0.785452864358048 0.780525528938792 0.191438589781028 0.185693234506866 0.320356030737609 98806.4430058075 143919.917005678 76477.7332704444 63109.5795997088 0.261004081180934
0.402695312010426 0.863061446669815 0.177728480216553 0.641507231006037 0.182970658273886 0.175494382865771 0.401543739956017 134002.341205249 125288.197735661 74742.9033379096 46177.4942251374 0.258592367938467
0.287489850589954 0.317560356752059 0.189324686091203 0.339633719560989 0.113632199971885 0.473588032459828 0.292852579798516 62999.2169337323 54201.9328252845 76068.4188352722 150643.647902445 0.588120607147366
0.417781754920369 0.827955944668294 0.777771123858427 0.516439616997901 0.115755920125545 0.250768852282083 0.361653222762106 124980.559949297 105490.906717578 76625.2057018634 63620.9522332153 0.501452716639767
0.294847446276515 0.938585279212663 0.968085012011835 0.45031197142914 0.196246591961784 0.78167699647452 0.27300546225735 103693.907581139 92326.8302128491 73595.2915457424 50252.7440956722 0.462181627086661
0.351678107602697 0.904959049866968 0.622687330321285 0.470735538618299 0.063762451747916 0.0522429535299366 0.445001627846915 157341.138934857 128598.866908165 73910.9537105898 58593.9783569717 0.191107975356436
0.33335165343151 0.819087161795331 0.442206933722658 0.745930515680344 0.134589266635413 0.178807326833844 0.332268943209258 123652.337480271 121156.578014854 75252.0927432724 67083.3790802696 0.0961112413989197
0.497334922086089 0.874961218814481 0.295948903421809 0.635941076569952 0.174100339719261 0.0590378644711205 0.401279190117131 137515.946339337 109141.951440052 77133.5417762764 85192.3691953429 0.239879265070089
0.311314147255179 0.704925203150939 0.695633268332995 0.509503102350778 0.182142900231786 0.236065178349814 0.411021117650428 117112.804577344 98459.3755588328 77278.1162830587 78358.7083447893 0.442343049737195
0.446360251667726 0.799385941131559 0.770569420298801 0.635599038662416 0.200740510532841 0.143539885074576 0.30054759422171 115941.9203204 113999.716558046 76697.1133272525 37693.1268177019 0.448426481398373
0.334871047038598 0.911787365310621 0.599178554367566 0.48599600701628 0.185125943821946 0.149989137876053 0.339608699740522 127455.262358852 87206.2227053105 73648.7635396297 70445.2273645395 0.339020018541192
0.424840297032563 0.781722165556183 0.637715402813846 0.618709661188307 0.181922654173446 0.155425823814863 0.403202676240481 118997.546906172 133319.292739791 74044.0516389649 74502.3698093505 0.449503256250053
0.533833191402122 0.926765584115779 0.488956638171945 0.658974583186151 0.0956037159474979 0.0374337766068787 0.329696413716965 79701.5031814479 119042.793743093 77250.883070289 95510.5277885166 0.379754188408706
0.826873340569567 0.962240824784919 0.963001150069854 0.801633771542871 0.484321505813545 0.664983167037536 0.884864001747982 261759.151466299 208919.711503473 83908.9362386206 260808.954270335 1.16249848581949
0.318211254461261 0.55065590447108 0.164361859461821 0.338442991491881 0.0850673281667097 0.11697091497519 0.292093451303342 129038.859289589 110810.204893332 76172.2191588761 63234.8509180666 0.109092883705622
-0.959889199613334 -0.715914161239134 -0.339058109651497 0.684724808724673 0.701165715100791 -1.09792861408887 -0.27171827773679 257893.991307702 249103.851433018 67059.2803777999 256951.162055227 0.509706824133508
0.354435145882216 0.923359281130643 0.776481640310243 0.500286318349273 0.191414078049557 0.211777865009934 0.36267255414968 166997.393525502 122981.04613485 74622.6673824436 25056.8081814463 0.481450136524356
0.305702633507992 0.795525592192451 0.170849011260633 0.601738220804046 0.143481035755779 0.093342045219938 0.313533149879766 114499.45303551 134996.455519169 75226.8593741981 13035.170625762 0.149695186488459
0.356613987533395 0.925859079308164 0.68640644972242 0.550974836422823 0.139931009524857 0.144384444675982 0.229521360318029 130605.14543298 114003.536301906 73133.0705921393 45002.2066172966 0.313538295757975
0.828450820371579 0.273293344168063 0.411290437987689 0.850671128399462 0.392251684748007 0.562398246908912 0.816001373856616 51822.7297640956 45672.4603178187 70079.7168935821 230356.185756311 0.858903378033436
0.335511964223014 0.785794824902147 0.530888227642434 0.534751293639658 0.150799994782315 0.21581094180395 0.275057583670816 137157.62966309 122964.592369873 74155.6150550532 71395.6352047987 0.0131839264748525
0.788193365593567 0.862382036884951 0.914203576502486 0.612532658844524 0.416745607928114 0.429668558837122 0.930207988858005 216229.869777601 153845.696711327 92379.6669393176 186890.99684042 0.849285613228004
0.754908765183522 0.904882219244096 0.213711607038655 0.843046654443836 0.953038407245532 0.175301499897116 0.824608932139509 134192.706824717 119812.095259127 73435.9349866328 46007.9129743522 0.0970099168299765
0.329454845085743 0.682973632181545 0.577236301381793 0.454299666948589 0.15527177499627 0.197585543831701 0.433855034728398 125899.912786974 117638.397576297 74873.7148835066 65535.5033726072 0.465374899750064
0.376377148896209 0.792383227969137 0.602837811767799 0.60688512688073 0.113629609726064 0.308758240252193 0.419718049103148 101010.16109664 106668.572560564 73483.0710943081 62223.8509471925 -0.0289732740510586
0.345596930446614 0.87718978918006 0.574196889548488 0.467932927390836 0.101910544830629 0.173861477948267 0.386496392986203 139752.32826168 110814.994136862 76463.793906403 84520.8889350662 0.242063577798443
0.317671196286598 0.689722781696655 0.706704541990963 0.658560185465535 0.107682328555037 0.138275746689864 0.346354463719217 119221.867588281 96853.5028853739 75012.1287225796 90793.9461284583 0.305014265161401
0.349999225244584 0.854098873839304 0.449694067783018 0.423483669711485 0.160922818281985 0.175354321281366 0.442648646628215 126798.553319272 112654.520901908 74404.185662182 71621.5872970683 0.287267526490321
0.269922567716617 0.972841618426502 0.387902309678224 0.429963683880866 0.156783236992546 0.156054045303918 0.246473913310034 79360.5383114714 70661.5310837474 73704.4805609238 40364.7419917061 0.921805631324731
0.670346249272866 0.39037388383389 0.410399477118799 0.338524686370127 0.0887633048513916 0.228412509323502 0.355212344077061 53133.6034529298 46235.8875581761 75237.8969697942 76871.9195827155 0.913610130385104
0.487197142053464 0.75443285324964 0.60345673291117 0.532453437231641 0.160138844730614 0.0919150745102632 0.303049613182529 118929.236838005 120115.410733114 80864.9024389776 79871.0884032733 0.529777885230982
0.32415541764373 0.771882414378446 0.60563452436366 0.597575253371629 0.156636475901394 0.177189903661445 0.376281410382929 136452.076607232 126559.567888895 77636.1811699009 65703.3811204465 0.319157479556902
0.310575905544405 0.404188511036342 0.156445436551206 0.295096280773524 0.061511704067246 0.193805710765607 0.253051391848162 91095.9330050539 81120.7100895581 73488.5745956398 88483.712619186 1.01506797273557
0.270458467504825 0.76556061669187 0.266527630123888 0.457950655925144 0.114053592194919 0.12856665347642 0.232177950289547 78649.9458242675 70191.5018046595 73428.731993047 40780.6885563298 0.448136889564649
0.628171708541243 0.685390607007738 0.897314655588089 0.517205717677021 0.24122511668509 0.320746625914899 0.884355331068464 211964.491610373 172598.13463358 80425.6385359075 143670.948054935 0.411652445694187
0.53161713410323 0.596274232841093 0.668922289497436 0.313079609376347 0.192899419892495 0.142089570865415 0.739265506023175 55660.4801765969 46538.3966706964 78321.6349132773 57121.1231972262 0.881812209371914
0.435512461468314 0.793271959058344 0.578413812708298 0.681182440121964 0.10398497771006 0.101761056012779 0.373820972884092 121325.33113112 112374.805444571 77667.5110649428 73947.938651969 0.190324197011977
0.317477875093716 0.908727319074043 0.348385545394944 0.487920410121 0.154561083367696 0.153415550054358 0.365687129605907 118773.501194988 111875.590414143 77090.4613513495 62835.4597409644 0.331539063598545
0.270790304616071 0.686629123196525 0.762554113074546 0.429762299927892 0.0888058644315462 0.135173974083484 0.355529904566539 109703.140515324 116980.459070609 76696.5164805747 51196.1127665375 0.315974503354416
0.402330398814467 0.829732336901167 0.797054866295534 0.316378925974477 0.158938034333261 0.108887585747711 0.22709653369544 142955.56097784 114718.336998059 77003.3892006228 54456.669674464 0.111488034814792
0.668227525388767 0.839375503838101 0.964471220476398 0.537549295121998 0.353406905982137 0.35544986980787 0.769610837117824 212872.969349069 171016.561199494 81494.6394536426 150946.145988216 0.436914583384891
0.221114359329721 1.00938455175756 0.424885520671751 0.301396336179087 0.19445310117617 0.153368991148298 0.353072154434138 116378.649605168 111093.476866028 72765.9346548299 49448.9067953505 0.341782897308558
0.4490742016357 0.882569601392971 0.608680749553845 0.58285961010403 0.168403292633953 0.139466623216243 0.251640640400028 120673.673562635 97045.0499012946 77659.1904101592 75712.9825724664 0.196051157875159
0.439958680342327 0.803128066876373 0.761007891164566 0.469257133973773 0.19009800539158 0.180455869515924 0.371213250784536 126196.027198379 118048.311648604 76948.7838138324 64903.1856554009 0.322358594370128
0.658136310072264 0.674309975056114 0.885247515760303 0.535670755672832 0.34277570088391 0.621235112675405 0.913817610530585 221455.723405213 179417.003758969 81262.2045849895 165206.075163626 0.496849361249327
0.218099807920131 0.636399857681493 0.213800408333799 0.342537361050585 0.0797788863516625 0.199439925557363 0.226253184300188 74442.0604480341 66384.3350665005 73587.2646579792 42756.4143388662 0.945936574952988
0.318286711023097 0.824732093935406 0.605159018162829 0.565884008925677 0.111363399685596 0.148411599489532 0.333087144575733 124303.090354869 125144.330849575 74013.9040074736 65999.2149284707 0.416249419257615
0.338128912802336 0.716700605263892 0.436087295943993 0.6223383169734 0.159894247164261 0.102875433859919 0.36096282977361 100159.639206676 117705.732148901 76118.7529885248 75767.3276653446 0.591980856046715
0.383575519689087 0.675554684436428 0.783839485154219 0.553746026358811 0.221002870213931 0.203133667778874 0.256827192636369 142655.070382426 116562.683634601 73596.3031513843 77893.8757056001 0.248163389813417
0.188037409226706 0.884252045042094 0.433095842276385 0.669451675822791 0.0881027988295163 0.133278677358726 0.252089245531972 140164.75408403 116778.629912385 75567.1053253007 67187.5030416758 0.21141992961666
0.511389961433341 0.815987339467857 0.716845693178836 0.548457088640289 0.208234399717853 0.146839471986379 0.393135680425104 113508.387222684 102235.562712552 74593.5435879319 53909.2892016163 0.342068034623978
1.12464885964118 0.950407823836106 0.260204941400845 0.953924316242354 0.449454510223158 0.110993666299722 0.440456233196074 122069.105580377 109380.804512539 73261.0710527729 46878.3008115215 0.104393497037736
0.310204915830619 0.994754560309763 1.17826929536451 0.431203621028838 0.221862914928 0.17624018954658 0.331355594157354 127141.688003252 114012.72255974 73144.2253664182 33250.2364535988 0.134763643453684
0.465961817546387 1.04308869506383 0.67082047008029 0.299321956150349 0.187332963357457 0.0857713215464955 0.749885954863462 69706.3024174983 79167.4791360105 80465.7903188561 68935.549680945 0.040648556445531
0.431192802490827 0.793631185175681 0.644658333740173 0.589268222952529 0.0987392505430742 0.149267088794063 0.202155897150666 95260.5236296475 127752.076651828 74463.8997972394 89435.5316076521 0.256363477632904
0.304423324502699 1.00841613458577 0.378914980011454 0.376754757007942 0.15027746480166 0.080450770135477 0.289915953657515 141254.630253395 126594.345877968 73151.3692379569 44524.4753623089 0.0704127354764975
1.20073206343465 0.972959129742061 0.976968990526555 0.904687139565699 0.334072280350429 0.330879516459723 1.1036533594135 236844.244795862 195949.679328119 81050.0047293699 173383.013487003 0.56777735011446
0.375307258493249 0.823191566417774 0.675664867647475 0.56658188359275 0.159170539707026 0.103736955477372 0.324756520915816 147451.762985345 130566.310481731 76665.7664967627 66168.3741073321 0.247469396860236
0.378274787241056 0.959835922341048 0.582292340969179 0.549896947373685 0.167684117084461 0.144425927935382 0.347281434135975 108159.51986864 117589.805988598 75820.2450059116 64540.7671736936 0.20222109041599
0.271677936630084 0.85176397409768 0.455621056609843 0.632690101166603 0.202634994471697 0.0868279369260522 0.332483412179882 148803.89513127 81229.4146365198 76983.2920649322 76280.63681228 0.351925737030277
0.42000694351352 0.869846489686143 0.557152402170464 0.590972447195423 0.16785667515458 0.137197974752738 0.255697433274146 132498.27828771 100896.571427883 77259.8082595856 22695.9249942653 0.145164363333892
0.554198684035926 0.864500334454039 0.428955721996655 0.421501048281651 0.224464781311035 0.130597843675135 0.553701429726904 143002.612819292 148540.542789893 75598.2233549899 58805.0640436559 -0.0112124685835648
0.250610692211538 0.754031656686843 0.686747408381311 0.459119716309492 0.142216326305177 0.225164794399322 0.333323553905951 124150.00958324 111988.991814297 75557.8701051622 56204.8222279611 0.177239990300932
0.296194305274342 0.831880070187347 1.00064302796792 0.31989513543078 0.0935607444805813 0.15473875021347 0.227573706936091 81833.4471306683 73179.9999859118 73221.1482459375 67127.3715111403 0.988261521504995
0.277237607404567 0.992339711389167 0.426464607147417 0.677246591932716 0.197418250084326 0.113056468113739 0.191804507769298 172284.496062416 166112.282892667 74116.0258064763 79868.9858038045 0.22198381891415
0.417754793228695 0.765605872724439 0.212497483435034 0.480553713150832 0.193920936186792 0.275179451097958 0.266761427632852 137084.520264173 140575.381436758 77121.5374944991 66271.3172131772 0.00868401468865525
0.36650641663264 0.803963671891313 0.686502382883893 0.590893293664228 0.114511960600794 0.169842677414493 0.318113001858075 115780.001127265 113536.704745896 71873.9058798898 60071.4235029918 0.480900931427552
0.340995870473194 0.99939524026747 0.531185309798933 0.620609657685456 0.0886465168230034 0.177249367807685 0.252992260117798 131097.983970275 97928.9821708489 78174.3886625846 74391.0471356268 0.346186116014881
0.574740786903478 0.723551525950828 0.818285808216647 0.472000142121463 0.247019583483356 0.316848453052265 0.938322819136778 94014.3254884396 73767.6632909203 83653.8212841957 107086.463574461 0.991319302256668
0.427059644180195 0.923463669752097 0.670899403721854 0.506311843416886 0.155429864555486 0.137319719344388 0.393484912843622 101558.506466258 107939.889331406 75295.7617896171 79651.8754158433 0.155062687171797
1.4254502868263 -0.000793766421254248 0.309135645769114 0.898630515508492 -0.27112627558897 0.239449162043072 0.476993806301164 48926.5442797089 43820.7491193922 71615.6911488018 59438.2240599428 0.879154514241282
1.13252774554916 0.497044159117178 0.751377411306546 -0.45172918141129 0.0867170137059221 0.254017430549149 0.827767631637105 79180.7317941804 66015.939240537 80153.8660865933 114006.861803842 0.632116611638984
0.338058602586793 0.853913541480947 0.858729543642878 0.405764777401033 0.130345837780016 0.146432187193197 0.332856126669439 152890.298734302 112127.913267496 69915.8226305489 62952.760236645 0.239447723623374
0.319808859149911 0.821544558771191 0.840149957856035 0.582907051590357 0.109069879637423 0.0926224515520114 0.19617755479925 96494.25181569 129395.384787982 72815.8220818744 88779.2467740423 0.391099357094007
0.342592549498869 0.806717609334122 0.21934364428143 0.579266397887934 0.101011664699721 0.168292203062547 0.244589093561947 84369.8948978591 75210.7457610702 73496.6708603085 78809.307383532 0.990269732728244
0.422334919992435 0.898015862794967 0.629018973082693 0.51940985513592 0.0607151815995687 0.192114772773588 0.356127646379149 137487.240663486 109498.830941359 74352.9941735132 80286.604639399 0.141742066986952
0.50679478866749 0.61566485590948 0.402645812740815 0.379405645624029 0.0840992048639573 0.0919302280735172 0.46615791789611 136065.817389137 116896.870500144 70490.682261424 55499.6900308407 0.00547106532782664
0.298760593223935 0.802047550537247 0.584631453558427 0.580190488097421 0.190076124546215 0.132330290526244 0.227790625672174 108657.48697914 112202.368303949 78252.5028434826 58578.1472219468 0.226367089034583
0.488771370646306 0.754921207029654 0.550612598354893 0.369008028428555 0.151001088909881 0.20209688775457 0.339110593761315 178047.195699551 92210.8157637249 77124.3640234238 77910.0039791744 0.336292205852545
0.344560907346167 0.702419403547643 0.763059118203372 0.588767960905273 0.165382030680572 0.102341344717648 0.321093849995792 118393.303920596 132291.355603645 75911.4534410897 97209.6799735147 0.314664124289487
0.248662028440862 0.814408087612048 0.793129853408942 0.499228046643142 0.18003754200352 0.126838626561481 0.371489840433637 127752.748623055 107940.754744482 76412.3784585863 56783.5025367652 0.279367954397598
0.309544671072151 0.910605293399459 0.348851804267763 0.495661048717262 0.206158468998185 0.214677740779708 0.265928811127376 129564.530583592 120085.08378033 74748.7833995528 51155.5685881554 0.118677076857621
0.2574794773303 0.926324946434539 0.748945189638153 0.516391886773319 0.11259462505125 0.161889704833605 0.296578830991741 103772.409736438 91631.2732705768 79693.7749536199 53470.9340316175 0.411279126761006
0.491493840251337 0.678628371295372 0.61848414314218 0.523757754589414 0.0979784024225194 0.136461493082696 0.374349574460349 123031.394216734 100154.718965108 78797.096745569 46831.1338277124 0.0536679703697205
0.35560005046179 0.772485638744579 0.609866659183828 0.323476746432418 0.116711586409468 0.19519778073334 0.259375828775361 106677.393796736 125460.543122796 77093.9918716402 70712.1713352149 0.0815988533004569
0.370561447900565 0.762473291621236 0.718865803849078 0.617581893615106 0.186646398776713 0.0799471774295541 0.347249028647962 125298.892075882 122657.922633418 75130.3050247979 53126.1514671038 0.048775530270742
0.294547062933026 0.879147740270972 0.544579284970715 0.619329577918509 0.159446179751272 0.087606503006524 0.238323302429684 120851.121712297 134618.589741714 74491.1284076529 61742.3301414011 0.289778244235935
0.414157671238526 0.742610043365995 0.140497914322907 0.426026854066109 0.124638993684837 0.174080654890686 0.388746659568751 130035.59739134 102106.374328085 77475.2271422923 49957.8044190245 0.406124782504955
0.306596029219104 0.846663106362565 0.791553880715226 0.603767219275386 0.227069923567126 0.170359448784021 0.223012311552119 127441.150509832 114520.062373974 77164.3575810519 41878.6586971111 0.428387355381772
0.351166015287171 0.911464923831687 0.282665922324622 0.499554991848342 0.139223326393063 0.225599174246221 0.403915749142643 150494.724013072 112804.250466449 72764.0280564479 80293.5508207345 0.209139292090098
0.278363057818624 0.896150460056889 0.719430048136012 0.468909714889486 0.157208484996432 0.144310117828382 0.340050743513131 123706.597762848 109537.349932862 73032.727940266 91822.3089993132 0.532666731227864
0.431961696178934 0.78404400218848 0.64077031931983 0.426704673063071 0.108546060562449 0.13064908361974 0.42323047432914 118856.938645791 100196.540373698 77658.6418436348 75094.4125637479 0.394811168600205
1.01770393354072 0.538914770290281 0.593492048946443 0.428277030752756 0.16902566191736 0.301807726853284 0.494156018133327 65333.7747706106 55237.6616282077 77635.981236297 96025.5523433309 0.955828925513206
0.38727549239191 0.80339858647915 0.770601396146086 0.587403256699831 0.11117599468631 0.224080836768793 0.260498097529308 118470.215260226 128050.92755387 75615.8138679095 52837.4044354121 0.270928879986532
0.4505213053229 0.705174249973496 0.579508083693738 0.397409501698848 0.102826345787958 0.196285931707908 0.395389838009153 84060.723393568 121926.297885661 75600.7637602785 79874.7835624754 0.326931907101064
0.313896245944897 0.914630249660828 0.611005090176076 0.580808229537359 0.149981042873647 0.172908641987409 0.435525120169954 139593.137751891 114772.491183268 72941.762346989 49323.3327411544 0.321151299845297
0.475614999434565 0.725101283253892 0.381897585352975 0.559740449036162 0.189788320795612 0.082777162767292 0.322685701318032 126285.635546523 124758.624944318 77820.6990130873 100342.770052516 0.290040766264359
0.378050559352626 0.887746779408801 0.476567189799538 0.60494578851268 0.162412513068292 0.178449380917998 0.327456757386823 145346.95906143 95215.393916815 76513.547473629 63161.0946567447 0.32827716883994
0.46033201331294 0.77810025211932 0.568533795382798 0.531229976999701 0.136538197516003 0.158274904200974 0.368819714148251 137127.836879895 99988.7438342457 75803.2155510756 71148.8218910226 0.237621279548876
0.563473706855879 0.5261375228096 0.455028508497482 0.596099142262568 0.318407064041693 0.663736173083043 0.582361247892781 142962.695930214 89871.5959225885 102583.194779279 261787.996436648 0.915526485862784
0.342511698667873 1.02378651146624 0.29762076436142 0.35622618888712 0.179450863184024 0.195787146117492 0.402231711503367 135681.329217772 103083.292193876 77514.2317632071 66403.2609856644 0.415943649498651
1.30854691752977 1.08358935033921 0.81945400725479 0.917516142179348 1.03581923909706 0.928170243007008 1.51973126430744 51299.4726624537 43570.2370127403 70495.6548961731 214121.296719454 1.22413640738858
0.463645980617886 0.846281729298273 0.84768035284926 0.568891830015765 0.228366850829734 0.191801907467988 0.491111951005014 131949.453463085 112615.728429741 75231.4211875432 34163.4747973162 0.379348269898069
-0.0357040701632343 0.195673730847127 -0.0653151754800884 0.0816774538250025 -0.111600445150325 -0.104602525815429 0.0267867775965132 172162.770274622 69490.4007838166 168454.156944769 20693.9618794843 -0.167170894644615
0.641511070218366 0.750135594905295 0.885040235897324 0.539444657011168 0.275022788792266 0.363409258831016 0.879459886403332 175019.521324178 105745.075055625 108733.823536938 159129.636214704 0.458576255347114
0.416595080707253 0.795759014725944 0.597481476182223 0.560882151087238 0.174080767136433 0.150016108736418 0.412587075762404 126147.091808894 98400.0265344152 74617.0975455975 71225.2269662676 0.100030544889241
0.542154433659783 0.969882047151378 0.807806349848455 0.414941059366736 0.15624339611937 0.196464404813409 0.378404772486439 174263.101262427 116821.251529179 77230.6710337451 69652.341345683 0.344058465894689
0.484460656138874 0.985245973012602 0.752830292606656 0.590553905966965 0.166161419072999 0.155463914585332 0.574671919677788 150917.912243076 108155.50944471 75319.7975108501 88466.0895083454 0.0771465871431124
0.503684775234388 0.838996434645362 0.551374055670574 0.614432515546351 0.161191300431021 0.0869912925990722 0.447036442473277 130001.240845227 104783.436516624 73514.8961991132 27648.6336388861 0.331856420965038
0.281068281707547 0.65033477157454 0.738819564497323 0.524706551222778 0.127496422543509 0.188646056589553 0.425025180308932 127524.908132872 112044.997608328 77896.005351217 45446.8702600334 0.247408382919057
0.313033184331873 0.857901183449472 0.426180511388066 0.449121395938206 0.219007551201628 0.179753137285637 0.320958839392917 128980.6331469 115267.326244574 73339.5157247413 35556.6389626565 0.117215638124852
0.319867407670043 0.893312237164232 0.638304950359618 0.605266570858805 0.209096659301321 0.179401980282077 0.230832171545615 109435.99671725 108003.584475373 74023.684845071 76880.5885092856 0.219669124232655
0.0116747669989533 0.089852056453909 0.120883536747846 0.394859401382806 0.380585111038592 -0.491024514933939 0.356857697936811 238355.731963399 124654.261026513 127146.6118577 253414.582417703 -0.0870902155053763
0.394367600244251 0.781799773493435 0.337967991191008 0.759582244895087 0.118133427435899 0.102129502713229 0.498217365883852 54202.77546877 116023.160220794 73207.7100244163 109691.048524832 0.181054456896648
0.373837737250929 0.914946598377371 0.651777845295234 0.610770991205064 0.138411026419256 0.161792877877753 0.490278278543247 138780.543332239 123162.787877727 77373.3259062764 66316.3051067498 0.222037122470372
0.355403785931162 0.714043297324113 0.38738905661566 0.364299185707981 0.0980269724131563 0.0756859598842733 0.321161251406737 155207.790305813 119325.077317254 76092.7305198387 88020.5353953036 0.18428357212393
0.651895413499661 0.940591343421669 0.955794266905525 0.522578425571502 1.16797159584769 0.648517187197311 1.0879109982108 135651.510240687 119830.555769374 74110.3884372985 49041.2574583665 0.161353026659837
0.455307247294592 0.845940284603945 0.356796933792447 0.698490110853205 0.108841414475706 0.17439177159631 0.124499713236271 127783.182199656 121485.56562743 77390.0307143536 75549.5841960423 0.23378417250497
0.434957306206847 0.742685470917359 0.623110473229052 0.613849668729874 0.0930675715234308 0.196885177575407 0.501617499638443 110639.987000415 116081.264784541 74892.8136414056 91120.1917587208 0.474881168152816
0.479222240877607 0.893732989919625 0.662720639931215 0.54304249678717 0.196389198521223 0.124818765579998 0.402100914569107 167634.228065393 86500.7534056198 74920.2633234288 62822.0439206164 0.375788668614799
0.434706070329318 0.864926341960268 0.405954799122806 0.379525742938809 0.171800702561459 0.0992246851395192 -0.0507765327412715 141908.18686507 123826.262834454 68481.3994912958 32190.2276945934 0.0904535517160121
0.255988218087695 0.93580518377845 0.242139407906226 0.881064777530843 0.161613344470072 0.129848352792017 0.232604523290216 79137.7089724895 70831.6022029951 73312.046962238 38249.0104500541 0.916063243078154
0.583658161580689 0.826995010518228 0.733843678726371 0.63672285561444 0.0743429657227258 0.0987038029334394 0.34541379093208 132459.349150018 133701.059017677 75491.9967158586 61028.3303282967 -0.00855582803335391
0.401291853039784 0.849325164099224 0.945682359218595 0.312718106315691 0.210198157605106 0.135777100827247 0.255473970167561 166476.365285797 112534.518309328 79391.6167352566 128221.204885589 0.475232977894954
0.940592598283562 0.712464077408264 0.70500070476557 0.197782298453906 0.17386818041881 0.192595196025369 0.58676672909083 82941.0330202456 67763.1687422539 80051.2393697908 75215.3683200788 0.368787870704392
0.492440285610978 0.839748467489152 0.502724055240076 0.481609319614783 0.185179893051248 0.20344453488286 0.393550889179185 150302.543823165 97517.6513992095 79599.1644189497 37700.3578726963 0.24403853307486
0.443906407991781 1.04535140354249 0.854528061259308 0.795653838316837 0.252261010019835 0.231884363731103 0.409505036351229 242470.041326411 138197.321981989 117019.720116475 88195.4551672989 0.252504420290274
0.615407245550094 0.956196783183891 0.986215773169056 0.483772882388863 1.15058609414436 0.130442644517779 0.997566637583778 134271.230124038 118718.488575779 73792.0662474357 54799.6174167687 0.182709601533534
