PE APC-H7 PE-Cy7 PerCP-Cy5.5 APC BV421 FITC FSC-A FSC-H FSC-W SSC-A AquaAmine
0.507398641421147 0.769212700981991 0.430819611476828 0.334864763589856 0.0211871611612111 0.17873855929276 0.399131175646502 142520.054122394 85371.2430364428 88678.0550462064 58700.2759949641 0.282505071566241
0.248769341498367 0.900320983786901 0.163204061640385 0.485901656459566 0.00901265729605244 0.068583826186243 0.237240979863032 145020.48375634 109245.605901275 87172.4730549223 42282.2203121148 0.0264520396114102
0.84069107502208 0.831277037270228 0.721550476335754 0.410630907878468 0.238578950516985 0.169544114005325 0.539994326207 171893.507205647 124589.170886525 91040.6407619569 79358.4081752094 0.261273257868944
0.525949736600081 0.912524708584505 0.439772286364143 0.84597691448547 0.108678240149707 0.128650945949975 0.306524075980495 149382.295682285 101725.228766188 96958.084744681 53915.1466219018 0.404784241876996
0.465756679998432 0.751350858112234 0.697432430477985 0.571460397524908 0.0970631243007 0.0687977097901223 0.354585901628508 124615.050227614 100766.22275432 90941.6620138942 68296.0129984486 0.299601313966151
0.286940741789951 0.393237179275542 -0.140072691730009 0.182074457247292 -0.0731309868092251 -0.0345768427431231 0.115212073437855 132810.948169448 104155.458585039 83650.543884721 32807.9314354061 -0.0895697261021995
0.940603595081018 0.345994450799645 0.406399084515137 -0.122439961017387 0.0722826041698523 0.080278759242269 0.377393920946076 84302.6381380781 64821.4594805054 85499.2383195028 79230.538077747 0.989419287049912
0.326182905521455 0.885193527268103 0.223850344305166 0.442847142047549 0.0173055257619364 0.069578438938768 0.20992992320262 95443.7365309013 66302.7846657155 95177.3632743834 42120.3106432271 -0.00841815226934634
0.828028552048041 0.649498220023309 0.470166318144573 0.578209628030296 0.27736173835037 0.284643946141152 0.739778404277927 227962.477736929 151107.891286746 99440.9520213383 154970.098037293 0.765480422603466
0.729739877894586 0.411191109556517 0.266639654111106 0.454778677950605 0.210006742409855 0.269936956926492 0.733541259780921 99908.8923728134 60193.7440908322 109189.719694123 134218.529816376 0.364916030758504
0.374693295575851 0.586620432178063 0.35473036113422 0.382235807174915 0.0119772156570604 0.120063559562729 0.157274580438479 135860.6497561 106874.871610991 87711.953083034 30851.152667772 0.461989611752024
0.326901522992232 0.8526566196957 0.365119965386642 0.471205626262109 -0.0422715748597831 -0.0323272098761792 0.162861947236477 163860.172406177 125144.391106997 86055.1755236743 33947.6367997681 -0.0482527165060504
0.48474492072085 0.444250732621325 0.0484878522118613 0.354882539002909 0.0541881378211254 0.0965749868526785 0.284954848382453 143167.044151621 99978.7337416906 94611.0287566543 65489.957938129 0.652516223338883
0.242833744281835 0.920906499042776 0.525283906033349 0.474376109523361 0.0438985412132859 0.240741344689491 0.308592851822947 116837.188272543 119364.754928821 88174.5278277544 28564.1876299927 0.21922485594938
0.292676680963231 0.852327390379292 0.600672596868598 0.596606706576091 0.29994741947036 0.550789031228199 0.367665154973085 97706.8208494981 71346.1281065595 88882.4284348852 33917.9959570157 0.766100858543196
0.861331604924814 0.587484591225519 0.436864950924424 0.251041918960499 0.255503491331524 0.314302118629193 0.886731364228343 95898.4924259438 56232.9396946935 112314.846025056 122215.47446216 0.38414443485236
0.431190947123856 0.784320663824189 0.301956035269714 0.345165449199703 0.0830183174893069 0.00891793842491112 0.428422612228114 136931.978574007 102262.755965203 86255.6597910419 48385.6252002175 0.438457567581846
0.794978187081162 0.667360824628548 0.551737800732672 0.529279206908574 0.291805838795052 0.312855003117283 0.847871507150643 157648.669350273 90965.7896864886 113536.090319093 163870.677080787 0.893215222796606
0.207656346743265 0.849106574808885 0.0897397836502444 0.521694463364765 -0.0754129202897525 -0.0644432294310038 0.230814954404311 242097.547942612 193606.232272871 82185.2552716073 36678.4537818622 0.0270770453992871
0.755502864622493 0.529625364813518 0.400291565891489 0.375868292733339 0.234445706476131 0.0888225973583633 0.598564544849853 90187.3534857812 69916.975876712 84998.5629706038 29239.0943376302 0.408757956370275
0.29541936564038 0.932522558067719 1.13038483931176 0.356372091477258 0.0333947512752438 0.156709352912954 0.245259855343095 100415.469044309 75736.4829873273 87053.6020059434 37345.6110888044 0.120492501222271
0.553167468715029 0.887828820611001 0.500082953281752 0.494311400388827 0.0762439522410848 0.099471233981808 0.324746528358294 124966.825041813 61311.6631024108 87403.5854628268 62504.8775746734 0.0341595489112937
0.413778337888885 0.870097462419557 0.482139394022731 0.567640227535363 0.120086172420766 0.11154354388147 0.306775126863685 171156.112500479 122684.321066506 91179.6383820777 87449.6105821728 0.762630925947963
0.721746401312059 0.509546601198725 0.131140771952464 0.409612900080339 -0.111324667853314 0.0690486336690117 0.320082369395803 114836.165441632 73825.4882050894 102700.14814143 80824.0750665463 0.952577526771308
1.21458051014512 0.161257011078688 0.917677912302436 0.939026272819075 0.0100442886054494 0.291717073082464 0.938179364085299 132494.876315992 88004.5568537194 99639.5167372852 123766.43947609 0.431588606295944
0.910822091070971 0.586788022576694 0.419053668129404 0.390125955138292 0.206916822067774 0.272189541841325 0.721763300940176 132376.408996306 90813.3444510864 95465.0770992842 78197.9616671586 0.253009461057231
0.239992318452816 0.93688775883749 0.450538629154207 0.652939516985922 0.117454265887115 0.207278741604432 0.313213142002639 143630.097367524 109116.945861415 86456.8595100541 29950.6897660296 0.128054696287327
-0.192844166317491 1.27620190497116 0.705351063503249 0.410714194834276 -0.0125031307938503 0.242290488626063 0.233655159055913 126396.663023572 -14113.9117106159 95592.0296151319 84563.8848629314 1.14424159533275
0.653640809586603 0.322362181012372 0.135046702786372 0.234967708718717 0.157343213289322 0.249951644933775 0.421523094215228 100006.951908923 52576.4574240063 124117.936994211 41824.8682000617 0.998919913596404
0.5539606627916 0.725920719232388 0.329353256098401 0.201203345515685 0.0658951495791834 0.134350660270661 0.51562380899939 161673.463139095 93081.8159298001 90262.7563690381 80806.3283497624 0.195587667275481
0.635735402248713 -0.415651753423866 0.0214706778313007 0.231994791454904 1.01855798166713 0.434195224399216 0.477095796529944 262300.376665506 252834.070943748 67919.5119234784 258475.203880518 0.512256591406133
0.362665310159482 0.801387894493979 0.140990048725906 0.346792114188519 0.200437506461031 0.213504256533091 0.290502510770735 145681.712477474 81307.8070350923 91233.81872587 59314.6925465037 0.242269285988282
0.655807802286582 0.692802724653261 0.693998356195322 0.792291717660173 0.585977599273157 0.61924205753469 0.772464409922001 145558.011456348 87672.2807938316 108426.86502477 253661.95764165 0.880888846762483
1.00843072124987 0.919139872669146 0.495066458008564 0.846093358381857 0.184810279873137 0.0819316517690596 0.333273913220498 144319.783298997 108372.912323808 87814.5706450147 41638.2982944857 0.124183954444658
0.706540331640218 0.577585800881082 0.430958406912415 0.466034127342288 0.27335130696274 0.319598978817179 0.749257059681378 118885.251373717 70880.3298973154 110082.018630298 133793.413041494 0.36615405933134
0.416754478264915 0.9183818931957 0.386325919449348 0.363115811948861 -0.0388686862150419 0.155955357293737 0.38878914058449 127872.019074173 96343.4105800335 88288.6846578796 25940.1151910673 0.122552368713423
0.696086191499145 0.794822069858454 0.731142230456715 0.421919359975578 0.184873223382194 0.348039689825512 0.644816618705766 172633.400449544 119541.047465185 94618.9874491747 69451.9006346592 0.260980997651714
0.392108246422789 0.763706894046397 0.284880585127878 0.347277275897242 0.127783574480522 0.0400072288988392 0.276994772396194 104218.186615875 105012.495868291 89642.9260453551 36407.1835136258 0.0793037669725262
0.44261648140964 0.0291027068916406 0.303567026562944 0.566394000120874 0.472957289271939 0.265383709923112 0.569596321629263 105538.841452429 73239.8318443873 86678.4106929321 241437.527718652 0.525306386985422
-0.390338362544672 0.655175899419675 0.540753979516808 0.0949511091052014 -0.766445569046457 -0.925448806664809 -1.0180033971167 53091.5161708854 52904.5102751411 69734.9838084608 9965.13246131829 -1.34494387543142
0.554407602640597 0.787950630123559 0.27072447522127 0.488605948772378 0.163355701610864 0.133057083686667 0.262261052441355 126550.008700968 73982.2063680594 87695.304458433 64047.477463827 0.119245908473452
0.391118437725277 0.856891605194593 0.780346844513773 0.476466113107438 0.0449036186569099 0.0465526325136604 0.157632319673141 135086.244637199 97369.417588304 90866.4379844982 76521.1057335109 0.367426347661627
0.723369472540865 0.621139998069455 0.38093915482737 0.486515422869539 0.285519910529638 0.340722565820093 1.12129164791932 118505.259537492 77404.1731766386 100703.240952984 138182.311936889 0.412583803140569
0.764710891522387 0.860379872233831 0.915133625130735 0.538499604249248 0.335470980529378 0.320889067644139 0.769477529463357 246266.59696049 148294.326858457 110890.7703212 180284.174427333 0.469257736340081
0.245281561884244 0.905938404994214 1.0865720836761 0.272545747418752 -0.0465024908947171 0.104261614031566 0.156492701452204 85673.5515231483 65805.0980693844 86022.5119287511 28145.9661825378 0.951968783202444
0.766465423795074 -0.61192086859011 0.0153345112282158 -0.475547030587569 1.28484068046332 -0.876239086315031 0.494639850543735 261031.362703375 252020.64135339 67050.6300389418 255244.07675031 -1.43697773457077
0.206909451175963 0.88985685028054 0.596148810892254 0.360264550102923 0.0925749726097373 0.0128830806961572 0.269604321534286 111807.687783057 86172.28066929 92796.9410509065 35705.8908704457 0.469258544804967
0.751971651483354 0.657045839021262 0.712552951616768 0.433320645002853 0.277612840249548 0.293078847750373 0.761207479473886 118694.776043231 79437.4552523875 98352.5702586471 138768.241863263 0.357503836223694
0.653529949663823 0.320522039233068 0.410504748199734 0.439145158891235 0.133087063176187 0.101856806680748 0.413619187055304 133342.011453984 100031.707367522 87551.5730386436 108231.235618862 1.12672482121197
0.345763192964573 0.583358311995548 0.46932204095484 0.265737863559696 0.118353286117504 0.0347204736153075 0.430675120988451 123306.016296625 102472.908601343 87415.5262952376 55597.1978711088 -0.139904773750804
0.259470114552821 0.924481490239562 0.421846313768534 0.863315307973304 0.0810174676471784 0.0994155660416216 0.243665351354203 133341.604160713 99534.0473942464 87896.4892659132 44604.2649756158 0.0203837891495904
0.884012834619474 0.558970864286298 0.395954221526244 0.103559437781133 0.190099530531632 0.222220511122657 0.576530921584103 190585.326376569 142749.471573297 87419.8371567562 76507.0804448304 0.237326572386373
0.222351259569032 0.898569467466976 0.39133569344574 0.853478375354565 0.0375815793203808 0.0269676014716788 0.242861459951512 188258.746773109 145667.214733105 84759.2876738944 38696.9624850916 0.0154864913217065
0.608749497495589 1.07703928746209 0.774547910152413 0.949707483757885 1.0808563547572 0.790301610081484 1.65086222063984 117586.316603215 89229.5236329245 85432.0068024861 113406.140814406 1.27739251529822
0.508649420350529 0.828034619701689 0.49963807475246 0.830857950288066 -0.190343620145821 0.105239480170111 0.198599496312085 120282.289752817 82381.518456228 96472.774086761 40318.2845960846 0.166043394146879
0.303840670148689 0.868622178103599 0.412458992906634 0.353920847770109 0.111699177736043 0.0655986187664413 0.511419831864091 112185.608401238 86244.8758274344 89220.0293237652 51974.3960690799 0.190118923460645
0.425930779575629 0.727642494027726 0.163946740236691 0.700750631821143 0.0997648953882345 0.044989650937236 0.276228156853467 101533.911266194 102777.968995421 92121.315708981 80098.1549127421 0.0985303388616959
0.135846080503112 0.721618005859318 0.607996643883173 0.58356071084047 0.235842665848837 0.0287600613406912 0.373968876811349 134725.927037155 70636.5994610924 87003.4897289759 70744.6207846248 0.595000596277712
0.331892217110653 0.820373120053258 0.469035566810617 0.571097510309484 0.0789964077870041 0.128591836099608 0.404231555751045 128581.10323879 94584.3080047425 81363.1314638937 39018.9292310525 0.122569934993265
0.470316149933078 0.968201026235545 0.847017670339237 0.523207469275154 0.32465652475725 0.835158839258669 0.456926649142459 227402.834694511 128153.366102027 117001.919198955 172319.861250104 0.903180768879156
0.680250272889125 0.21933063995676 1.09980424328518 0.113573894638612 0.501173584632125 -0.236151896860904 0.171844357137487 63476.5017035885 149132.525398485 81407.1188153483 121579.443829784 -0.315814926182435
0.300545870281562 0.959467465368995 1.23547511828375 0.319026047249805 0.0736337276957454 0.093089337801437 0.225965166043103 118750.109182161 89321.1389889893 87317.4454232426 45370.2339952328 0.0523894803864461
0.645773988009357 0.632452874205553 0.000954108756414884 0.693875607129021 0.0419920698635171 0.0890635813834073 0.50923290589317 138775.449237768 88402.9866099339 88832.3403323513 46414.9641326451 0.411317956918456
0.342957954760245 0.887873083480743 0.631224526301423 0.522724173973738 -0.0124820571412997 0.105162228725847 0.336033291475499 124345.572305996 95792.7213535437 90210.4902830249 74339.5009009473 -0.0711289324880498
0.386716133544917 0.713414093239037 0.100358399295529 0.334698725839644 0.0906038966655951 0.124394452655998 0.271122560389785 159621.347787342 106323.942542275 86032.965341282 85414.8837130341 -0.00602513432227758
0.535375632426593 0.887073594423603 0.385027245260943 0.397891835122874 -0.0389279659282069 0.0574209955851368 0.370093700295248 150403.546192461 88634.7719000513 95370.2137939677 66796.6125223972 0.19500027140173
0.461284442836735 0.704546945878743 0.331753357545635 0.452926252799095 -7.02463735352543e-05 0.155710431847924 0.264769671902945 147475.223956828 100529.348136068 90954.8714156854 64094.6395321525 -0.217384754178049
0.223832892670923 0.726339246692059 0.466702728639731 0.470225409236744 -0.0315466144432217 -0.00868750723853368 0.583905198306759 102254.893330626 114878.083808342 89252.4525024675 77502.0603585153 0.516809639978167
0.354480659851631 0.889088048487035 0.857742399413117 0.193661423234222 -0.0371414455804717 0.0530510834247343 0.160004008558904 115828.629067858 86112.0745954757 88325.3400815825 33001.5508222265 -0.107985862048912
0.774936922701396 0.713708279973358 0.605479067306305 0.550298822987213 0.316246992892159 0.290414950441519 0.759284874757432 261957.699962017 229291.064970351 75802.8803461854 173506.721064657 0.625086163754061
1.16180639085302 0.0568775291616438 0.99283431127488 1.11030826385401 -0.726667355719951 0.107857426176912 0.973793374570042 130298.45384152 105594.155898553 87715.0354112245 76942.9798296634 0.433418195567222
0.536655061165268 0.862351476370957 0.519151890048089 0.353206171762759 0.0646086069979275 0.137108325139254 0.344885042342755 110403.760135632 92755.3771072302 90609.1068270828 103561.774255447 0.369581190428567
0.800839327844699 0.538092649083482 0.18401504978442 0.427191156608247 0.212513009767407 0.286493814836898 0.897035405376156 120638.91122239 81002.8315145133 98026.8985992418 117847.184729816 0.272773780033237
0.729634370253935 0.734999006438306 0.591362433157611 0.414258790660906 0.22450361950482 0.115427382103596 0.493255424773936 84088.901272594 60734.7884142636 91087.4246985612 79235.9862855274 0.621097657482411
0.506131942921991 0.564430303906918 0.339513782008452 0.43466447319707 0.18165053326801 0.206854865088882 0.41129308692184 126316.710186977 88713.6418578487 93585.1189487481 92158.5039992039 0.233334792134774
0.402118762242843 0.726169420307271 0.638097639979032 0.488224348824588 0.00926593368033296 0.221464006652198 0.326447260166631 141128.359180051 111084.597785784 89459.3007767184 69360.4110546002 0.122580374124005
1.03988521092395 0.735203233757359 0.355641682339336 -0.421983756808428 0.779402638047273 0.154086023506632 0.0429545911649336 184054.407899852 147153.105759226 82476.155016237 43520.3290618985 0.0725821255413989
0.3566959126374 0.768280447868592 0.478110881128982 0.374962394749378 0.0672320290363606 0.127931566247833 0.390294926161807 132744.920932042 82799.8780364031 89795.9937489849 70681.3916232474 0.183331979729024
0.266460204320971 0.933706307059551 1.0614208707479 0.25632891699033 0.0559701526709647 0.116297468333049 0.224783035774879 124394.999213329 92682.5163845249 88063.3073123354 43509.3136911877 0.0104761517478263
0.37119543782324 0.781828933774742 0.681611349534204 0.513690286723972 0.102396644482034 0.283125340618976 0.25226864580866 113001.346499965 89465.997295523 93528.2275527347 31254.9912397421 0.304179873517604
0.428051817201468 0.640594289581669 0.652942563625721 0.319002806371032 0.0113502837057747 0.113516048635812 0.293380934317007 132652.584559776 99253.2652270495 86617.1099753061 59686.3094426244 0.265866628562884
0.396207893864566 0.780977082139514 0.654511480965516 0.370219365806306 0.181284361307835 0.153002348999571 0.390996159212357 127751.129544448 120909.619261652 88617.9418276904 53575.0923312427 0.229156745654426
0.34797569394841 0.681886214731228 0.443049994136253 0.373532898550377 0.145137665422066 0.110543371098311 0.34068419906675 106665.739334575 75173.7607714224 94299.8065919609 75398.9953556079 0.185711901520531
0.309007600739653 0.709840067617738 0.188374564063026 0.74922465731407 0.23386370185036 0.0308263725013593 0.38786961964105 132715.739954981 108637.51437139 90897.3738848026 71533.1932104489 0.000578875230609399
0.306883477323895 0.729993193571396 0.277121767837751 0.348578739137259 0.0234342709735792 0.139624965922409 0.33789857105781 133788.790724128 112915.064957526 86608.0931864579 77185.9863764247 0.320359093783416
0.685382760414931 0.476603334248394 0.211631825968626 0.445785276249678 0.214819762119663 0.258156455852448 0.678258295650436 130507.49303341 88464.8410127032 97047.8488440937 136468.506474689 0.374933563471646
0.332951060232971 0.76953779839943 0.32979593455864 0.403385423063923 0.106847961900928 0.142970014604389 0.398204017505797 144863.881854915 103962.852224877 88933.7684294804 72905.5780452676 0.15695604309543
0.399263870631708 0.835160107380263 0.497898230016021 0.469234659178626 0.110572548566105 0.143716003196645 0.472438479661124 117486.957672209 74333.2226179506 89761.6795792952 55518.5913190065 0.437974037151462
0.46178680271788 0.745453411960596 0.677631341717528 0.213668350367518 0.112347392185652 0.11654698064578 0.392160800614263 144611.686786811 85614.2249672081 85872.4147150096 52577.9036928051 0.0869100181205295
0.657979187517049 0.915485996512206 0.900464048143126 0.337317745406981 1.07669429610278 0.26078916145583 1.03977211053789 145421.670069614 108409.789061159 88276.6409192569 44628.4068013831 0.0690601599014832
0.248397474994333 0.877293564834403 0.791606220515589 0.222003390204662 -0.0343417007041294 0.0346545766024487 0.193344574471279 132650.905179985 99236.1666781305 87802.3558254397 39003.9876866216 -0.0172485236919172
0.244607673655315 0.776388411445791 -0.649939737551203 0.539252314947423 0.480764856148399 0.561266667678203 0.818024155403456 87904.4377933881 71641.7076598149 83350.1966855669 35442.2928688391 0.89355654104668
1.03673032432586 0.456213732664121 0.521384245286481 -0.353952982199242 0.163293546194798 0.192158603439853 0.575435685531688 210634.293857083 169754.09973988 82299.9266615186 101576.508404981 1.02708048127688
0.929884502137816 0.787212628895675 0.85067918055298 0.191432896205701 0.246576097371564 0.227728693466613 0.754675622400593 121586.719595909 75234.6637426549 106269.226590176 105813.73184111 0.373735022142633
0.385897932198738 0.63708387053977 0.641327960226409 0.507219490856697 0.0663767414298888 0.0564318377714824 0.260303717529549 122336.926626109 113482.013268336 89332.9181264656 65729.517674702 0.182756593848797
0.792730574835313 0.623473235690533 0.806020388715437 0.181390349365492 0.281277568068195 0.287809329119047 0.736680437486348 146639.352058944 106745.502702708 90431.6213828516 138805.423195326 0.364131588378733
0.283328097927537 0.632345786833235 0.548233625833804 0.391743844245453 0.113536300999928 0.0986438369556926 0.267150558457353 107282.393688339 86897.2097757782 89112.5117211259 64178.3152058445 0.424979501790241
0.277846469745067 0.939981334864817 1.10191937689794 0.282547441315548 0.0723583021850909 0.146742040470817 0.246076478131078 90374.1999776994 63002.3113230659 94151.8797261878 46002.0229482258 0.033381630692894
0.466200321571327 0.717442156698361 0.351813613859065 0.561403573744591 0.0466314822041913 0.115437842288677 0.3282894927799 121871.173200854 94937.4289129995 89259.1797097864 60181.2554398221 0.345477300265079
0.302316262336428 0.786945094093862 0.390257478194853 0.607959936319207 0.103965942512353 0.0731469740649805 0.321721168110492 131531.789771714 85275.697229324 91526.2861179637 58175.9403965047 0.205914059733356
0.691552461685605 0.569126883713633 0.447263589441824 0.44363755533125 0.275089262262005 0.312937356522945 0.787383046561996 129599.281399532 90654.3074156651 93791.1220717629 139173.731160835 0.365233031050839
0.57760575710499 0.870843746504155 0.649589949183013 0.625213523569934 0.18654856652679 0.208370815684825 0.411669225162685 155387.118350255 82088.294552424 123929.737941598 110406.487216686 1.14649022644698
0.510474925955459 0.927522603264682 1.06295011618442 0.27225439567697 0.0870960458014677 0.13808867141957 0.283937788118553 140085.138381512 95848.121203669 96108.8031477419 52537.3179571041 0.423221594116611
0.491369448915269 0.685205413789639 0.793216714528024 0.504541023656651 0.198010845540776 0.157552813028983 0.437095349425425 159401.885335645 91008.3065254857 90485.5899318323 69392.6468091749 0.0110942876514743
0.45273307406645 0.647862365330008 0.0896511645698564 0.383719613082233 0.148721841734621 0.154673314635658 0.645131076826011 136993.844398563 95508.5115586294 86031.571281602 74216.6604553528 0.232750255983201
0.265654531523446 0.897436808159115 0.973466952433908 0.247241486674822 -0.0155126954366925 -0.624455459445243 0.101834643667577 156014.84062285 118376.901921943 85471.2641624153 39644.4027423207 -0.172103010572286
0.507145350065211 0.576706587502246 0.298451771921265 0.427668022845941 -0.0244252098342497 0.0839325916951607 0.281648122926521 134684.992674503 95246.9782080319 93972.3901765187 52073.7686118647 0.211997114169227
0.330814190409686 0.589531917762923 0.700250975638753 0.399913729468592 0.00121833137384314 0.163486728269707 0.280575200495575 119033.299773086 68741.126334597 94182.1107045913 56835.6462937066 0.303664994573876
0.370592240172793 0.683474915784315 0.403904272044605 0.396855191534423 0.0706202482549534 0.0487892296529399 0.442160819707487 121223.735813982 88611.0238172568 90630.3428063665 44485.2353374746 0.282341309827174
0.691208908307014 0.30815127979934 0.0736663633764564 0.374032735903184 0.115085116163471 0.130571331315082 0.366766509686957 150293.045032448 113958.80385362 86575.1826740061 93441.4243321494 0.129650977142853
0.124303362001092 -0.045052143975962 -0.225309296700266 0.0123688373466218 0.630616553020154 -0.0176479078760388 -0.154698658968393 66884.0876606168 54589.9270338846 86633.3593497813 257024.361706199 -0.271457535519624
0.379084612200825 0.880673470842526 0.605286004637036 0.41744890320682 -0.0255271999252875 0.133148010181536 0.31310753238245 109246.378254775 95170.2147507844 83482.4500922486 71411.7923272941 0.221495631143127
0.473679483176019 0.661859098100964 0.89252680407061 0.387586612077107 0.0120627706864078 0.106376960267972 0.332236715454093 123267.394990137 80306.0300204115 89685.7728810178 45090.462654782 0.0992753767793937
0.283211995747907 0.437682679022557 -0.145832017146103 0.298000662342989 0.0502669766371185 0.0937488581557003 0.234745201706986 94085.597185946 66940.1043976829 92634.7731304691 47513.7993671225 0.000698902442074878
0.278916103207796 0.628550940920015 0.424540435679086 0.418171773840657 0.0852126778499391 0.0844481728621358 0.551728674026769 128952.108638497 90805.8013826853 88954.0797788443 62042.2013165318 0.299673230703196
0.866951477370472 0.560799489287475 0.48761993922743 0.225396439171121 0.0943538271047949 0.0834890981516482 0.431045468563301 68017.9638224945 50534.1571453968 88466.6465962933 69917.1984579323 0.983163682598048
0.374021484388492 0.694698368021621 0.803549327980678 0.207135343888394 0.106095707518038 -0.0441252586550969 0.146132060387183 98712.5926154945 85895.9636645288 89749.8036341559 62536.6365280082 0.335275845888764
0.928629072412947 0.70128283485949 0.447822242790971 0.677392537963428 -0.0144278661685208 0.175951204557102 0.520656185986191 70306.8321948917 54315.8901000802 93153.7275168444 88350.6120279654 0.321213714525046
0.703529518374884 0.856486673972938 0.0998786319716126 0.734958008721239 0.0817682114186683 0.0799503505966654 0.607454431121971 106331.7399012 88125.6647050601 101735.476325845 60875.5957654384 0.391092151512751
0.432980081290161 0.318078945655328 0.490077173547993 0.377420968998872 0.172726425835817 0.0358029299387417 0.39793210996095 227718.24886063 173868.340135925 86353.8245882955 140016.754540915 1.21400582878389
0.38154962466125 0.685082522217519 0.597573891895995 0.379241331288786 0.0974241906502177 0.0847576907097363 0.347828131797476 112908.985605058 78282.9444994002 87799.6043113691 63038.1503811785 0.17708144816416
1.13442883877564 0.567719833712744 0.568936646948459 -0.433890997368411 0.223787488912079 0.274711872501832 0.739696340325518 130896.457797344 81106.9604393936 106915.679145318 86221.5101932708 0.372757137924177
0.370973842567345 0.783053509355389 0.232570442484518 0.456486016233148 -0.0469957228692688 -0.0290082051705566 0.137637212948894 68890.4441395588 52897.3070567862 85305.6836389513 45449.120821355 0.964414416710381
1.0590670178689 0.616207219518895 0.567514781364561 0.0759781566346449 0.215880360567396 0.171313856020528 0.54975099464374 257459.955897505 203504.549586831 83748.034614022 81042.097740439 0.34083953094273
0.536675120114603 0.697857455775157 0.613443577256886 0.5516884062383 0.107917588559383 0.0763348412555162 0.335875417132171 136899.920017648 116440.148553573 89364.1347027245 71336.4136256644 -0.0255159193056091
0.443764322154058 0.727394118867764 0.500952442885324 0.557584928075864 0.0967000658451492 0.130387229949291 0.225876308452598 111031.758975722 100716.823038378 91636.3883341995 77227.1390848843 0.0957281896031557
0.267003657234037 0.481491866632933 0.359145737799149 0.720360073613221 -0.340756498174897 0.575870971850429 0.580232710271796 160977.032653252 147244.943427417 75550.8767249424 23454.5235416876 0.758532637844186
0.517764732342686 0.884207711565323 0.454802698047254 0.256017233809254 0.0729325768826605 0.119838355990437 0.382857820984054 118148.554167221 99120.3052168921 91392.2397426577 58874.2429666064 0.491746403046106
0.23173041253996 0.822967031236781 1.02221649780502 0.26085340838596 -0.00447589566996676 -0.0663099671624818 0.115465934726869 96599.6679014046 76155.457026943 83180.9682154423 49787.3203156413 1.00022045849404
0.401644120228885 0.804574316025949 0.834097362718657 0.527340898992251 0.0725356859875975 0.0824319534955539 0.47503374456866 153323.568596352 114686.640852411 89942.659209568 64689.2009659772 0.396242698279751
0.345728252326886 0.881615721401821 0.376022935783712 0.433545608517305 0.0169786617741353 0.170585371833854 0.314600078468193 154160.800814712 87630.7540375546 88670.8245707633 66415.8062802781 0.227869228382024
0.417654333560237 0.882018870067332 0.356838783880087 0.825476551914136 0.00528150224436696 0.0466440541166794 0.197381661739374 127312.78244488 94690.3493630112 88277.5975748975 35981.1999656467 -0.0817657723356455
0.519530691064073 0.771201920037843 0.152979169155869 0.510815732051793 7.84459656545944e-05 0.0237652105088614 0.140473466839443 116076.762093935 89761.9977013439 84894.9307735125 62482.4584208563 -0.139520466992773
0.336136392537131 0.841315137070802 0.796689824112226 0.304407373352 0.207882039450296 0.142878917858264 0.401351790891408 108260.365222749 102639.970581883 90555.9474473411 66103.4663920624 0.708943654320462
0.605652532046929 0.921349695530441 0.445438645719569 0.568135088030509 0.0943803879149208 0.204818456903095 0.324963654595131 134168.709322734 104347.645803509 85798.0857017487 57923.0271181355 0.137221742615456
0.666899628515764 0.492743754787566 0.649105740180239 0.403739040946758 0.124665920629556 0.0160696412789472 0.396874576571666 126787.689968563 94930.8267289377 87846.5023097399 108334.836145327 1.19907944565084
0.465164525721815 0.590631450761173 -0.0344993656726886 0.158944362028405 -0.849137346468192 0.293944053214549 0.228958727549972 120186.112775875 96478.7280728778 80669.2560535228 56381.066739266 -0.0312616986397076
0.727644925715282 0.475235665974531 0.273896580079159 0.206137263266115 0.0708747973849518 0.14442169830017 0.519012551751581 62523.9729431162 44025.5651174581 93237.2747754619 68560.751205057 0.5022219134058
0.23856002432947 0.910616322642434 1.01499717736674 0.14720873598336 -0.0253133170525365 0.0280662680272709 0.17829123084369 156410.507920115 119690.136403938 85763.9141544301 33425.5489081876 -0.0401295224303451
0.315522189497672 0.629793887589201 0.374107897107565 0.363510826155219 0.0764156042089345 0.0790820532915598 0.324861006652403 117176.273037705 81253.6613814851 84077.934687764 45970.8147789972 0.234463698915276
0.262339774199034 0.927134897249879 0.433996862558411 0.858377547421409 0.0974770624490087 0.125045207223293 0.253511432459643 94013.4105810137 66411.6728556966 92912.328205714 46257.7935702648 0.0400630504779919
0.815507878790923 0.829180950319992 1.01276791077641 0.965161097521069 0.878303634222445 0.890015255914327 1.12041640642713 259696.842904099 253908.894728805 67329.7524792755 258052.784376211 1.58140784984217
0.255326673620592 0.25836566726741 -0.113088907847341 0.265351395389882 -0.145856023479044 0.114116954299511 0.200548987284506 86789.8924025923 65185.7216571237 88522.4640682088 36465.455014879 0.419674688248906
0.413773572373567 0.834133463183705 0.0803576586472537 0.158461050931356 0.191933526076293 0.23906792928124 0.251375041246008 138258.332704202 89679.3064061383 90929.8813989378 38368.9295160404 0.324183611187984
0.670294233745339 0.627370805660637 -0.0329661002242753 0.17782379820017 -0.0945823634790183 0.0572891218003127 0.7473499130521 148724.697306945 116877.515823993 82486.7350915821 15813.1985702941 -0.201105153599378
0.430533790713462 0.885171746080182 0.461455924643272 0.570986382660106 -0.0602654887557545 0.0971795516090921 0.130785069278279 155675.198110948 132530.407698256 89225.6624417659 77323.8957968413 0.192440117017091
0.509155106122425 0.734059546836636 0.595731544653488 0.762404704817242 0.119338749050553 0.0315904400118388 0.311208136259296 170693.468775209 95863.3967049823 89211.6544534989 69923.4602682848 0.221666074895466
0.32754659743172 0.76476578427406 0.190498324044778 0.482245650669643 0.0402714149136112 0.129382594518929 0.173220669861954 125675.793633408 88143.0154055398 94808.4945619019 91582.1259167593 0.256748439511294
0.572975953986552 0.668850622916262 0.648030299817382 0.345479350195053 0.119326757252893 0.154349008933417 0.206099892543623 128562.823006128 109130.416326982 83352.9711259995 59235.2717859859 0.124613215496005
0.721268749302307 0.61035623238611 0.487517322920301 0.489177770562405 0.276367253920868 0.293611960817902 0.850557601811448 185555.835857579 130899.875384809 93028.4408955599 122765.383678444 0.382055673432611
0.247660964692315 0.678511195214995 0.551609062085364 0.398404529616073 0.071588641551607 0.136837810121732 0.230225954535606 145969.645496218 108457.960959515 91333.8584263937 37431.0459814708 0.116466436269686
0.544763461162747 0.784662588507512 0.557267224430868 0.342069878665945 0.171636876546624 0.012364134581608 0.117829039938273 149866.286547105 80589.612802689 92973.8361977896 57527.7589666764 0.302221013542319
0.353002929085993 0.789405457052602 0.533064469068398 0.308224045789551 0.0115154563907658 0.174654958268472 0.290582251200043 131326.835728009 113098.596449819 82762.3661571502 95305.1938858562 0.281042601604233
0.374209008322139 0.223537412401239 -0.172965474769054 0.152910543182032 -0.179963625029162 -0.0738905856113588 0.0831739231336034 51588.8455441934 44692.0337002449 75507.5979845177 17187.6911839315 0.577977795112619
0.452269766330744 0.731037359527341 0.575386118337953 0.453899323623318 0.0503589576409578 0.149271152072345 0.271268397408295 134387.038522174 112369.755261589 92708.8606676165 66255.4783956619 0.049105182994216
0.253696452286558 0.875459527355253 0.178614258188283 0.612218078946452 0.0621714157221878 0.0965378358672405 0.333306468482582 143216.046376965 95511.2001459538 86105.5727122646 46958.2657755751 0.0270028532578193
0.430255476215246 0.784968709046864 0.258845924343974 0.602454682806863 0.0616584020627929 -0.0213482107747745 0.15203610828695 78692.6191957372 60671.6686665315 84896.1451251937 72883.4462712432 1.00189755737326
0.609512211981845 0.326610811358927 0.217936704746338 0.381205889857716 0.0480366308040853 0.0695246215107167 0.305168509126857 69737.2643086267 51792.6906649989 88261.7814589415 72555.6245654778 1.00835924910542
0.147119867165492 0.839521502885958 0.274021416975054 0.339333196483033 0.0202980789732186 0.15275160089873 0.145349703646053 130872.204897362 83719.9482009975 87845.8419837839 63452.1739816719 0.0918184645946177
0.30255493858 0.845575073092552 0.400380412959073 0.429279674178674 0.0849087157852844 0.219924405288341 0.37269964739709 133413.421489251 85031.5085423417 88410.0662160961 81632.2250293833 0.0550424371217848
0.235198619699546 0.734005541100116 -0.0733402753452462 0.352986611158905 -0.0703367636802221 0.202270415189504 0.397318008848935 140650.901471844 68361.74446462 95305.5718279818 24647.3307701892 0.40713284788229
0.214829797155428 0.834553530287653 0.458366952034723 0.441378628846567 -0.0731937474011201 0.0432751686530123 0.126018296256312 79354.0127876403 62155.3535630892 83988.5352960209 27973.4168940536 0.172683898429412
0.743089449815774 0.805346641766762 0.479405744893565 0.618619062565155 0.279520736129479 0.302504366435855 0.736077470376804 215457.963783815 105112.713959697 136433.627516113 153829.572955996 0.38073849044976
0.531472300889838 0.31966927175047 -0.0592254947383193 0.308272328929673 0.0138149139235459 0.0987694804267877 0.278708199093807 95985.2955116893 67056.6412482655 94318.3136869039 58800.0040544706 0.076612110189021
0.293600083224815 0.811817451266143 0.418448287387056 0.383482677943069 0.0145648847789063 0.0531477289899153 0.364066471649428 107549.247806987 82379.4299403595 88761.9806543353 62085.7563427044 -0.0280660556936886
1.13314117456462 0.606827077552497 0.700848643147769 0.56143703288696 0.269389007880303 0.27555592374175 0.696882671698961 230392.496174724 151638.188798209 101239.489094942 95086.7233747822 0.537432360883288
0.421073156894192 0.753308922710778 0.420010859532746 0.415866046023544 0.0756336720006278 0.081762410576855 0.207215084906664 130961.525707945 96082.0783547664 88655.8496111972 45280.4362980041 0.27148297527997
0.338958436032292 0.823430516903705 0.330774436506229 0.417621896068498 0.0178029198054644 0.150572462066836 0.226217566706892 116260.787371735 102620.171182369 93902.3022501007 61430.200429318 0.132416419646404
0.850922332597546 0.648177200692348 0.497936333654171 0.385545016983258 0.21836249327312 0.213252011385498 0.510435539777873 189986.369722667 139395.928364671 89397.2840044743 79727.7254969845 0.227012768171284
0.310580317255236 0.718629462793554 0.390282526835093 0.458915802922163 -0.0138822101871962 0.110839988201593 0.334883158467601 144716.502737206 88037.9105803776 89753.8095197432 56671.2787251142 0.0495955097383808
0.259278942465662 0.865817156596563 0.31486784216385 0.761629876680392 -0.0234089699447619 0.0310996973333349 0.19689773552687 135258.580713816 100958.302444263 88096.7827607229 42248.5029258332 -0.00242072141500393
0.375587179172724 0.739159444363884 0.131864224678275 0.381623580759612 0.0289752408352739 0.125436404711462 0.29647882018868 126329.232026152 92304.1690464292 91522.8115654698 31294.1011044814 0.520218744465888
0.185100240499989 0.662236489661975 0.516124508179077 0.420873742030363 0.150389226142866 0.114537733662178 0.361036404537577 108294.518573442 102877.174816222 91736.8079769738 54290.8731831509 0.238509686098183
0.207204058389753 0.62247438183549 0.087725421443639 0.342179701763349 -0.0934623346955182 0.135365669710518 0.1615604705061 62631.986839157 47217.6529557468 87183.15551159 27179.186625849 1.01569671587901
0.437911623536368 0.884805445343957 0.69936797733067 0.379763456193181 0.039711600604765 0.114808216000136 0.243588118621629 154494.784987798 63422.0069784246 90875.7349117338 73936.2034053671 0.30704168440067
0.29689013268991 0.84963427356201 0.368691445596507 0.624104494220809 0.138833290092488 0.168142506268843 0.407464414835961 123720.536937262 105183.889822147 87434.4785802168 53760.8426766921 0.179631390060163
0.553605350688417 0.549893637420507 0.499748483100406 0.580673628317042 0.151200068913277 0.0365217827402734 0.356497416140979 137230.725875922 85585.3790645743 96840.205730385 47372.3133316926 -0.207404876760156
0.458994730607533 0.725870682717488 0.648201630263195 0.418775813527667 0.0566096366670478 0.0488555000927872 0.454790726262786 140170.354536941 95040.6568609449 85540.8266955079 59508.6969420776 -0.0135876371101849
0.379296110746687 0.79170125536692 0.328695341959355 0.392404064003821 0.0201534540234151 0.130460213506512 0.297390067361258 152435.682330454 104281.798267195 91456.180950558 50931.3893922642 0.0219229588705422
0.329828212976978 0.287866406942886 -0.0940854292727869 0.21469210539454 -0.0230225581508041 -0.0703508365717372 0.142470576874419 105139.712241199 82019.3779460652 83934.0832190647 61300.4427780781 1.01346160386542
0.210616040180546 0.827479731826968 0.738103775519995 0.250152498754155 -0.0574186396565207 -0.0444433859309757 0.216244099242567 212124.936203766 163976.238868715 84907.2966465262 33523.6615128297 0.00957441378729826
0.374370172915749 0.743782653601604 0.165729588886397 0.256434368663322 0.0266538136819147 0.0655496750678944 0.315500650494751 113153.035681083 75142.9879259717 89281.5197950005 72694.6164917264 0.103822386891798
0.321854872107141 0.647518881585324 0.273266036982176 0.452926567521623 0.0893917423689152 0.0800810322455086 0.272578001203399 135592.28649362 79404.786594736 89621.53921588 69432.6509669999 0.344568568731752
0.305690824972461 0.99503461466453 0.48693132054622 0.31041879876775 0.0493457769176621 0.0754269501643192 0.262273439720164 158560.893651442 120384.792154044 86829.0160491131 46747.1257774629 0.0735489995237772
0.452010334850991 0.446608558358617 0.287614996903754 0.405556874089208 0.228619678235788 0.299598267781331 0.43004611199473 96710.6894101743 71420.8464322728 88237.0575295695 112158.597972824 0.544779311054591
0.302007932443189 0.786577973492579 0.118486508386991 0.558417975341667 0.00220129885419612 -0.0685232386044395 0.146199815644791 112311.166262338 87977.4969266861 83750.683155688 58185.0652144605 1.01390683821425
0.395590134267197 0.724382504628617 0.840059350900213 0.391715452033041 0.0475092150478048 0.167534519499034 0.184941675301109 139209.130746402 78335.3559064165 92237.3944227612 57120.7405850572 -0.0297724562249441
0.33487345832607 0.771589211712283 0.694835664462088 0.244504380916936 0.0736227414318368 0.14935951231971 0.438804426909709 134398.545010698 103109.554615914 90527.0266057752 90232.1062404678 0.0858314808993263
0.752603190177452 0.788729017186384 0.910121452003206 0.449450607336789 0.281331118953691 0.25071494631932 0.82576742611397 121863.672289743 83619.6473497001 96000.5426680783 138108.007294634 0.397552647874403
0.427963409426915 0.773524186240423 0.369993898197656 0.464165560270175 0.0894417259134323 0.0547709555361234 0.393052742978013 140495.876135752 89694.9277535382 86680.2999654383 48128.6517449336 0.267584034835832
0.410026703642026 0.666672032043228 0.712792501907885 0.368374882588496 0.0549936234949207 0.0773844127499928 0.373523248220824 117834.665180033 108910.566239765 82162.6921324308 67727.925515851 0.449768806387108
0.230704525187709 0.891213435712859 0.334574388068404 0.802092446393154 -0.0250065741186777 0.106286884432509 0.170434278505128 83951.497619832 64285.4040663951 86199.4003601666 27863.833855719 0.927819868220148
0.395187461553016 0.985724811563399 0.802267616135008 0.733887243856575 0.196399840891814 0.184131245500009 0.398340541102202 260859.586306452 207264.442541432 84030.9791807023 80950.6423991133 0.238911566212565
0.5175589765412 0.708756130419426 0.231331069017242 0.326400584626834 0.121451920268545 0.0697209380140098 0.431865131867982 125241.194926733 78557.9060580661 86947.2435690079 64549.681773277 0.278554805885365
0.198884212212169 0.489983678666303 -0.0595904604080987 0.38608346047295 0.0764622257933606 0.187870740480473 0.287355951794929 147174.311235771 110649.522958702 87418.5043610939 29683.2675166515 0.0358454901721925
0.380346222489829 0.813620503341197 0.488769596129236 0.392328451330829 0.111632251947145 0.136054486827677 0.4820449562169 125397.712753859 94167.6959615082 93622.1397336639 80069.3104805911 0.471826734386879
0.245604560785137 0.899938400110134 0.980813244352268 0.344667206248302 0.0347415751383947 0.0520442495504614 0.231027934816724 173872.381929159 133614.282855282 85389.5495696553 36676.5137573975 0.017790620925729
0.316511725576944 0.721247241553331 0.256558570807574 0.50945786024014 0.0887147434670734 0.174286834767564 0.573555983759228 131919.09816883 82760.6631936102 96283.1557117055 50454.0904718027 0.069406853099814
0.344820742735882 0.719444909675609 0.658167520783229 0.360259431012068 0.151365182721182 0.0796881340183501 0.374589246270979 130712.428848251 88593.8329501896 94180.7994622591 56821.6444673602 0.22425699181037
1.07061599247222 0.61827092630449 0.576903129037889 -0.401815364166341 0.210128738024291 0.209696453836211 0.520830947160619 186692.533237232 128107.435820299 96281.7704240792 78510.4638119702 0.273983339472338
0.169175550548069 0.476664477083142 0.214243486752839 0.593726231696934 0.236291685473004 0.176564531922293 0.110500201494171 121819.584089113 126412.982837387 94808.4595889183 83614.8487140081 0.64348846475534
0.930613817399671 0.771472536495719 0.961989521734043 0.0871969081559137 0.259093509920589 0.241588728546407 0.597370414156727 182747.664300056 95506.5623817097 126796.794290554 142031.467836297 0.882309787621045
0.510277828548676 0.70157897144805 0.0471278186458507 0.508594540153572 -0.00898544962021991 -0.100565657833852 0.0884330088627191 105883.892259633 82156.9687462251 84784.9595260067 63225.9762450292 0.995907282060054
0.380918172547746 0.810278689784779 0.630086514688508 0.397511281190502 0.0805247813671411 0.122158439658935 0.333939542282048 94648.0985560034 87096.5004862985 88640.2760873464 54285.1338782293 0.449067095017572
0.489351216268688 0.756342398588765 0.346481751261103 0.369377739450472 0.029185598894747 0.175573761528717 0.220267800924373 130557.31358684 79089.8987863694 87777.5201327424 64431.6578639932 0.435497665220075
0.448697313222979 0.74462929068007 0.308978219792785 0.35539830996281 0.0772795284872622 0.101123668338421 0.248657317443017 144462.700432417 88889.7990401644 86966.9390367778 65002.2410027215 0.117502016291744
0.320134053249061 0.554078338867881 0.680457586743481 0.276657393656767 0.225988601555085 0.120460591339655 0.171772222760462 136673.031944871 72556.1545875883 91145.2953684818 96579.4844329537 0.546555948851241
0.293072208306638 0.709945756843227 0.601456259126267 0.466685804952329 0.0997375407244196 -0.00706026262257721 0.146259431668739 147013.040062215 94549.0304023804 83294.5058223389 48112.9283297398 0.291495633384307
0.295534339528953 0.765391860135516 0.539108639040592 0.416614093077069 0.0763036091330941 0.138694131385826 0.267865747583831 121606.128961244 85598.0534538607 91334.0055197907 58570.5169868693 0.210459396646015
0.470496612171793 0.700186243769727 0.462310962745936 0.0847699165305657 0.0581962482561826 0.0764550985679072 0.447499591306515 128060.145548488 96047.8355441798 91984.4164345941 56353.9989495062 0.0376721748008179
0.451971564575787 0.653932133482036 0.295925680430543 0.379116625873686 0.144404846979261 0.102503717108421 0.356580275301102 111071.091081535 80206.9595945778 89389.7090352526 53956.1873303066 0.0593150395111481
0.489103017278686 0.727884122451583 0.413648991590524 0.456325149663507 0.102627063075653 0.118565045279986 0.239239874372389 146792.762207083 108420.548055519 89553.5276277083 60672.2144223706 0.223445292943984
0.426733362638715 0.768127156662469 0.377985193359283 0.352326442602119 0.0861618220039509 0.126733036296552 0.287629626743163 135173.445424852 102299.909714915 91883.7693678869 56641.5949510948 0.289707467615261
0.504364844500547 0.773301600635657 0.85008091958513 0.146980580565226 0.0107377061296191 0.0209320222553689 0.359864648979128 96796.21619138 83933.8140988757 86796.6930138261 90180.752245686 0.150066224373441
0.443677214566683 0.741818114202367 0.513393577841731 0.512626890615302 -0.00923152314313186 0.0353704288990859 0.258187178358833 122961.3025379 96822.6769407767 92915.3992325919 66013.0701941863 0.0198349648624556
0.539238626610665 0.727955773909469 0.175671186439773 0.345041880261928 0.0364787059508777 0.161662427865712 0.28705270673874 126936.315453135 95628.4826975367 91034.376017696 50028.0493160976 0.0280293126868602
0.46348598580664 0.814544719660752 0.593450128332637 0.531783338256431 0.0533606428913737 0.145263796266872 0.328840937844235 135797.60176872 96512.7191617015 92197.1854571886 59528.2468060732 0.159387677789365
0.803968062532286 0.500693761299572 0.276029843301965 -0.0536864605687893 0.191524268004993 0.24755436430936 0.712567582333968 129562.153080238 89742.9966352523 94714.4265692907 102309.153710277 0.260983649515643
0.331478026459227 0.586675004962697 0.00328181543792733 0.377810309673444 0.0418341375004983 0.026893101709307 0.224507338345215 141390.203187017 107320.488435119 86663.6538982567 47463.2850927257 0.0423085123475111
0.48657128407089 0.737524858454399 0.658607620529947 0.251214456922381 0.0879504014763564 0.104785168688867 0.325163601060298 133368.597715305 100298.336643657 86143.7378948478 84640.1016695155 0.321696546670014
1.07252510745096 0.669606089249997 0.414877825155979 -0.660007317604539 0.287668733547369 0.399984313833343 -0.0666057984755624 115091.324395517 90907.8399206162 79728.2263590486 58660.564409901 0.25971198884312
0.890190030444049 0.796020194506409 0.775389200297708 0.109070023565222 0.23274866537321 0.192547984902356 0.70257801515777 171119.071773611 127227.175059067 88228.7305733699 87813.8090983393 0.310015960275183
0.28721685750278 0.379736876309886 -0.143190761223319 0.305638278144678 0.0357008669751339 0.0606206994117345 0.228166505289593 145358.197272778 109400.135263406 87228.1454238042 47097.6575581687 0.00723593508693196
0.928330600710192 0.845754080952323 0.98179971489099 0.589484156414327 0.287594099745284 0.24258755736746 0.609971289253641 163130.893712443 107629.983351963 99193.3330201886 120712.102204355 1.18360708821418
0.384822214231115 0.694285914143477 0.0801913011488951 0.363299677431817 0.0674752196242521 0.103461356390093 0.189594978091094 130495.681921601 89799.035944399 90896.2808870324 75876.0628298801 0.0631459805867809
0.485151043901945 0.680382690337693 0.563057874697102 0.663581074901644 0.0779270463300179 0.100627177916165 0.357591523013575 93524.4690914572 103192.129982241 91558.5762318931 58453.5816972719 0.334156011804506
0.439380871614996 0.33279742663741 -0.125023888181787 0.173563615745708 -0.126511690742922 -0.0418199995910496 0.0639769831067476 66346.0954422691 53370.1778118864 80961.8069748611 23686.7498329553 -0.124241265366323
0.680294992066001 0.268191098349213 0.395252775948899 0.704352305086456 0.442470699522537 0.81353426252954 0.907740562813376 243466.145779811 158090.538026345 107471.150034263 249375.874064336 1.23474285031944
0.523711804706749 0.727279543212861 0.525192703204551 0.594889478163103 -0.00405984218110156 0.0827609925315692 0.388522033557117 125047.826426791 79134.8937126013 95826.7404542175 65173.7599878511 0.343393417763377
0.353672541398587 0.810159184368302 0.516564776389102 0.508699458295162 0.422185967234564 0.438355547122253 0.375141011603403 156366.391195226 116392.933212388 88392.5878490272 43686.530991455 0.0946369217422164
0.833216939430258 0.895504597130594 0.38800350954532 0.760031124608087 0.897422964374834 0.175682767858071 0.853019140276315 131592.244592521 97435.3274602588 88798.2544683808 44379.934765709 0.00506196631543523
-0.223571781505184 0.48705642713167 -0.256910354331269 0.0289281543059805 -1.06999107653269 -0.0856486149831796 -0.236125858643689 228550.415299121 61347.6344960055 235091.892602809 -733.166620070998 -0.194533447179292
0.416565410601406 0.887127668240677 0.472037524659059 0.264157796842416 0.0803244013195939 0.0135078339367771 0.368168656430558 158568.08524834 70800.4916818861 86868.1526565845 55566.3061086978 0.414496323876822
0.454941746691773 0.524299044244945 0.0586902838894022 0.255922101910819 0.101041091280231 0.0693359735200048 0.185516452203002 144097.039286716 101210.340552543 81082.8488711562 70325.1725241448 0.213864292289164
0.466884969439942 0.353877900647702 -0.19502081943921 0.227443546014106 -0.0363679946520429 0.0384973440456574 0.137659675581658 110512.700965532 82367.1181200898 88123.2073841002 37541.3286089375 -0.149017940756941
0.641181159875644 0.577169808142234 -0.0194736626064813 0.291039871479567 -0.0548594438841571 -0.131316915813012 0.300827370883387 67882.2468729474 91507.5836297338 98879.6769744178 8864.37506244767 0.325960436623274
0.216001276584874 0.897529960472407 0.374449353859744 0.811704383669107 -0.0975679054924677 -0.0993254058620099 0.184837131143553 136301.075853797 101413.418217653 88595.8934576074 36983.8561137838 -0.0177965314178092
0.42268626002642 0.593529274637574 0.319328693400213 0.354025260256983 -0.00189136841396248 0.152272419184093 0.369226991231558 187487.342221205 110552.368774422 98440.9791657552 64723.4850119951 0.0235303726190233
0.584566114039898 0.742998506330572 0.572119672678236 0.530016809895729 0.108196138308187 0.0878078070382551 0.533544408778781 113574.072239527 87939.7718241127 87911.9847487004 48890.8092322732 0.181843824644953
0.368157565108289 0.756266699155839 0.388124576183006 0.404931212729777 0.0727331437897806 0.139972398272716 0.427759867361448 130669.451415404 98880.0282552273 93863.6141096039 71561.9393059408 0.213314134397103
0.668561870306719 -0.36523422560253 0.432760954108101 0.247358613919458 0.977909308198064 -0.21009709917442 0.555346891148891 251323.599522536 69718.433058468 239854.410042149 247419.618331928 0.202895819205927
0.4802785140274 0.724680865954249 0.503897596027562 0.512958394996348 -0.0691141948599565 0.0917603054741636 0.36892158525316 109375.887977905 80504.5197051126 84972.5365810106 70601.1081593525 0.299251089798003
0.283938945920388 0.838433518540145 0.608420080664686 0.333627383721311 0.0504063528997599 0.13013804429903 0.351321270702773 136716.414071193 87999.3362173461 88167.7766733748 67442.9551806329 -0.00534161407208242
0.384157417316671 0.765731711419991 0.782924890682469 0.133700874836658 -0.130038625597785 -0.118189043033986 0.0213972021543819 116321.889202868 92053.2818084389 82880.4446718519 40102.4902076682 0.905198787422203
0.6289784361911 0.791340859936764 0.708051448107568 0.548347551309907 0.603127071927967 0.515199422554553 0.739620665966381 165540.688245219 103876.325644997 104367.692726758 120472.851748398 0.357860420727092
0.500949380879737 0.765011129825585 0.507762505361403 0.345583074383519 0.057194317676731 0.120117863310638 0.380550917894994 154895.815416204 107968.728940445 95984.4906006111 23290.2663929479 0.351516223474221
0.254631034856274 0.931203523921077 -0.414339429205816 0.851213013469512 0.0903912200409042 0.0863765358096084 0.250230033572239 145245.214120986 109451.141759294 87354.50474269 42997.449596216 0.0219966606443436
0.28460195871692 0.939637993223157 1.18827515178804 0.142573938797032 0.0316191995796556 0.0305552143527578 0.202059836873856 158804.591378724 122238.112015675 85431.5665478728 36540.2861913834 0.0389493362644156
0.42061625057687 0.891291637176633 -0.328950879161218 0.818986662239339 0.0215515917462052 0.0495901410897927 0.201039140244584 125835.587855702 92669.5297792326 89391.6274255256 37181.482520174 -0.0718386571492118
0.531006476345346 0.948492805537803 0.757647692402215 0.649872990888856 0.124065285116253 0.170618123294322 0.339160164663732 223473.484478234 118810.669044315 126398.463714992 67933.4055391034 0.11747950276956
0.547486815191993 0.553699004677373 0.426738355660517 0.322484540607353 0.189071381431412 0.0840184740059193 0.384102831103504 146678.35994456 94769.5765242849 90895.6808194566 54080.7641301738 0.234453699035486
0.348335854984384 0.703785941247227 0.416917632559918 0.45050562634897 0.0894962260409139 0.158765507511128 0.50651062000793 104615.84920319 67952.7461583952 91246.7346742315 79664.1577441747 0.230546712506397
0.862570427387162 0.630395670066616 0.525048825797086 0.213040116253797 0.194833800722537 0.214224632131945 0.496629269117569 123235.219514975 80520.4470823994 99917.6897198089 83041.0652845703 0.2200489072177
0.16894062378059 0.844251321165732 0.611485715796094 0.403408126602297 0.0246361833973214 0.113115860125065 0.537731503430783 104313.354362128 101877.120737764 89435.2292468035 52280.7472711169 0.0327954941938572
0.383463760341763 1.00062711034755 0.946581976412501 0.672989189893022 0.204692336044159 0.209960303988364 0.401967437529801 245988.600189382 128347.407971828 129224.210347481 82486.8894886805 0.247824514802675
0.31775381850396 0.687483320379433 0.479251353260004 0.408015769187918 0.127122967554048 0.0513740609548385 0.238710408809757 117444.569209702 111528.690633391 88097.5635011724 60248.2964169304 0.255258124061225
