PE APC-H7 PE-Cy7 PerCP-Cy5.5 APC BV421 FITC FSC-A FSC-H FSC-W SSC-A AquaAmine
0.196495938299402 0.169998659831877 0.366740215527447 0.570365884695083 0.333894764288783 -0.807121810903342 0.773656839792766 -2741944.89838294 209593.669020942 29597.8313384404 187024.352913741 -0.31954210492675
0.514854020953475 0.86353969507182 0.171709256815119 0.908524602466818 0.119131071780347 0.454251830219387 0.514262803398972 143342.213424044 113223.065389237 84122.297216677 34295.9225995207 0.646062713527708
0.447805972384631 0.709623597616331 0.263000761987405 0.551389675002718 0.134878732518448 0.132090480385046 0.229538848785776 121795.995982029 93061.4847081351 88819.9760411767 39972.7488720097 0.247117815565019
0.276199976379555 0.430042917731972 0.0452183680813841 0.300161377086357 0.0537276935507108 -0.0455196962877453 0.149673522195776 176956.600706595 143909.581679486 80787.5189102607 38502.3126853216 0.0156867490490314
-0.165484680355627 0.89913006073451 -0.463565494208466 0.923560186208985 0.0919134527048425 0.074769527207716 0.117002502661429 79062.8207039976 64204.2132206595 80012.3213289241 46973.9691400941 0.107816641521058
0.23620539192482 0.748746512696739 0.424925694379023 0.386808795712394 0.103700533936803 0.0177279497825566 0.131281816230921 83056.5199645659 66991.387250386 81725.9637200824 27307.9205898574 -0.00422426467859818
0.47183363874345 0.702277811348408 0.62038521634337 0.630903004998081 0.077108686024389 0.257152319265576 0.354514408447965 104255.893987108 112128.271604555 79470.5259097917 60531.8336676103 0.543699708173665
0.313819374962729 0.887590497493941 0.244060534549121 0.68308225194665 0.0741293849784228 -0.0409733508152247 0.170679924954496 128364.886864477 96721.7255307947 87208.0422759266 36135.6086702385 0.007281025607939
0.352541883191984 0.904190990539835 1.09391500228513 0.451031851147272 0.119324073971084 0.152480110816031 0.24954895846716 196636.230764095 171925.644861205 75118.1480127126 59668.1080887747 0.97641117981452
-0.622893916632133 -0.586224905733322 0.487437750860079 -0.724560360097053 0.504170341900532 -1.13240714183679 0.982659430736642 -337985.349526009 242013.568772353 9939.24303198944 243586.753110114 -1.39560244328785
-0.395282243406145 -0.353387240513602 0.150114635268608 -0.484324676082684 0.307946359006295 -0.97404215227969 -0.390360037106611 262084.959620026 258834.819464819 66299.0568958331 261845.537142302 -1.14257974025706
0.360430724842553 0.895625275686548 1.08917882937413 0.417314696700207 0.0940038105003945 0.157164601265561 0.226712207831667 78048.8244331058 51320.7862673013 99762.0260849793 41395.5755655143 0.0817561717224217
0.478940191463005 0.698927914350479 0.818465589018029 0.550067687688297 0.215167606031492 0.263393669111243 0.41984347537435 145032.157671225 97746.3032156628 98141.4933829285 101146.326586275 0.385581831611979
0.403034713394941 0.746278592756877 0.73395864488926 0.590830980384822 0.0996854606944731 0.0830144076850067 0.233892867243479 82923.7017036783 92511.2101995583 91569.1580642174 45260.2427672252 0.208682911259129
0.546245653619244 0.578727471168539 0.448361859285811 0.634945392888421 0.122977916935152 0.48442420135151 0.539262866272588 115623.244653173 90769.0815063711 83905.8817682408 37553.3636300756 0.756706789323903
0.555500243527981 0.789823759093787 0.668307127744009 0.714015369520828 0.178733037767207 0.386908898719084 0.513662414522084 184263.975097259 89970.8831722207 137904.250080159 60099.055350936 0.573178778723244
0.360798962013363 1.02440939270427 0.604026537005628 0.474980088092131 0.196703656120797 0.30761185627338 0.170969323514246 144048.774513686 78239.8620910507 100588.86003434 58090.5139523195 0.631623055571284
0.774581220649033 0.903535641540793 0.859360980931708 0.69365246008308 0.307035054373579 0.337049606387207 0.681517322809034 171685.738323466 82607.8994845846 135956.177946168 131666.581068691 0.717565491357168
0.313999912261544 0.785261827943054 0.533482178353432 0.468428807948042 0.218033557636728 0.129036801914428 0.267563486246904 125674.605262225 96090.4186547242 86522.8937933807 32017.4267747876 0.10782319354555
0.370727651705701 0.701131990350322 0.757609496283968 0.463562403852313 0.158045749369306 0.161367150090173 0.316158299060409 123318.214648853 97874.4007889438 83909.2394375301 45559.3028627734 0.302558021499777
0.335708967558952 0.937260575141811 1.07935426795034 0.462003616608434 0.0942802414960244 0.152321958011792 0.248470035964017 130195.242171358 100525.800651377 84860.6327673039 40245.1804898211 0.125795373333178
0.326503013432088 0.743907121624464 0.44980401841604 0.699936779588261 0.202260516172948 0.0551221255408837 0.327039777054082 138875.614285607 86870.8757127976 88662.6791601633 54807.2689700709 0.2314003751976
0.890673240141821 1.00748594993478 0.837146386255212 0.556122404108965 0.395649265545757 -0.241793001347874 0.502486733861575 206521.891997956 177413.858513873 77303.0299761879 79887.2046981385 -0.412042972869338
0.319502105180766 0.885088676962474 0.256585190901998 0.597567280527152 0.109180383964667 0.1225107770824 0.272625203089495 167323.217543804 134002.387848785 81885.2903677147 45307.4322365695 0.158855082381768
0.563996811078531 0.773609265689021 0.640867958808984 0.931258310384664 0.10467815555972 0.165064753017444 0.842544839507123 111005.73843921 75654.4039220169 96038.3467562984 68077.1158079572 0.444595454482951
0.503960914469439 0.893455432777498 0.550859586355836 0.514445713898666 0.0855878651081621 0.160829194034376 0.420299973789886 139559.981105178 77889.8101825788 90978.2574663226 49641.2139461011 0.436939710781653
0.356862702332241 0.892416762157918 0.959996864396182 0.487848503799841 0.084286943780665 0.18480895043398 0.310103748913945 138558.138686272 94254.3779854871 80055.5230364846 40785.2957834231 0.112985038390409
0.454755329166836 0.889367460524899 0.368973588567045 0.769017965086122 0.165875305993506 0.202525209439011 0.362610516991985 92585.5619942534 95868.4478497222 84493.9430371464 54066.5842196828 0.00671419342921209
1.3163673283578 -0.233360847653525 -0.0646038800770405 1.34675980386362 -0.277505136449638 0.184558736587082 0.674470415840369 106869.819024506 79042.1542632391 90595.4824505116 51801.6096237368 0.350493963949016
0.356841581280239 0.948840539949584 -0.485109768224378 1.1721534628013 0.360773214186688 0.330278838497716 0.17041934292083 72001.047735268 50952.0646208272 91695.9839361996 29722.8722122307 0.0789296209620693
-0.0452554209715256 0.924991823079829 1.07842073856762 0.125004934786438 0.0776304039539689 -0.587240256674423 -0.139958797333629 116776.325228956 89128.6757205726 86951.871733478 40256.5850908499 -0.722912932812663
0.129015911870771 0.00499139565035643 1.04650982031529 0.26180002914401 0.107145186691961 0.114306905162559 0.0672144763795659 115470.342088457 74781.935674765 101534.698015282 59868.3454577798 0.0431525818737283
0.357587105371042 0.768880323220056 0.732544088820857 0.708443102782109 0.137292687606449 -0.128026259095157 0.219438729652655 164856.484366332 77282.9419150612 94306.095005799 33774.6128334583 0.562360030787406
0.168214961660245 0.879979129247346 0.019802498383106 0.931891954745795 0.0825337154057521 -0.334793306734068 -0.0116686886133242 149572.821161253 116969.037093834 84435.1529757252 38668.9599245756 -0.336787074593063
0.628226699543423 0.674670856466691 0.823770079346513 0.528619911402784 0.230111924457489 0.296368919569286 0.843650772941694 99603.2232874264 59231.1967705517 110421.121562255 115006.518354842 0.386415105246497
0.640385458814586 0.765601299636929 0.800414801204183 0.479905578717121 0.265088239778986 -0.0360978541138075 0.785625716113035 131858.300360233 93121.370292876 94551.0934657164 99244.244505452 0.0366944690458917
0.315317629558939 0.960499939371727 1.0497646540461 0.476733560683832 0.098588148637253 0.179804166573845 0.277365322206367 81500.8179882103 58918.3651516581 91435.4344484105 58420.5433616524 0.119244954016138
0.246834259151418 0.727028567118536 0.48212051611057 0.476330966940636 0.0813107882399282 0.226324300217875 0.455160394933796 122983.097976604 87465.8662293231 90492.6498392476 51384.1723857094 0.471444079317604
0.578779813869319 -0.0487173037724747 0.302823770217019 0.594296946416145 0.19349012569388 0.27661140710207 0.380077124439534 86467.432414678 69253.0141333565 79239.4272200932 88546.5370494966 0.736577203426253
0.307073125974677 1.00120997239071 1.05677814997292 0.52497846766754 0.169429260667607 -0.21357442879712 0.205395594767534 209515.445958469 133470.040854765 103142.990082416 56572.5403606903 0.773210176058526
0.228794238158568 0.895943112454664 -0.310129717894241 0.954528649664157 0.089861033559595 -0.0081164016250332 0.136129330513461 95862.7550242364 73078.9000089354 87596.6374874191 37748.9928919178 -0.0729727082231319
0.451857705933139 0.835105497675225 0.674773310857932 0.51578048874359 0.0943973749439787 0.0519762840247129 0.166094444700779 121525.714096094 112407.63419719 91648.8719976415 48041.2593772127 0.124173897929037
0.328144915330326 0.838794114893268 0.26166002510687 0.66236704601063 0.0810056312155001 0.0760211053812387 0.219902515091189 144758.611900986 119468.142530755 79736.8448563114 48144.1075764218 0.936497948239363
0.461831870571552 1.0225394314123 1.11281214809869 0.737697547220101 0.203014736112121 0.261236896794559 0.376165604507493 222452.402961027 107777.282812971 137704.09144083 79324.5237433161 0.294376507168161
0.326494202668537 0.87585214037002 1.07765140617991 0.402261948916897 0.0906969983608428 0.1193043705602 0.195950458852812 74123.3724666701 55757.1311086266 87337.8703135441 34344.3912604799 0.869732375397967
0.56975588861699 0.840198143489911 0.966257269081225 0.58522384984627 0.294701058376339 -0.505897880109967 0.976773022404474 260781.940437866 133010.099099962 123752.789979868 191953.766528341 -0.572275402889805
0.506983914242552 0.978967590282692 1.09520694134278 0.496144259513588 0.0988586818358747 0.482882855180793 0.815566520626274 117103.541161996 86112.6416307183 87096.6732796329 46908.9037529322 0.229008383303271
0.650030683024037 0.907742079605657 0.778670605211307 0.528727747156978 0.352748764108534 0.269039465485079 0.720968932711116 91699.5869319359 60763.7921359296 99244.3698931242 85890.8034588265 0.274629779763486
0.869609879821301 0.670648787821576 0.670886559099617 0.524689337337801 0.256803827514745 0.268205160698235 0.520124768436757 66095.208750807 49566.246901838 87652.7409016488 72291.0291760097 0.884894178868965
0.533540637803912 0.875687163153399 0.327643090952096 0.692625377428314 0.427684471656952 0.0526457163296769 0.158940348295344 69515.5674786287 51698.301493732 86811.9692093542 37052.6272418257 0.86452645473942
0.328336421306023 0.951186685517322 0.52061379613981 0.922925623009887 0.222953848239822 0.144074726449764 0.264688055570254 119333.923157807 92168.7616642707 85489.6556690017 32008.5200783712 0.120379590616206
0.397430161264324 0.801700091303732 0.598475452947832 0.510847255157533 0.0656518286544114 0.105713504598051 0.382566346273082 109721.776566761 105338.275338176 91625.2401770209 59738.2386751986 0.312622938180996
0.325984062803821 0.883646734727174 0.444153681398553 0.666852996286558 0.168420421389728 0.265364973065758 0.54068725343506 107450.588349631 100079.988669066 86155.9502210591 62139.777250294 0.0103722775824033
0.612736111700768 1.30716155371066 1.11805182845894 0.966654242997391 1.29933518010786 0.830150778613436 0.527058602219234 118112.349110722 82704.8836659615 93429.2571357359 62545.8691518196 0.411537582012197
0.56738276094854 0.942023734717326 1.1004624501266 0.561315774124331 0.199041900199961 0.266577237427203 0.376770512626923 181729.989946645 124655.315953497 96161.2923509463 93230.1739476305 0.857288287429539
0.405433924622722 0.867572664467742 0.855034034846794 0.445648897556577 0.141143502132354 0.145496954867437 0.335042192003428 113667.227397969 133053.834293481 86553.0138486605 41645.6227760502 0.277739785630096
0.48563148985496 0.764681496654107 1.03644310451451 0.735293363608861 0.0921141901635447 0.2374709293745 0.478124692525932 104991.075313406 105784.546092536 83966.8591612888 12872.1928833387 0.277848572137494
0.307596162991647 0.872783041931316 1.03897220525345 0.268991046928345 0.0517995831342201 -0.0286588448162436 0.128625420067654 139391.128869756 107056.890743809 85517.6160700231 32309.7153838173 -0.064278221167693
0.620570281109808 0.830941631893229 0.310881509261207 0.458827423379941 0.10085335696676 0.310292625016171 0.343381588087194 101479.688189589 91411.9102477378 91143.0492351438 33490.0920567041 0.234472414282691
0.445089758864179 0.967656783810921 -0.245140643446051 0.974983138127827 0.192196494584453 0.334551681255219 0.480165351074124 169629.880089314 125456.540754327 90962.8838598334 62322.0566440341 0.24655345456462
-0.456773124861339 -0.417533005468664 0.370176247307512 -0.529003788266768 0.384006048526571 -0.997855044289388 0.727312024913652 258758.039242366 255895.214463618 66760.6324204295 255491.589526588 -1.19253228852022
0.344967456715965 0.918609480856516 1.08531369740167 0.428764164604304 0.0911446335341845 0.146076483959432 0.225025859637789 99515.9932702218 72259.1172317371 90395.926298664 39933.7710500776 0.082322693303558
0.274440280352024 0.804675512888255 0.522909139512042 0.502980881404419 0.163940214872841 0.156196894377987 -0.0715991500357598 146917.118956198 127941.177870258 78172.302051432 29269.551327812 0.124420848028434
0.479243915303635 0.672135898773765 0.941577268646516 0.478606473543315 0.0563403206895851 -0.0378822353522262 0.302367651782713 128198.832945842 85542.3208468777 85623.8849987014 61779.7401737609 0.410024927607629
0.587071746226765 0.916859006345731 0.543423747088456 0.548705719043948 0.213123291160785 0.192572976709442 0.336006743118357 150508.660244631 103260.810115863 95983.4176175768 45958.0372836469 0.410533743621756
0.515758066496533 0.531414922937116 0.360954726428244 0.386303072658986 0.0817598065520842 0.131907890549936 0.236371032279767 57988.2976749436 45054.8808516929 84396.6599035401 46679.4092016553 0.846867673518161
0.302656862776175 0.748147727883587 2.50224048466919 0.781863019528896 -0.0665397445167021 -0.804836225610666 0.152420359933716 132665.09044623 62820.3098975933 91462.2306710077 113585.606454174 1.20259611835016
0.512999223319131 0.886429040864748 1.05360872841151 0.604957080781931 0.102587471079696 0.453046115100039 0.496418004307074 111503.779175043 85166.2434539192 86925.8939614528 35460.520854718 0.624761142336957
0.328265975631221 0.866549807044357 1.05569596971246 0.110237779813983 0.0601484059942753 -0.00301176065566288 0.152679794294012 88340.9712522584 62600.9008962091 93074.3843507587 32771.1815087447 -0.0549368198791089
0.747760831193475 0.824886794590554 0.834756181557703 0.644437348755708 0.343058329678336 0.364543515331671 0.757509832344374 261772.364346639 236152.333928261 73396.6455896317 142646.232036946 0.647109482761363
0.230346912163128 0.767295827479006 0.127914107440249 0.372876232451376 0.14498142209372 0.458181537558311 0.471066262376992 105053.190893299 60327.5695472394 90788.4670609989 22051.1212093589 -0.0296994426275324
1.19318663327819 0.560491826986013 0.416581887662839 0.482026139350116 0.334793223638181 0.12622821662137 0.512558808560071 121711.618479753 78903.7102794924 101669.657059216 49763.424674627 0.138841353393427
1.15168487898968 0.821772328864152 0.811378510245472 0.619867281934946 0.28946624610674 0.300956593042392 0.899195869337078 121647.082269738 81210.4884816411 100424.706417169 95387.8310796163 0.421945599601389
0.499503393391885 0.733823525661034 -0.0603429850558457 0.704299221356538 0.0935955080737799 0.298026606074157 0.331149302339482 137869.944983915 117008.458272346 92723.5767491161 39735.8430433982 0.0785926260805094
0.779700872711439 0.875259588684265 0.727883199626914 0.499759725993662 0.377196741344861 0.178618879549876 0.495799579532243 105644.218606955 78124.9131222671 89034.3247797118 68994.0503896981 0.258471128933887
0.405557281802379 0.802489260838304 0.248862323478832 0.541796678291692 0.0930351469330079 0.276781505135517 0.388381623065923 101374.407224336 105958.336822084 92059.3059569091 61998.4280646559 0.0676490189074106
0.488840874288476 0.883211898786626 0.215453601291667 0.700634825665097 0.492850634325481 0.0935148082004207 0.278127781743266 182784.54959065 142722.021809477 83754.1794141209 44104.7868687826 0.134463299734869
0.42779419910102 0.770721685396381 0.783067676337984 0.569514010578559 0.106643759265606 0.0410193113165791 0.200831930874822 114603.025331809 67150.2620297015 88264.4786711404 41682.6455272472 0.507136437983375
0.334652694726145 0.750236891834832 0.123919955070224 0.534153287506385 0.0806072151705923 0.239829075917904 0.433678271435226 147071.103246841 82696.5178065488 82204.5244428835 46730.0414378859 0.231570130557016
0.342635706152161 0.720932974959141 0.537313228503224 0.649477312710746 0.10793133744497 0.159265553633236 0.287836040774698 156369.528400383 94696.1815796585 93910.7998610435 54105.3710531203 0.0617292184108418
0.456181256337746 0.994129003380781 0.272833505450967 1.00632865401692 0.207544903735195 0.203547239767806 0.374434373973919 248967.689266043 136198.846816996 123285.121933786 78528.6337300423 0.280468924242253
-0.0852248393523173 0.704171793261485 0.570731636615019 -0.256189628810821 0.126146316811717 -0.625377825447829 0.658214714850268 91572.5136452153 85883.3722987758 74477.5707831142 31811.6003890029 -0.644866509360275
0.261580706587479 0.940574334085077 0.580285698727623 0.609948753020873 0.164588948625666 0.0756551336443956 0.415196247065575 84252.0531709871 87443.2801430822 90794.0895870826 61242.7733238894 0.15005294411184
0.425074401632349 0.779914640367825 0.639613505988842 0.564181524389667 0.0785375252761511 0.233467715848987 0.425958341896707 123898.915192189 75432.1361880689 89422.2962333006 47847.2134554545 0.54969505615828
0.345092535279287 0.99776870507602 0.564030160954873 0.593272625427668 0.224058709305366 0.142626868539124 0.28465634540555 129091.732878856 97755.3041857772 87610.1618990558 29161.1582512882 0.165411488517075
0.61921905579153 0.560518774795751 0.336140266949355 0.485747209645833 0.137840493572321 0.168721876470458 0.305098186643975 121114.811741501 88144.656015036 90939.6595964835 70473.1313098246 0.239860601994958
0.386536123157162 0.750127837825906 0.870220808136619 0.640611804639504 0.0680950734094495 0.0886389842824545 0.527896633807789 105167.267645841 80265.5592357194 86515.1491398655 70141.51951718 0.389587315462262
0.374264196671707 0.80505551382639 0.532870515351092 0.41007297084536 0.124411223990877 0.160258996140928 0.401398144079075 119055.002651667 101067.477456959 93774.1897744627 48024.3629413907 0.222271922584809
0.115218938103945 0.781510929202879 -0.133982573084273 0.51919373429831 0.0701970039172192 0.114746869793153 0.20726697039106 124623.899533152 96933.2133517425 84957.5608604571 36199.2140868424 0.023417983089313
0.803985278582133 0.888245816974234 0.376189989509804 0.773247241543455 0.943143849473611 0.20427232112457 0.831173005866558 131695.623546179 98588.2542512835 88502.9266594674 39388.9991132683 0.161021274332873
0.155077624061861 0.910383129535847 1.0815214445549 0.421131960571121 0.0869859298735726 0.144535819506551 0.157860363000139 124216.906811686 100849.726923698 81137.4596922331 43124.326601173 0.0959589608363698
0.447545244512631 0.899178924091794 0.56934761778425 0.577944210694883 0.141984297090137 0.114421552382576 0.337092617678118 143249.619255842 124489.965958209 89859.2626849115 52069.8771542017 0.149235176616981
0.41092272458696 0.602995570362861 0.569023506918741 0.202901960638978 0.108037235154202 -0.0064712143566428 0.811071727593822 69437.7609940749 54729.2546563072 83553.2605063614 31887.1852082138 0.230330510217739
0.749345400047267 0.86679112198253 0.872251034073155 0.645644572891913 0.413844122466921 0.363198999831458 0.879930567351301 187143.945926256 118266.05006211 104544.282637738 140793.993907124 0.679029407284517
0.324628837922125 0.702379425425436 0.483179593974731 0.456136169498738 0.179518028451144 0.0704677792041856 0.471278632591511 152189.147595051 78263.9718088347 84930.2972771829 61768.6081804503 0.208738177503258
0.651511703513559 0.788973306867931 0.961479684983972 0.575203031073121 0.307158301454266 0.340437016017631 0.776080682935636 141539.789894836 93627.6920424636 99818.9371100389 117267.908235639 0.458123765247385
0.930363569539264 0.410637753462913 0.575160551660421 -0.286166787386912 0.0996228643234239 -0.611148142727865 0.448328957784346 69617.947272667 60116.9223680155 73437.9714402146 63212.8015690188 0.727605929027292
0.382968993437105 0.869319394502266 0.642527197904422 0.706163864129082 0.131653915516131 0.117715038972215 0.392893545176624 123619.284946883 88019.914877804 82164.4659930025 60974.2280272588 0.179027049806838
0.440637895585402 0.763446501216193 0.339285112960426 0.567631531946211 0.129949318312133 0.232485306758197 0.371625168424198 159136.979805491 122209.892979001 87321.5172717667 53959.8670961372 0.097186249540871
0.47663150876639 0.796637767188723 0.676439745464843 0.526048422652852 0.199257039320075 0.0585318541156847 0.155644092766847 137183.199285705 94808.6303516111 82112.2328480026 61959.0189285365 0.06403394970212
0.625964130644207 0.691265103755015 0.816030355427542 0.541268574698882 0.24232932724269 0.295768897912241 0.86563818547662 135339.467361057 91773.9952683764 96686.7025776723 111249.841418557 0.402375926472135
0.469088831271461 0.960748504462947 0.622231567503296 0.795380437323217 0.186639065696374 0.22089284046463 0.339037618529358 165954.829485347 86326.1239841184 127104.694588994 75249.0068653518 0.704513034402831
0.587913364766996 0.932606657066927 1.09367969075367 0.477304480993947 0.133502499774022 0.211221681265418 0.305181043054153 121271.730449321 79321.2177002857 101430.49197749 54218.2354656973 0.441563622737962
0.334233538624876 0.697417886547691 0.513907478506245 0.636321214495181 0.110753139393681 0.107211813172168 0.524152202052474 88736.7214555373 78934.4033194504 91792.4535998541 39333.0127309922 0.494051782219572
0.515079526362742 0.83726901818882 0.804864033104706 0.79889726591642 0.089439486901182 0.173827567452551 0.267912087721322 117009.77053317 109522.028671206 86687.0552164254 64968.8712180978 0.495759653197797
0.0478162833098088 -0.241277011726903 0.690425044615038 0.581805582750049 0.458480700152936 -1.01049672003822 0.992026103318073 -122150.557414797 254762.907224683 1612.20434517484 257317.245032603 -0.722143273669836
0.542259018850798 0.926853752686368 0.296872425246319 0.961033168760323 0.160683568553804 0.16391561915912 0.319512334210059 156332.46948592 109732.339577066 94506.9684182955 55136.0044580126 0.509017207076022
0.248346716004415 0.759005881657968 0.310823225062671 0.53041473409148 0.224303473941201 -0.00295723374434914 0.299056631306458 145768.247431615 103687.286609774 74536.9123726119 25868.7074107359 0.298694177360427
0.281621861123176 0.894743817636892 0.684963726293365 0.62614280632 0.216484321144457 0.157715164676355 0.287963572781038 87359.1596008003 102748.971355653 85383.4690310078 33007.8078042664 0.599151985422566
-0.0432220591311356 0.783960582566965 0.245244909399049 0.67024523836182 0.144365205415552 -0.65729675834001 -0.0138855740990146 236244.832803847 201731.608982139 79348.2753492423 73862.5084395351 -0.731547860887664
0.474098674676866 0.811100621567433 0.538302971983547 0.528703616446801 0.190014956644914 0.0388651032800809 0.347441849219581 129517.231705993 61310.6840412833 94888.5873804799 50670.7701109611 0.364812946011198
0.660132654805535 0.907625392410778 0.796494219525248 0.671541500355263 0.329118888238342 -0.534688708934881 0.756047976700115 188643.39433475 119930.502250763 106427.001795243 136086.310838467 0.748221544442444
0.540288906807943 0.792394972197495 0.820978878454437 0.603558649095759 0.217516785460491 0.326442637567115 0.244837871419955 130122.847866731 63072.4943027153 91034.6444104554 59367.0307840083 0.532802366218284
0.313610206971694 0.484752826256069 0.169763322484754 0.432135548424112 0.0959684327904829 0.100653860174332 0.244149289325296 150142.471088683 117278.917794275 84129.4433350626 44505.4938186206 0.120154457468061
0.375836986804166 0.76181469304781 0.340824120716426 0.684977109880584 0.0888203583149648 0.0709153692038886 0.181056011534429 134725.627998643 92156.1328175819 93047.7828406779 53725.2880246578 0.406226496678367
0.27123859459203 0.918448736512691 0.424101926824732 0.444087526321625 0.113771193603758 0.140179023015975 0.324338819330009 140997.781973981 94893.8078188636 93572.7129899026 47619.2746123591 0.378297612419182
0.445515544352903 0.848675012046478 0.697733689406974 0.536788273062364 0.156628371063626 0.0323228906977388 0.0515096689885413 173549.137127664 87488.085338871 89826.6571936688 81915.740545836 0.170309941843826
0.324859370728326 0.808050946208739 0.415373961949045 0.53141819645291 0.162392724705097 0.0253132259075557 0.318419543020994 110622.223772884 114628.885226978 88162.699054932 56004.5692743811 0.265857355435936
0.582924761485682 0.870708014816204 -0.0593031322904288 0.650028379325319 -0.00325248796556861 0.150513099191848 0.404381444805606 69987.7415422564 69845.1907374661 89006.6870696902 29652.9078520271 -0.0627028841947149
0.516901129796672 0.839209991155105 0.493501356167041 0.484270722681708 0.117650999032731 0.182525816497689 0.307594771741079 132779.278490102 115029.725451993 89201.3516859571 45912.5172713554 0.32621582069367
0.431081879155475 0.813205328801069 0.48336307921501 0.65351741839895 0.0834153490039884 0.104782129440395 0.238948918514277 104915.420820414 78062.7834876704 83920.6461743572 46680.6882284469 0.197764068035894
1.17347610021903 0.653973494846656 0.862740700893587 -0.479855025537398 0.198788958742714 0.188262833071641 0.604012718243103 111198.952704005 70631.7892892226 106512.027979545 65478.7521370788 0.42813869057965
0.316553178240927 0.834526981253631 0.239524476809769 0.678917403098662 0.0855635096367586 0.0456183254462531 0.184856704801373 75888.0947125173 57335.5085083725 87146.9053997017 35542.0403955208 0.883643737713163
0.309066979564123 0.983607919884561 -0.145311875209999 0.79458477947466 0.104780719806005 0.266055228318163 0.652229788413502 145015.620191481 62196.8463986544 95487.7265143149 40094.0958900319 0.311696397188548
0.405786518923595 0.297206670999864 1.12325818693573 0.230541386299973 0.174170537859261 -0.156279364036167 -0.227437105647722 57442.5906670278 168486.220011119 96887.031981577 96803.7941849932 0.138839519384902
0.397840822059629 2.20504935237947 -0.986967472034673 1.53122875192815 -0.244445555367022 1.00209342558571 1.05311684530322 178042.377484414 -72582.5176803496 94263.588920787 -68991.4873922124 0.459064579330089
0.762031909323265 0.491216740186683 0.610688327588041 0.608774959518755 0.258251087896927 0.34250801498606 0.513927545746537 162776.284010778 128172.099825859 83502.8934700853 91602.8823254872 1.05972636899255
0.542131935585695 1.97501507140565 -0.403576352887292 1.26213658517439 -0.153410237195993 0.877884158557946 0.924950385359003 174409.245842172 -35127.835965615 85638.0671395213 -58252.1849778474 0.381454860006169
-0.376405590838659 0.84071929581019 1.07790107958135 -0.289633618627678 0.0205770811946943 -0.744547166957166 -0.36250877366624 175353.423449525 148604.087108894 76009.942799866 40216.4459090567 0.78886027415671
0.498832483230562 0.105460095039168 0.958828354802826 0.154978916083996 0.114349460028841 -0.244436398642808 -0.118933890555819 122796.486249807 153432.524005823 83387.8441605756 100223.796155874 -0.0137888530657535
0.427370049928731 0.957598117631198 0.00891103258648261 0.36343313911024 0.021297705429229 0.0669864879467091 0.114633696096552 120628.190351172 74501.8715863413 86508.677425022 54360.2379866927 0.213555651199854
0.403805002826269 0.738854144482471 0.932322122351141 0.555415836726611 0.206437550649181 0.0248645251129116 0.240676227562275 153023.302060143 101911.691351088 91608.2226462349 55553.2420444507 0.416215589272168
0.347702872634184 0.732032025741612 0.543933393787841 0.852886060179453 0.157593644187648 0.107797202047596 0.597930332053201 148988.613934198 69208.2393432916 90261.4318032928 53571.2354574628 0.374607282777607
0.475221573275175 0.761483237608711 0.727350146361062 0.526995853282413 0.228652949103804 0.236398217558601 0.267785907615125 146009.027242453 86971.3586610027 96231.9242172357 58254.7625338352 0.0929466558420306
0.376719238334098 0.81092770165604 0.698757552906154 0.760623753283041 0.149178359424415 0.119121825835042 0.340456807988455 129317.234372574 120512.081158032 93080.2503041177 55782.6357294534 0.438127296364241
0.36665748994747 0.951198418475331 0.598067917556954 0.754873864779871 0.170576056949 0.161197862789948 0.110738665812078 115056.127125444 86963.3363910405 85276.8873654642 39055.6820273093 0.368483484831388
0.454845365351193 0.900908463251793 0.551240731976401 0.569230316068994 0.169857561473837 0.122729384388546 0.474835642457462 125423.638125119 76414.1411518369 96924.4801185338 57227.3965632957 0.160871040005256
0.676797720335076 0.51528792224516 0.681595695803569 0.514302341375899 0.169101798812951 0.268775878557326 0.404416668357563 98452.9877274437 64892.7627542825 100089.857356296 92858.5000039978 1.04983529959082
0.319500561398787 0.879433825433395 1.03545777889509 0.436695362679609 0.0619259765677272 0.0828961724493276 0.235444011235013 202551.538933096 160966.178415699 82625.311352781 33391.7816282121 0.107660224294855
0.360155397487717 1.06363424296892 0.624253041833991 0.841378911876503 0.107954252535952 0.0493556404048877 0.474210163617686 107065.935344299 57511.1611294185 88876.7208846216 67678.0274614273 0.150840329186482
0.616892072677801 0.90526980899069 0.435572575377048 0.570264278507134 0.210047440183735 0.16688855155073 0.256793848511936 118986.242160943 107365.626547488 91317.5560002364 45804.5791742782 0.717470511039407
0.412801165972289 0.712729253283872 0.213304341602572 0.623177527787274 0.204177958108919 0.252938477396992 0.231862124718854 141486.44046408 57954.0807678724 88252.4068138256 55427.6345456338 0.472228895687301
0.389666367216591 0.412098570808582 0.136235577378182 0.265762165707714 0.0525917510851698 -0.0301176631747361 0.149241089097492 130866.600037254 100129.500572168 85996.1847385128 37462.5312539787 0.000276266897731193
-0.250584378614966 0.387155231743462 -0.0265177396373545 -0.00650071818905217 -0.0490352321022747 -0.515919078905804 0.637518834821331 119648.430791805 39916.7122547253 192209.236141101 38163.6033119276 -0.645991119471632
-0.049917395569383 0.665328614849987 0.237306500867639 0.212253628835432 0.10295650346632 -0.67064842794661 -0.180942380128668 126981.160451893 97595.9002383314 86273.2990728587 41177.2458374068 -0.791939909692119
0.168386701579066 0.777837939642544 0.883809784771347 0.427447843550672 -0.000822151185671491 0.117172052829736 0.270609596661432 126096.963733972 83598.987386992 96040.8868477237 84953.831463271 0.228004418254044
0.270243345400876 0.826174171684425 0.353523333417062 0.513396304537598 0.103936756342276 0.0416245831970595 0.333132435533383 98752.3471061468 85914.1991769459 91926.9172534661 17126.3708547948 0.314609493217078
0.483148370152385 0.870385879613948 0.59027905958847 0.55553304012421 0.181209311226019 0.0828492318203724 0.250405165022835 142824.634573891 87373.4054803782 94954.284047707 35730.3477329263 0.194818275650163
0.454279920884257 1.02464539823811 1.11879643690042 0.722120536564667 0.196736511405622 0.255764734007507 0.371905016944492 229460.584252094 159804.196173153 94662.6369857276 76515.7722836235 0.308861916210263
0.8510375441548 0.449742447677366 0.643815354796289 0.55354440868377 0.19461006055444 0.294847727115483 0.479367138036081 94694.3094551785 73376.7316422524 84879.4973224489 86456.0634960207 0.975157997821354
0.666277506049734 0.758044075232156 0.633421428048814 0.680234518510722 0.5444255558506 0.37095452080882 0.564736167125198 150236.937592328 103132.400738493 98342.9110299227 123158.687044385 0.57805120077341
0.554269948630863 1.06690971875204 0.85718611462624 0.493987759779288 0.361481909891757 0.0945432581469521 0.0201636362022612 210575.419328192 100260.618971311 135683.597381447 89061.5671359223 -0.621391468998268
0.422154721537861 0.884407037015197 0.591579000145858 0.580587563117977 0.17543317782208 0.16578044274808 0.39838456960407 119358.471319048 100722.268278399 90158.966126484 43389.4263981217 0.337665449524139
0.402784085642276 0.932635890106764 0.497542492272277 0.588291998550492 0.103668998144041 0.215071532298905 0.444913858898506 109687.025122157 94746.2719879384 85922.2444167692 57674.5948253014 0.335906675649689
0.335003523357056 0.743737697980654 0.389670608712588 0.478638502764796 0.123558477690353 0.10123351529692 0.155832687479628 161415.589269256 98863.2586510624 87743.7854340425 81478.905445084 0.268933968153381
0.587005300567017 0.895223232122914 0.674825352491229 0.585697595788384 0.0804409644216346 0.174613310388683 0.43006288514453 131662.997055472 81880.7958476789 93918.7163945745 61431.6679980575 0.419536848400759
0.343276573652203 0.756402114647922 0.534368217601502 0.683365609778382 0.090728663389483 0.0357658310641092 0.256359118226038 127572.862533854 99558.377488736 94944.5198659006 48584.7439500552 0.346869931049284
0.427228000031512 0.787807962819025 0.775124862903604 0.528021214932877 0.164439302584936 0.143644308015831 0.402155643716454 107707.178976128 119984.265356124 87828.2256081399 63011.2400448288 0.322392466178065
-0.214020226587258 -0.283992893051113 0.226992502746401 -0.250954784888922 0.310295543451147 -0.891845604875576 0.662916884428396 149933.425275448 133347.353333705 76403.7855929087 255423.439240532 -0.75018635282946
0.468512321639069 0.89280067498003 0.580338155125801 0.581627127535264 0.0992496864275583 0.187283482239479 0.276761742287242 92966.1922994976 105077.51424538 92209.1061783274 62325.7491057922 0.297653640780759
0.377241955153329 0.505839338791767 0.322471614912334 0.378804981470514 0.0966286317986467 0.160956186955619 0.243142849777012 110340.999490727 86186.8272892779 84242.2970431362 64021.0825193549 1.00270179703617
0.337857516242967 0.899452042429433 0.227833913181178 0.691331730322219 0.103094425614604 0.104518908943946 0.238758792501813 85792.8648915076 57539.7115276945 98261.6246212545 42357.573104961 0.0949955058763665
-0.642339586222852 -0.536648392326062 0.621091590528452 0.576911532113759 0.378134631412689 -1.06495915985096 0.87387600663348 243710.672839874 244244.913333129 68807.9785381939 240488.707953562 -1.2685735519471
0.319500789776497 0.463162523294297 0.176602688381342 0.409495164325856 0.0801884713374525 0.0602685311616909 0.220847013516381 112133.994665416 78818.8532708362 93606.0841865492 41440.4187069266 0.0669113556143854
-0.361236889004596 -0.267894750991305 0.114541482980945 -0.454253114320534 0.241216357399816 -0.863364933347457 0.587265671228225 161578.053446211 87068.9751944175 121120.471887178 254486.323011249 -1.03663570755413
1.04947668878556 0.942163749694981 0.881338732812577 0.468648981448882 0.331355106571375 0.264248168123498 0.730313519670517 115929.28427402 71069.8517793155 108365.412403752 72467.2496596258 0.306449961090446
0.443961682973217 0.695658845710174 0.414204642919589 0.524589230225253 0.129098547649249 0.154859884951534 0.37334690116496 113772.189190234 88245.4648689515 91164.2729458572 46515.1199164316 0.377684883752203
0.495228199935234 0.693827048350452 0.580565666674798 0.550637821253548 0.110777744251751 0.0877301195210399 0.367767528392499 206222.842136909 109627.430049666 83464.9171864828 45113.1297147943 0.274709090633576
0.754611499954293 0.931486496203794 0.794305954045511 0.550445547181401 0.337741964934223 0.266491476125856 0.72919497785776 176229.552044941 139568.424502232 82842.2300415334 76466.4776887074 0.312276778846688
0.570462165752576 0.892775625209173 0.563561018219845 0.688214370503335 0.152998035601272 0.153971881594171 0.0878374900058727 193400.725959775 80410.6996665872 94534.6624232189 70222.9264367596 0.144421101815475
0.443669274997449 0.902006155165577 0.344304436870884 0.626453474869502 0.131896778819324 -0.00182995021636814 0.382970488917397 97439.6894476221 93176.7880496606 94788.1921193483 68147.3066149666 0.538731918157871
0.408397966071415 0.793967304417354 0.380766947354407 0.665092928511786 0.105322906566995 0.151502223142424 0.208279150029236 160236.249886791 89314.0471243985 85483.7926337955 52980.5618156793 0.299781911164864
0.343914032697729 0.582652526408044 0.387079429251516 0.226327794238587 0.0636119691112111 -0.225121313159628 0.0663835362173938 92292.958281956 74394.7903185645 81506.5305438085 44644.4527455387 0.848824442198588
0.343602774039063 0.202495024268611 0.134195269427559 0.0871716068305373 -0.00733648930889567 -0.0853732114627552 0.0810414664702643 43164.9764477678 40687.611029049 69648.3920109149 8418.99103552455 0.277027399736361
0.330574965576897 0.61128854686328 0.593101004650946 0.452874279945579 0.151743274832013 0.267037675204046 0.451587305045746 136200.38951525 102630.760738996 84197.7615813769 46048.3613187042 0.0388646156235036
0.317120557053973 0.823519848807274 0.867359621951412 0.570174486968717 0.0475910804158149 0.0368693801310662 0.366963223827288 141874.100845813 88826.7881916703 85006.5778204862 50692.108291854 0.107275966028097
0.404526137873001 0.693747481197615 0.621923780830286 0.596358093595702 0.131385087083188 0.222466257764819 0.272640568238287 129535.831221955 90049.9247748856 92775.7095600321 39516.7238822269 0.438482620976391
0.338075851336536 0.750137103919792 0.681488274375482 0.323319561831828 0.156175563301938 0.148077810816249 0.355029517122221 113728.786831129 99354.7944382914 85062.7495425721 53867.7617649817 0.517757077512578
0.760218151237648 1.05914921745248 0.877094694772328 0.609158118505223 0.452962241835453 0.300929257839903 0.647685739890311 150226.811894625 110660.212445916 89494.1880901164 78867.2065014243 0.333693565356774
0.355080403275341 0.792619683987519 0.205249337044956 0.611744096899436 0.0813513905990441 0.0909927335120468 0.343215789606382 97260.2563889955 70251.0086390303 92578.8062545405 56411.9602641854 0.311534926424996
0.323538407892991 0.884625513093065 0.0189180339349323 0.732963360126887 0.0642948192925292 -0.00941410913718541 0.208572443715137 207163.559168142 167462.647974159 81165.7582003081 31141.2412010243 0.0589756427566675
0.470508133079924 0.787301088560989 0.70479460944737 0.666678783110148 0.224720619230005 0.0532759272290375 0.297397027445464 127381.9687588 120995.542290992 95262.6034793501 44369.6904102503 0.521560842846042
0.515941951901895 0.908183950560927 0.611801083185558 0.745159878615952 0.130505488079167 0.140588025538336 0.349766309736992 118847.749316463 65774.9915157357 97493.9321093281 56310.7946865784 0.327909731961863
0.349481701981472 0.989359241379876 0.335863328806052 0.497199514422166 0.0962157205653666 0.0769597593631003 0.251086733201384 156500.994729061 120098.862145249 86245.2515227871 39180.642417926 0.137363173171384
0.617581971418508 0.742643130558832 0.452187445596799 0.659816595559014 0.188439654050351 0.239299365982525 0.393932389161862 212873.815700321 157533.758364454 89649.2801779314 93232.9512543524 0.671432153714684
0.357680409095132 0.868992131027073 1.08207398453828 0.423528720762309 0.0933055698529741 0.154451216150637 0.225156731108864 130269.369623268 104328.601725011 82115.3187794991 51623.8040391212 0.963497459227489
0.360849385343117 0.706871366189292 0.248839260438867 0.535463860541835 0.153682864756259 -0.0041767162279157 0.244465915036844 131860.562300224 89883.1320364179 88029.954710882 55000.3266108528 0.319457352003805
0.356816879105569 0.733970814018637 0.707432476839206 0.480725550879446 0.11820472057069 0.123438166383261 0.397769591195879 145832.644449377 91817.2158416552 85561.5279183096 75154.0824006517 0.0780144249776908
0.437394690536092 0.794361099015427 0.52843748601061 0.464148526821261 0.127303208119407 0.049416434003283 0.339661792791463 139115.792718507 92939.4349016181 97299.4205690197 55931.0256870575 0.255192516156036
0.436036010245521 0.928372748046806 0.833579986435425 0.246894473212543 0.172814503152292 0.100060363498073 0.357374452905769 101797.174964269 92556.5457445312 95133.3607905387 53683.6062054919 0.280660632238402
0.527714124752539 0.744638961818788 0.536889924343064 0.655840262005834 0.143595062509681 0.124039499746394 0.238498411931359 113508.934843065 116925.654199206 91690.3450963739 64144.3854714557 0.197324821137179
0.383349599820531 0.795877909625717 1.01486103015066 0.281595620924487 0.074048016310633 0.126160961652459 0.177361597459234 71808.6062046422 55730.9295572516 84326.0322496937 48379.6885491011 0.898371521217946
0.450712471021345 0.983177430864759 0.606568183600805 0.903853455677235 0.189000219107158 0.219047699619836 0.385956075120232 261131.553079723 222732.494175118 78489.2670905239 79352.1970487546 0.546142112567141
0.615136564585588 0.791779840370321 0.418076467373839 0.835448245074908 0.837819474883561 -0.743085037299801 0.572291575322408 129944.744881083 101416.065864575 83338.583758633 45008.899535559 -0.950953717648157
0.421960923741687 0.74606751056334 0.496617817569522 0.543660134150375 0.0976877877514402 0.123187933819375 0.25867879628397 112758.519159535 108051.220750397 82728.272554942 63602.8912093985 0.317657766128928
0.485475536494201 0.781477773342299 0.657985047743731 0.654764197382711 0.105941429215589 0.177692778092862 0.267768669004511 135023.216259602 86272.2668111447 87482.2572375258 56068.2598856679 0.373257763129671
0.60451329479813 0.860213356935339 0.385892037262591 0.526768021525682 0.132206917738214 0.138059588570234 0.365285752869991 109939.818183968 81244.3573576006 84477.939814829 58362.7396596169 0.247050510947956
0.464631258160097 0.942206013411369 0.655696682847497 0.593031617656411 0.216798422592295 0.12064646925207 0.299437198789545 113156.836235049 119157.63233208 101481.421915855 56170.8432658307 0.192305835420955
0.539236666928824 -0.400407071977645 0.452952737517283 0.773555638766552 0.366671719127394 -0.917623177830382 0.894803548973397 -1276345.96531876 237897.627253503 10626.6859793662 234064.26039152 0.329288937701055
0.962569980231082 0.532299617459152 0.656383536653685 0.0262569156705331 0.149815293302369 0.175663103854927 0.466485350056658 71515.5560952085 54299.8993250846 86563.2426384598 65258.1413507277 0.812489676858954
0.311426386327278 0.735399320692545 0.698881243558159 0.553289257887974 0.222206599226416 0.0811484036550687 0.22635994186738 99091.1040553671 82374.2840380737 95521.099303902 39349.346408975 0.0209469717791528
0.513628209936135 0.693742483074876 0.711505536641626 0.540361792228092 0.14191714306027 0.182429312768822 0.36213693864157 155214.09862803 95946.1140721477 94530.0450161795 41254.3045808525 0.209173395503238
0.42984623219911 0.79837468301801 0.284433022511112 0.612613278800501 0.0869622719742578 0.13318024698372 0.205477384742712 91112.216859409 72011.9784687195 82975.8877507623 59206.2362732999 0.964040087989719
0.339658272699301 0.681518743545188 0.580732466086123 0.597586864949216 0.115877251331027 0.241966516743382 0.490232034510063 140285.349552159 74626.1158418708 85297.3180868601 63718.1602523179 0.545506789480934
0.431677370551467 0.917101290691526 0.657418850690742 0.398312344325859 0.140732054122825 0.180707228409142 0.0195392147393865 120646.019206468 68729.1980223537 84982.947225571 34628.3679518542 0.0715842335129563
0.366030289286269 0.772373977034373 0.539554833868677 0.645663610286907 0.0982802546376325 0.0913158433132808 0.23414732822599 100318.528393297 104913.503774413 91887.8886069225 58710.528352826 0.49391451767086
0.358755656003702 0.836326171838525 0.760051452601103 0.741764418145426 0.0748940614532058 0.118642368133678 0.25860648835705 143779.364659427 85255.8439854601 85999.0751322386 45964.6650283155 0.374670010129405
0.430312644150408 0.795610465867235 0.625983064144877 0.659345823031306 0.10415837752061 0.159055482996433 0.311350336838719 134229.632412377 91505.0813158051 86904.2895677807 45009.8709517119 0.302883687995769
0.317947470632512 0.779196839435809 0.699026080923447 0.511763201440016 0.153860891890918 0.134445579472394 0.332813883160886 119248.38901977 90807.4739071793 92838.5730597044 39435.2005189211 0.196345666810452
0.617653943138941 0.943422771790251 0.271881668968555 1.00744908534509 0.238121161232406 0.554230994636874 0.637199319134965 259489.493142035 255109.897794089 67691.0262059247 68189.0978875894 0.816640250462849
0.420058031207578 0.802156476845976 0.522358999177989 0.492923708516055 0.14031669858528 0.0873753805549511 0.423574184815244 121686.819400483 99528.8200476198 88090.7329615845 58316.833774076 0.284830923086386
0.425252562495679 0.757072632095044 0.448315338762573 0.590560265105739 0.0964814129727038 0.301543559948098 0.32800838252964 144104.644128886 94625.3785804812 91542.8106313927 46482.7293040057 0.33565258577207
0.635585166872022 0.807205266831766 0.811881668942397 0.516164563048195 0.102601789561162 -0.00191082673793759 0.461949720429086 130301.977306289 93717.9516914266 90421.2665388631 60831.80835505 0.314253693102514
0.641106741476463 0.681665848471486 0.838532382983703 0.56891989436375 0.247621495072411 0.31170546698026 0.880739463949026 186345.950846568 139278.307334207 87808.2250866107 115227.218961672 0.449833440780433
0.408901878235085 0.73282806126584 0.612741381536456 0.659998758678668 0.0669395915979365 0.061043654295124 0.305499544609764 101606.630116562 85699.3706604245 87839.0646972445 46639.1998176251 0.448189736896253
0.478930637768293 0.738046686222086 0.549430593871049 0.513112209902935 0.133880434013669 0.166544490005038 0.164913524514193 136364.705583363 96295.4602466093 82627.5505595068 52727.9624098977 0.486282108961667
0.495202987917376 0.864922645576721 0.468332290364293 0.509281986083027 0.1221872066546 0.0804229102741839 0.404294942846265 122381.305296179 66363.5759686161 86321.0921878038 48725.500598182 0.116320675826298
0.874486565712485 0.782334236796002 0.797735555721859 -0.0473270611347136 0.241492318145621 0.214391942905706 0.783965089853558 127868.320067723 90805.9753019396 95275.9261611922 74249.8718927428 0.24238605506047
0.68686921943782 0.734585994298271 0.835727056243617 0.533058706951989 0.23468470773602 0.292290883644936 0.928928551783289 73182.1555188847 49373.565515196 97726.6444965332 100306.132437198 0.912871715874378
0.439590238810991 0.759323991429863 0.453178625818614 0.338206132904902 0.187019586072253 0.237904749787609 0.291438870713665 96772.9516703481 99652.2536149636 86321.8948812692 66574.9829432773 0.0462593406316867
0.608513436129535 0.779310055692895 0.917448565186596 0.462738399443638 0.110442342773669 0.0716046585788315 0.280645098885002 115070.598606303 77317.7292030087 89094.6283145395 91488.9389598726 0.397579346273484
0.257933840516267 0.88136885866459 0.34235368278396 0.771503456760597 0.18115014297702 0.175785969142997 0.318467894385105 154269.381386021 104011.766497851 89830.147262506 85368.2977676448 0.358469827242317
0.444632785062036 0.940440396529051 0.687594206416634 0.585733175298772 0.189162218566178 0.122994946137704 0.546280819218037 130028.831877019 117956.667417582 86147.9506629973 43779.3480423509 0.107326438816717
0.431502201344016 0.667559342284791 0.859307063276611 0.496694410501373 0.057902761490823 0.184161010896556 0.451084089050468 124905.635606565 73363.3555767586 91561.9965454365 51752.0393281576 0.25364346986484
-0.162319913494987 -0.210424297671679 -0.108545577839917 -0.134690926629745 0.0327220632005457 -0.0336444127813429 0.42295336400714 53324.2628969537 55286.0794047461 62326.1580010121 32487.3145894937 -0.033086198186586
0.418655277098612 0.679032303978093 0.416233553455521 0.578939712479639 0.0781416236888258 0.13299075775059 0.482330098300116 115493.516916802 87522.9839753824 89699.6949739496 85441.2304783739 0.175720990988199
0.540976036981655 0.607023967245919 0.389986834946274 0.347844569118887 0.121191579939219 0.0700087347162156 0.247099034482942 82794.6449974477 57008.1746890029 95308.3940431408 47038.3774140479 0.105326221843391
0.379739482686909 0.821242902425939 0.737018449039384 0.533346681781659 0.121288068160229 0.0478116412519214 0.356728235913067 136722.704049663 104868.440888374 88356.9034137919 80249.9056310236 0.209197859428776
0.322754413659694 0.902835510006481 0.0383311820101834 0.951734604395926 0.108425662235726 0.074282219097105 0.246846925925141 151344.52337112 117644.92144687 84337.3578582017 39631.3437151083 0.106599936937857
0.392243337394119 0.766649193269941 0.685670363368579 0.653161960435377 0.124283041751449 0.246894403305537 0.321728847803171 96361.2471739468 75070.5054437997 83529.7481340529 61499.0920954555 0.438951954301034
0.703280084022128 0.688783323025337 0.909406810871499 0.645184920341645 0.373896077909735 0.671261585762722 0.836318457178407 183077.192374134 119312.1668508 102542.606458639 127784.17946325 0.52490728094804
0.297781300324016 0.855484745121495 0.186503933496321 0.724546339462236 0.0523910330863079 0.0488463080839809 0.237229073176249 261792.125073105 233873.100460096 73601.4370049377 37846.5361946929 0.134652385223419
0.691209965453183 0.994891770404389 0.939938441182984 0.794834872530132 0.332086751185431 0.33971104171528 0.811839844674893 259973.297162124 177918.678713235 99490.1027240322 129542.520532263 0.463609120747271
0.382810881508867 0.880847648209295 0.618707560552915 0.627381616724395 0.153011261439502 0.107931669711035 0.273236579378224 133703.59728044 91179.1406685637 91455.5323081403 62842.7178352703 0.20521982920895
0.331243109065978 0.773272508560327 0.782631200418451 0.649672489857659 0.13771656870324 0.0439445749270908 0.21165357266436 140064.970447241 82994.2185645222 85793.6011962881 36330.3236059103 0.0132992478641979
0.382339704574116 0.752086121253138 0.524854224734268 0.839618864545189 0.169282843908292 0.0782302288900733 0.263393697523392 118427.870442639 92288.2958368387 87643.3373789223 61283.8663346135 0.064574459067649
0.294458576090462 0.862375341431681 0.000948837200545745 0.926175760555264 0.0792918566960334 0.00364752983244092 0.232207884379059 211743.85439254 171813.586777694 80808.3571164643 36947.7143673327 0.0781566121034958
0.399399414858139 0.919379184345435 0.690338460668205 0.455346799601039 0.155671403632199 0.214577133333467 0.317930736326104 122401.274037042 86676.9073964232 87718.2297479296 59476.7936561321 0.0977713288381629
0.539940313775598 0.816576981791782 0.841695159573703 0.343288911965406 0.108654523417833 0.17173136420759 0.330079020688333 132185.865041834 83744.2404922599 86681.9875175635 45772.3855801237 0.469501878399735
0.437808237646496 0.860597433115898 0.751473234582681 0.722533670902194 0.144190248519186 0.15602620442106 0.370767611422182 118652.923912922 83205.3512464825 91778.6089067636 36872.1269610953 0.274578439649024
0.0957170043265969 0.120759322117463 0.0465755614711941 -0.216173916342375 -0.027346244400082 -0.115887669723197 0.0929699062949693 241987.11939197 154246.730914339 101615.285746331 5957.61854436938 -0.0548218926940962
-0.197741623788671 0.0916557926761122 -0.479752557642845 0.388455183231948 0.0775693083285569 0.0988731200703538 0.167437833107466 112787.621664733 89604.0198806118 83428.3426452394 38698.9811324259 0.0285912529891644
0.471674419077549 0.795868252712051 0.360968593074522 0.724220449605541 0.226050494197241 0.0291750143458992 0.36681380719349 133588.569113769 107906.580038046 88578.0645193963 43232.1297965101 0.174051767714174
0.255384974791349 0.817270998312237 1.0423417791612 0.123121881782016 0.0612857957647571 -0.0403513455736252 0.141261172243196 123090.936213778 101861.157319884 79964.6862485805 36522.5794851565 0.851417359659363
0.764075988427611 0.925423912789586 0.774205397155996 0.517979526443446 0.334321597741579 0.253276825157738 0.779937845706797 120541.115756672 86533.9701022704 91322.3069067031 73829.250135945 0.261485916523862
0.425725419960214 0.839909312560417 0.57186001157796 0.370542195844334 0.0152757951609322 0.0851254550226474 0.154613374127771 126739.001903812 89541.214342109 89282.0678575486 46826.9039632014 -0.059566172243641
0.249240347125309 0.810607324650688 0.915370502259598 0.443465974819191 0.0943487849568549 0.128253655179739 0.23617398265072 87552.0189870632 90771.331305743 84484.9144496414 50164.1520601204 0.204758662418862
0.342307412280908 0.961203267392476 1.13311733949387 0.474888367194191 0.21858870879659 0.21780058855914 0.271156109891781 123421.392931867 95252.0252959083 85463.7632510323 30925.6498261339 0.130099771031538
0.335922267515771 0.910203585823249 0.117334692650255 0.950494927453784 0.114580824509864 0.094925483226239 0.239468281047804 108304.886379264 78800.9418083337 90226.690501944 41047.9756527113 0.0830996820937999
0.280426654734534 0.888432047623129 0.437858394039176 0.869350809402555 0.113448729798635 0.0894575020047879 0.202700496873889 73975.2533970442 55840.3532765139 87657.7339401985 30452.9022833406 0.801612098769268
0.317460309165938 0.876610353981627 0.418090749432606 0.908097709125931 0.0970543889865588 -0.00764862243779497 0.18406822127191 84341.9748802335 58004.193896856 95668.1392811173 35500.4443325081 -0.00517125930720385
0.458916399692802 0.841805626523162 0.44690559968122 0.637051163029261 0.0661399766231689 -0.0230201809295847 0.278219482354155 150012.678170371 115202.412728899 90804.3505476156 44083.3028921801 0.222968783854088
0.332409691947419 0.741613033533384 0.453041420179779 0.580394848812075 0.0970634605929909 0.154816542720439 0.430484014549194 130233.837785578 99903.8810659709 86157.3801930234 51971.1080415351 -0.0812006304099163
0.620118825068564 0.817736413370164 0.750546950853833 0.621824562729959 0.121432166919837 -0.0492253026435802 0.420061066434308 118199.0169475 73147.9467272164 83364.6570540929 63315.4194812153 0.324865663130242
0.245669779466499 0.287168499435042 0.367996971109109 -0.301603964959004 0.110294009639387 -0.48833893402785 0.649774184357096 167397.15318757 69648.1466734865 152067.537153111 87050.8875009524 -0.681173032144142
0.616834826436482 0.830370949019569 0.848520603434191 0.642842926688302 0.191678954524766 0.153832770869336 0.354143006960536 123734.485291677 102906.035382971 91489.3007655784 46663.476763829 0.252453767741745
