PE APC-H7 PE-Cy7 PerCP-Cy5.5 APC BV421 FITC FSC-A FSC-H FSC-W SSC-A AquaAmine
0.205984373631737 0.91250971673445 0.664477198754534 0.552108077619753 0.134406755889134 0.041189426386688 0.503838736051285 125765.826854942 91713.292982599 75614.8456648923 73718.1746555859 0.41959290716783
0.164342351547443 0.805429694489953 0.403414166828815 0.607637819406031 0.113570098906659 0.0847493438683727 0.303718241456087 113886.164697219 98785.7772734638 76369.6856434256 84456.5547789955 0.826990825338106
0.202325605245078 0.884465657508626 0.51466655886953 0.459615922918308 0.236593489437195 0.137030212283553 0.344478159744258 124272.210380977 97814.2044370835 78625.2863450098 74629.7808780275 0.181396145875771
0.197410172001266 0.909875632562761 1.05254438925826 0.405716150110914 0.181835295675607 0.109995559364237 0.30591151799482 131083.861792129 112610.441826258 76798.502734432 74362.6486788807 0.822203022027914
0.321485474318078 0.638150884237334 0.498404347748214 0.517047472922454 0.134795447131055 0.103671977272973 0.341852423631915 103159.047354881 113813.342851324 78179.5697834953 68305.521244086 0.257789492038004
0.0674640756183019 0.520447200080701 0.1464317984813 0.232945516221328 0.0538200550162479 -0.0245101903248294 0.187452008711055 106967.950808969 97947.2000678887 71699.7728400598 27870.3556299653 -0.0281613771087461
0.0457242289654019 0.499507699681502 0.391181996809143 0.538112605280818 0.190954964638373 0.165527581038961 0.469611810689503 101889.919245944 101931.507164856 71398.9840244567 100673.217530845 0.398540046781872
0.640367893142518 0.613429676347042 0.460232167125125 0.389782823220144 0.101483958152715 0.0511107464765652 0.557528302981525 139798.803413192 124755.580939001 73437.1346640656 43674.9348519608 0.0894408465812335
0.50329674820382 0.97797103449025 1.05831324929139 0.536272580591959 0.239801228080391 0.228275334271649 0.44966299339089 194657.819044564 122662.77799775 104567.702295094 103394.998381277 0.945996867344304
0.650069944131324 0.73331164256195 0.736732897098237 0.608418475758392 0.211403521654014 0.313179980079982 0.787724200258594 181201.712306204 101403.099788965 117429.395444472 154932.417189174 0.848390986555313
0.301998930244591 0.546248213044483 0.603866950317105 0.493719802292908 0.181867443106675 0.154257420704629 0.395268782788353 136338.557641236 117687.314318846 75476.825964875 60305.6908321115 0.435422001588297
0.43742605578951 0.853657093499755 0.594772558244823 0.477623583640118 0.142357499269241 0.13466866739994 0.447915008481806 130424.328476685 110895.181201341 86522.0650507315 44555.6766012429 0.218794181900173
0.235994309575861 0.853929035357777 0.321752999971416 0.687914279733271 0.0816698824613499 0.200320153350544 0.382748156547557 148647.003018167 111534.454553359 72056.3216046326 64271.1284868888 0.143192717372134
0.204182847222214 0.748144572908829 0.72933257899195 0.608379974881092 0.145262434793323 0.185280210212067 0.604533557894411 123446.665184151 115070.715666538 78318.37740952 71226.7900897094 0.165604108599655
0.618704516732423 0.781477784652234 0.485699723334731 0.563135468041856 0.0981163434058884 0.140343056335819 0.279865711806896 126247.597621372 130424.952761471 78244.3094300006 64448.2747906633 0.297657581685502
0.237480996595208 0.704376620499448 0.516993425538182 0.638958736091963 0.20132360501088 0.14271437025515 0.434735121299834 91055.9382876408 118223.009869126 83596.4725033801 67839.1214685387 0.390675011252822
0.166645782046679 0.754838130130317 0.579466438246029 0.668039298157458 0.177041442911188 0.194541928422541 0.559779998437106 107727.182704726 125733.840565686 77163.2851255071 67387.2427057663 0.432562199660872
0.447020890429402 0.861946192452312 0.509532296792457 0.68106018411086 0.20601306024913 0.2275684513357 0.452627901445184 184169.69655804 120569.939037565 101623.77707787 120187.838146799 1.03623566923663
0.119673116637031 0.738354761375365 0.340537836159178 0.491312510285836 0.159640428392902 0.120633723036213 0.365837345304863 146812.806167106 130094.036943709 74085.9851265475 36936.3659949229 0.146353370764959
0.519601161520641 0.533565625990085 0.652684197908484 0.395365333222304 0.157166839509411 0.274712061899074 0.669332552135368 140001.426696345 108327.221405443 85885.8111107395 189614.913550328 0.368545599887415
0.27968609414674 1.05614440286602 0.353601410548038 1.03241144134015 0.20492838877921 0.229312198434868 0.480454273534745 239706.968287044 138158.075087709 115535.84582066 95324.4885813549 0.279765966644909
0.204126042035639 0.775201807990219 0.441848610025048 0.394308401298101 0.0425922902225067 0.119746098609833 0.575452010824135 166336.859205488 96373.6252779364 76618.9713464207 93799.7313237072 0.302440556832837
0.274569186570474 0.811218322803221 0.314334843673316 0.629144250923949 0.112303355552777 0.0341432790943496 0.251277287418997 65429.651130622 57706.5589780721 74064.2416517937 45675.8991934886 0.836286039799229
0.854981759431038 0.779138102816471 0.783307020471651 0.598086540800845 0.235124010068851 0.297747197361859 0.883256284578462 157721.412250839 117161.250905993 88109.9994317634 103141.307255949 0.449839227823216
1.38124282972704 -0.394098545972067 0.966050809758899 1.22424157812809 -0.695608927560594 0.217684034183468 0.89112281855042 147776.80205131 116741.888898005 83116.2749680855 104033.122426455 0.405036797486733
0.079441978248522 0.634430765108962 0.361044538038763 0.441396234474645 0.170222094087019 0.218211493263402 0.55035019071545 121680.257446979 114822.049298052 78396.1295463677 30134.2293396134 0.264660249841828
0.312508226721378 0.837855432228801 0.547914844590882 0.714976464876476 0.063189712920516 0.134707227752352 0.483599687819611 127772.527965814 109277.237265932 71593.8903070155 57645.0491657376 0.203478316913389
0.263796812566883 0.922013137552393 -0.185303103217335 0.621402808989352 0.00618994021065442 0.332225438240597 0.136966197309385 88215.8724710353 101494.135828433 78194.0732753019 71307.1906658947 0.672275425217424
0.297885703311909 0.623602999275221 0.197227102945996 0.426800119333684 0.146318609550445 0.153195299521723 0.440720337389213 254895.575670335 157505.56400526 107544.240665656 92198.8446196527 0.22242036522099
1.10329013966516 0.89110054479998 0.409953525274526 0.912235634772621 -0.151554848316395 0.0751454690709046 0.0885056703760177 132755.710395888 120401.214217482 71180.0559177453 34917.0907413407 0.292287922505825
0.371668226940781 0.773825705539427 0.636353877772994 0.518792109792324 0.139326257921816 0.126252429340982 0.422393246506769 146900.370255738 102782.031138244 78940.2075423633 79072.7960966983 0.348575834016523
0.260893384137009 0.515121195996981 0.801219956710193 0.580184627364175 0.125976715809636 0.190701269548939 0.238697843596585 151291.184203148 93340.1688332257 78378.1332652183 33654.5365702432 -0.0427774877158867
0.295112551087732 0.685351604126709 0.680489477138398 0.491090146110499 0.587307557216049 0.0489143857914264 0.0476403605642732 48988.4282177571 45717.6385184663 70090.235383399 232459.199691868 0.0329107503746115
0.303680735794493 0.852639345209237 0.334059530443088 0.486918823438258 0.153467226945586 0.15544157137167 0.449464113960933 155822.537260028 106275.637305524 79294.172603678 51666.6308201661 0.351380400249412
0.483323075030217 0.572228104734867 0.695423332517433 0.552785945984559 0.178587543692688 0.312042000481532 0.885179293195699 108069.736367744 75165.4753227005 94129.7468546241 142734.527033405 0.428114137175316
0.861430170823132 0.626514599997368 0.508100855798093 0.573113816554665 0.191284786796121 0.246129531918821 0.928527948525452 199589.351498315 154672.061971565 85139.5047826105 82195.6912878782 0.350270186700021
0.317576592455221 1.06707433147239 1.13095231766763 0.509194280896972 0.280386721644079 0.233299558225595 0.437510407798163 216744.907846186 171436.481833495 84678.3401652733 91272.7628916833 0.252518109452081
0.380991900148948 0.785770977275051 0.861013127674432 0.604645016790146 0.121280703348021 0.207942646777893 0.369347045612586 139135.920216709 115827.997602111 76826.285740202 65159.8532278255 0.269890018699365
0.0766704267553853 0.839565766084768 0.92791402563144 0.207045336006264 0.127162549271514 -0.0108999178233917 0.174544229102085 110845.574663072 101807.743602658 71521.8305762023 32132.3182736842 0.267142910912741
0.50772886283126 0.798304856019481 0.450540045753241 0.714368416789355 -0.075765212214559 0.0724551312410881 0.301544815251066 75488.502775599 58798.4054472805 85877.9524793065 56729.5325147676 0.808862536784327
0.197605684304013 0.672143046355117 0.495556131091241 0.550955490162119 0.0841728148640193 0.0790960870372116 0.536528292151569 161032.777507761 124074.390344887 72977.6366083766 95969.7061538177 0.394654848524974
0.185667302100868 1.04104012503154 0.628565952526652 1.05564043168663 0.586810889032823 0.351282503315315 0.44269003553292 105291.061974855 89339.1142881588 78580.2191846658 31609.0737299867 0.209996514492258
0.378868476936202 0.838086426045126 0.708991433072881 0.552147500595923 0.172831848114375 0.142448013345924 0.436004090210078 95203.3691570305 72637.0671700556 87032.6191513981 80778.3854086688 0.937639747923263
0.311244726982041 1.08609308789489 1.09173770889182 0.737894939350228 0.267902189046637 0.243444187981469 0.451748543736543 254036.090549989 140317.63970994 121006.680071774 99495.1244840806 0.282565262676508
0.216322914379722 0.687521561938278 0.862241060901235 0.39736994418498 0.130418803727458 0.112337426553871 0.39270204110148 144342.118078681 130983.009424447 74071.7840137192 54217.4284862806 0.348767529110415
0.378921882391114 0.767732035549726 0.551868051084752 0.496026983217059 0.100022271856022 0.206115694209429 0.300791850614752 120314.478789992 103444.288463542 78706.2444147038 78508.5988804542 0.253087401768102
0.359711906875718 0.866781810561201 0.453730872166076 0.504082321595619 0.158646217488014 0.182167331445672 0.441233057790732 149988.698169863 127007.032423889 82200.5030401505 64907.3088908943 0.461891032904153
0.268637059374737 0.928260686452832 0.479432527937707 0.569351909616497 0.0813457626017715 0.113387437977788 0.403720697493407 116156.646967625 136643.676672477 81119.1441635647 87690.6431251632 0.277829599122877
0.36584801907362 0.923835916529289 0.591389706045735 0.608383417024666 -0.0168548106602805 0.182334487610378 0.376669323930021 70153.8067008355 82237.4170132017 71939.6346518763 57098.3230203093 0.129248080420996
0.372025453432495 0.840096363717329 0.312552249829425 0.501970166244746 0.204595415192216 0.0508009724580825 0.283970789386527 114430.693305808 125512.826438775 75290.7681587553 59748.4641870241 0.326682350742364
0.147857042884725 0.97509875585242 0.393596648553636 0.983908588192649 0.103657228025357 0.106297848072863 0.338127966131651 125023.229043636 108495.397421143 75693.8684106657 48235.2116961601 0.0796225777236434
0.225061365010023 0.770105539836071 0.743311396347077 0.445624874961207 0.0880835892420054 0.121946390043199 0.464053038894062 139261.622166693 83916.5654838949 77064.8453839299 55648.7918918957 0.285455647347595
0.132028553736828 0.961199703486144 0.28555927767361 0.599325868530238 0.170407986005367 0.0874841577161857 0.339813834286678 137715.997597578 120605.769078177 75051.2102841724 46053.9511050626 0.084461155499152
0.317692012972581 0.680018226392908 0.793652981800884 0.508410257116293 0.109435595395792 0.180666842260174 0.61635209664627 154714.442350378 95868.2653221953 76841.2088324523 52773.0774896459 0.259696104693272
0.392144868832191 0.619374904138535 0.815820345644158 0.565757938155309 0.106315874232976 0.184271836557145 0.404520502132146 161966.616319596 93480.3584850391 76542.4991544239 54954.8673035052 -0.0745145339248876
0.217681565498277 0.570620400836641 0.689569631662841 0.429553784967922 0.0655079904301255 0.0981744610237744 0.266738022153347 145391.335502987 114380.618650475 77929.7838486362 57722.825826085 0.189901390852325
0.315114034134617 0.665766559383624 0.198159711074652 0.540692855076394 0.039512236925042 0.165776808250783 0.573896210045267 110706.320031421 96625.6431192409 68699.2846791233 96354.4326981106 0.421191581474438
0.2214828101492 0.29996485034007 0.321921581220335 0.43782758151706 0.100096730430211 0.193534146608455 0.397007252943128 92098.0939103143 73458.4841517445 82286.2023715753 135174.166629054 0.886110265355619
0.274070589176731 0.506143056358643 0.123584247404496 0.34237590569972 0.0613697900096576 0.079803708601159 0.31862432718215 128295.692799082 112744.490420837 74679.3110773305 46942.2014114758 0.112245344381017
0.29463980693601 0.622986943575918 0.504956959769067 0.596454311650268 0.111333197113317 0.161080821172609 0.304901688721407 167568.810286168 101782.523731887 82221.6605705517 57491.6009826925 0.334568964830694
0.409892506850296 0.923970166104741 0.913204711382733 0.704968326915185 0.883320079338856 0.282933809092768 0.189159409044209 159425.314840034 103834.113696228 104228.279268483 260241.579235461 0.156814086333599
0.174044810243347 0.976769534642624 1.0705554874427 0.387780167193988 0.183914619987536 0.135748201065132 0.293890123311587 94755.3698757022 77866.6585953172 79803.9180453562 52471.236577635 0.10351188764075
0.376944686935569 0.735813693259483 0.54776587900523 0.522470906072803 0.158341517722757 0.171293092421929 0.414427817042268 136984.928329413 110786.228020813 81608.7502552141 60648.5470268546 0.60634113422518
0.271964592298722 0.866407425677769 0.825150206590117 0.684315890174991 0.117476260624471 0.0696515090396386 0.422897695937976 143052.219379071 124402.418255946 75047.8505526781 89734.7071149478 0.608911057884089
0.225961164199435 0.665768340603706 0.737426474736665 0.560531076681459 0.19825307780226 0.111450695315404 0.353965614544334 120980.498580815 115427.52612198 79287.750998452 51298.8776484539 0.160236771844339
0.871129529289241 0.454619110829433 0.580054045248786 0.498875341788924 0.103087261297715 0.192045907380853 0.498342736727085 73578.4961593688 62407.2844052766 77580.7702399852 81147.7677660109 0.891593836588521
0.270558322793227 0.700413313272041 0.655503005414007 0.562742657321041 0.141917812928273 0.0410763988397823 0.33940335078645 116073.816457192 110589.835062695 77097.396628035 58567.3749576907 0.442283953464216
0.804961521970894 0.973348437323981 1.03230053313237 1.15629519352897 -0.326793609588309 0.80284617631622 1.11804930527325 262106.676990544 240187.780810145 73504.8157790201 260931.309174826 1.35099647217251
0.161880139567169 0.996939655815542 0.324224318476839 0.481094195228836 0.193572127882048 0.130906626733266 0.343578438342462 75306.2168458983 58274.4678917197 85241.1800158992 49145.9564316925 0.120859299655356
0.74339036426344 0.743486016050407 0.818754888147634 0.635616299070607 0.250431718778479 0.333436960814112 0.877005990556018 262024.276593403 232524.59245235 74428.4555717602 153782.104586159 0.583719808877639
0.469645135955045 0.725507916710131 0.654075599610545 0.383353360502239 0.244521469210679 0.0945272957684921 0.462757142484065 117251.754546797 133588.02574382 77174.1679574278 85639.2500839901 0.344044180161574
0.0207657143060146 0.841475465107397 0.691117163160975 0.4900219482299 0.0300034609646512 0.241029747195515 0.361541914417137 138978.510101563 151396.72286527 78225.5577806844 90473.6434862945 0.173464197341489
0.265210869498786 0.805768072663771 0.306086047771153 0.504053525111358 0.155801345255364 0.173802442791748 0.317543299547496 125899.274241563 109409.374272827 74768.3474347335 82448.8896480885 0.191903934711438
-0.00826061053338174 0.834468260898124 0.235740378418902 0.349381462274284 0.0950890726209751 0.246380053425156 0.31583267022561 167531.761916637 157881.197974148 76010.0373335932 75711.634454064 0.135993796552377
0.232059755968326 0.665788688462735 0.615742245570692 0.521557683463679 0.168852677025656 0.269339968702515 0.531241180349524 151408.835729154 119114.970271891 83577.8034722766 127328.203998171 0.401914284525109
0.234087024131201 0.768646000893721 0.469166748916193 0.451580417184491 0.0932383484753037 0.222715916376518 0.509363453700228 119403.240132034 96980.3469780371 78364.6247933094 115662.296752106 0.347143968392281
0.901740349717611 0.608052025296126 0.658362994858134 0.218622446762627 0.130273778875669 0.222314248482548 0.60173978590795 108499.226284306 84987.3660280856 81630.6700149226 99255.3218438161 0.333691919797088
0.206075918967452 0.686728789717301 0.68725469834155 0.283397638941918 0.163797028313398 0.0975016511226454 0.177810198184824 148725.777919329 111876.89646337 75836.517537283 75963.8607872657 0.157986788105452
0.160024982937185 0.983012116651712 1.06083623333286 0.376169985449526 0.189151367891137 0.109599528626491 0.27702229055742 127869.172249793 111545.477765505 75237.8816220823 48166.8155706109 0.0686627896398509
0.290375333851733 0.734869298713636 0.556615711418422 0.489383804167494 0.0670649998352434 0.123455541983337 0.338135821556491 112534.782887294 128950.119702959 77322.1256399901 72434.1796911402 0.371277259682664
0.444034395449 0.540726240271999 0.838564582815132 0.583923766411542 0.200202090504926 0.313915235171695 0.850666758587905 191024.462561124 144987.873371004 86511.8374695993 133592.047175107 0.449031944982247
0.356305359734994 0.867813234769346 0.627308832488031 0.6614091169518 0.144325086299042 0.105651307903872 0.357749978289048 141354.903535189 152630.385122412 84359.2083846834 17436.9071408696 0.380565481964016
0.163643459148141 0.429632638336802 0.115446979456307 0.382920193950417 0.0648831965617141 0.0592780903600104 0.332844528163691 96571.2116456265 79465.554452215 79940.2538246235 46531.2968575009 0.101467321526552
0.241838457506536 0.8474002867823 0.551634366721391 0.593649632675365 0.174907108276834 0.09014782496224 0.44481027728979 125669.890568956 122099.431244061 75793.1773101438 73043.5654315468 0.301080591544165
0.457931477179054 0.930934737719245 0.77753375017419 0.603511034889399 0.141987593005894 0.111752422929141 0.370566247976693 152755.013731654 107139.146125836 78961.47617561 112510.255858672 0.472744309220914
0.479973282890979 0.4912683327552 0.558777247663148 0.561926268307435 0.154672768541891 0.287863339004015 0.961564478799626 176189.554483463 136185.065636535 84895.0835987121 130595.043441966 0.405382676181224
0.143863827363137 0.77820206070146 0.690474932284844 0.514055673514536 0.128803414787986 0.0633558005401269 0.566678499195551 135697.904077394 98699.2225610091 78730.9275629575 79729.2713556196 0.290869239986958
0.197130701399613 0.889564011375921 0.59401272753254 0.71579658129372 0.188579708928588 0.133457615663953 0.48770483507002 145649.02915445 107884.138799721 79290.7518697274 70190.6273580108 0.368338970342876
0.0391482750781907 0.835174261295488 0.553084208633479 0.733415238367533 0.0758999625643047 0.0885760582519124 0.544292927992059 138500.847785159 98866.6904932337 76357.0794440627 56128.9976942689 0.295973089715288
0.155825817538319 0.482734269569165 0.580099910709348 0.431773843797684 0.131858121105417 0.228298119455718 0.310996960582917 124286.334669256 110551.835600525 75024.1839501227 42734.7094820219 0.0160172476631895
0.122523685782122 0.702901618889992 0.564372725165471 0.557156139345098 0.126970404866101 0.113425897141442 0.272795559969714 156598.755303451 101139.825773455 82207.958267989 66295.5306755587 0.200528344742004
0.425337432115209 0.751531330264636 0.651764977205557 0.516153777105971 0.109877679340619 0.17511323024421 0.45808814727465 139991.200317257 144949.50011228 75108.5865807099 58063.2543153868 0.516002056244224
0.0923295712677036 0.95542252918209 0.722187825134462 0.634879727743293 0.176333537238672 0.122227185743529 0.316117572884218 139820.867606517 116095.810528399 80078.7207527171 170808.003903046 0.081551462505494
0.709277458269699 0.706471446889885 0.779474504022853 0.627992849826808 0.239167630873765 0.338870474774338 0.904669901985155 205503.695782103 147881.749527461 91124.4003642742 164222.752335805 0.785142700110292
0.223663889115011 0.799516820324458 0.788731149688276 0.560019426970719 0.0853326530436482 0.118597898005591 0.352342791721627 138677.169574453 113036.469073066 75839.0727538017 60734.812986798 0.364527387377933
0.862513380607312 0.625998024845784 0.604466537277215 0.498264401403866 0.135492840796234 0.179931506970781 0.539175478727825 105884.886549577 83893.9712203966 82357.732854304 85931.9476068511 0.321738847985583
0.521440958796914 0.1856375054832 0.721273874041522 0.505698454865378 0.115960390978609 0.252315541656209 0.408962079260325 133772.12734515 101931.440993853 84071.9113251924 107462.34194545 0.996348143168692
0.17242727574992 0.953105894989827 1.05869016898787 0.383084961442527 0.165864432026879 0.0527535645574163 0.296535699827313 69061.4321649696 52228.0466398411 87438.1392292793 50681.9823590035 0.129512574214778
0.236423975153326 0.674693657774517 0.777112184550901 0.69033876373521 0.125147521745914 0.145020570887652 0.329489871772017 130097.678513286 98493.8683581497 77242.0203316859 62125.0968581118 0.272710668991351
0.21675222473862 0.591750922890665 0.442364002687029 0.719692350319147 0.171693356802869 0.117072875890359 0.490813828508121 125893.411500428 112227.630226422 79113.0340564105 55338.5261675833 0.168427685081534
0.470627967894609 0.595031010651008 0.772325625869881 0.522750401825718 0.164668745957162 0.294461857603525 0.820545531343156 132549.736858989 101921.784171942 85322.0350211332 120286.884075051 0.381028384471826
0.467918515949133 0.600913909317806 0.596539293464452 0.625286792316185 0.321619880743513 0.644453521011592 0.691837646353559 161688.36564375 123362.734395391 86488.0356712393 169565.953523338 0.717008909019524
0.429419859275615 0.981761282260572 1.05324369574831 0.413274263495767 0.190527167666965 0.14738372680405 0.346680561083437 136233.623183236 109261.87461288 82102.2052249483 56549.2830321981 0.356463564626826
0.227186281332402 0.593973723803868 0.43206114480591 0.619856100635717 0.11116185008851 0.149266755714646 0.42704141163381 127375.635569246 93835.7216264231 81050.8415346666 57879.0731649898 0.192380606574826
0.423041414240088 0.546570150317724 0.477596884928739 0.596270981826941 0.141747411495114 0.0921987081051921 0.300081541247113 144904.093037102 121616.792150276 81649.1201001028 70479.7151466296 0.168862746960749
0.313895562263519 0.694737710274289 0.274916612804654 0.693923401936825 0.193526344612515 0.104283510792424 0.5259199536075 176904.687161505 102741.851935574 76901.5532577543 77083.8011746331 0.500789931059441
0.517579954975945 1.00142530073553 0.492828991768384 1.00508906409044 0.204939445529426 0.253425194841633 0.55925453697632 205072.890874864 125218.523444276 108439.734005707 115318.527594634 0.721806056542082
0.229495276767911 0.701425756159656 0.268144287586671 0.421221224003809 0.107150698547681 0.145279360784769 0.510312964778445 137680.658311839 122117.293467675 78212.2084033787 59869.3725203304 0.442002004393411
0.323461319952363 0.583376515582553 0.579634235252045 0.37807806289291 0.0649999668237691 0.0256802271769762 0.344306453074485 135552.927361252 125149.339846161 70493.9258154964 81347.2513598057 0.47629057131274
0.188561965186305 0.815453351554658 0.5793606154849 0.495126212779028 0.218168883054835 0.184651515808724 0.55251775792083 125509.57066365 84879.8746506927 83005.7522982775 61125.0079457442 0.347013127681996
0.284137391043907 0.836060429462627 0.399407985248564 0.569152753054958 0.124172766579086 0.162552390048823 0.433851179504899 138265.067565232 118326.994386534 76650.1638579772 66472.785037389 0.425773655754513
0.272628859196323 0.526359798734697 0.493645543859325 0.343840468940776 0.300256661370044 -0.014886711126328 0.389085421596312 164682.228371182 116315.918457841 81213.8207805887 60068.1219363457 0.615336328145419
0.470610819745697 0.782642069298549 0.640078227855563 0.539472626813095 0.163836607706807 0.211187557092662 0.567684588802362 129393.617010183 91854.3678943107 76303.2021904026 80025.1951247153 0.297824053961741
0.533597982529957 0.486521887060107 0.262883392869716 0.466075829861386 0.0960678291477843 0.134585374566019 0.438374469375638 136809.892300715 112524.959067376 79725.8789667713 73731.6236037385 0.292004768739349
0.448130061461908 0.794187445743892 0.728924056424457 0.580004774468695 0.179417961923851 0.0860967067397311 0.410055321200325 168732.879709242 105840.969026151 75034.0694229577 75836.6915453637 0.504771012134079
0.327912815632642 0.38990343353107 0.303981974546111 0.303604898671467 0.0697172259583327 0.0320629831280647 0.273595826969643 61747.7741718993 56194.9836082276 72073.1721731239 38336.7221677176 0.752027705437326
0.278539280116033 0.794452156565143 0.43691819096004 0.520932369169365 0.178250376245312 0.19398094636482 0.486128241614198 116123.256651796 110798.443462563 74910.1893451433 81002.5870934798 0.268227040723057
0.426401735439766 0.849990890506612 0.644458362298862 0.597636736522688 0.110418107833957 0.160428773086483 0.302613801224397 108343.533667593 98822.4859685505 77849.3287570624 87806.0948303688 0.518975140100777
0.365916895568261 0.735777363527052 0.409542596961422 0.50785594260954 0.207371769147252 0.172542095049695 0.427962384585588 123660.20115986 115475.796494391 77996.8661647262 55196.4331973982 0.239450044793121
0.351318781577124 0.638999078408634 0.622627017999246 0.478609132644205 0.159235790103939 0.149114224752972 0.346455818040464 131756.357974212 113674.996233843 80693.3731155045 43572.0197580288 0.285398256166841
0.186766821137859 0.860919375843477 0.996067140763602 0.303887479892504 0.144742600741405 0.0182849335226231 0.161665530616931 68654.7032893906 61818.7849680991 72591.339614068 34927.8630850244 0.784276646998661
0.143985304223241 0.722544077761576 0.657280736124167 0.601658652268095 0.19957316511332 0.150475215571632 0.394269385329434 160524.901740246 96418.3581866919 80867.1218031951 95079.0030434046 0.242569115947501
0.276287021085381 0.850812120386426 0.377108824154695 0.609709473298738 0.154340208132275 0.094026701292822 0.36847741334227 133922.455148456 110391.108309677 79664.8733541899 64377.9419724437 0.53638918668152
0.201112699379062 0.828141068313924 0.439443356823998 0.412044225306959 0.168951348302057 0.196718235260423 0.457096227316754 116945.176961032 103943.949815068 78054.4338063676 47930.4260408087 0.451712111690522
0.588782889651736 0.804976371189535 0.53424155618799 0.510705511927482 0.23108558286208 0.0701639243073115 0.359910000763104 137780.394645229 95353.4340826127 78491.2580905773 78891.9340722622 0.303285002009879
0.257423715010562 0.727533349216358 0.470626453357272 0.47811831969619 0.166520108738465 0.186617167236149 0.391813000585128 136574.236032752 116610.60231425 77619.4107724526 69500.3830256946 0.235800527030908
0.592155506858382 0.354802006060927 0.650096234030988 0.483982013789118 0.103865377653301 0.190024862624062 0.474016864295538 139453.817588867 118534.925448909 77283.8511388048 113563.206962488 1.0060894626146
0.32432429453935 0.773375209889454 0.482062929119703 0.605868200215926 0.121031034611285 0.160533138061372 0.304930180671325 141208.151501184 109896.172898215 73085.5189719015 75936.850223132 0.401008523722325
0.15069136976759 0.876091598937 1.03308643379594 0.348893021631805 0.149073374972949 0.0413397666887109 0.214815631320035 135151.600413342 122963.652168161 72202.2238686805 50857.9086422963 0.898422313998769
0.540544565652218 0.626913461447708 0.281123424233714 0.671523751767247 0.2051563379236 0.0524914668303098 0.585199900462807 135056.312644561 98788.6196027024 84305.2781111285 56703.1901092385 0.4367222036133
0.0279619857108902 0.15323059099616 0.182116331367504 0.227354774605405 0.0522862931068713 0.370585472113428 0.229489061709601 60014.4169504054 55520.1158678402 70810.3649882482 106379.173884751 0.347616814515457
0.18998421992315 1.06119084294972 0.52288287840303 0.436523269999033 0.24403171635527 0.121259117802909 0.357960844736913 132885.028431904 115103.917669229 76067.4432803291 50409.3906957535 0.0828040959547412
0.202968661471816 0.791717451362262 0.531133480623697 0.507819317008893 0.119959471513901 0.147818460579114 0.423200884855328 118538.835568252 116871.191194854 75696.1091923276 80913.3409277379 0.387581155272658
0.212927840638435 0.993383753926915 -0.209806904939165 0.741831696257094 0.15326345394592 0.130097897802999 0.788126798981429 174518.056079232 150207.903303398 75590.7421974285 59477.2558620822 0.157570690203604
0.3224314087252 0.747248703223237 0.584836851746969 0.416116936947305 0.169666228195412 0.143401092938806 0.513993118686535 137445.749926142 103884.449298168 71570.9898185838 73911.0178002048 0.43556675913311
0.275572964015033 1.10321751972829 0.800872398870074 0.308813145810196 0.230794376638242 0.296723806642842 0.920175507217934 133153.611363093 167062.320497418 74755.0521154249 32012.9987958321 0.545984529513744
0.188683255131592 0.959094929539034 0.190423004722457 1.02486945381812 0.0421960526881301 0.740936281933063 0.334141479567607 132951.434130962 116818.461520023 75390.8753138421 52466.043712338 0.0801913890251772
0.248843936774224 0.70395279381974 0.867295372229868 0.535460869164544 0.10856269039898 0.111828193478798 0.529699862501885 128287.366572814 109404.406294737 74582.3201289354 51564.9916600976 0.187879302190454
0.113176372517777 0.723500525342872 0.521436551738975 0.558199065298744 0.166273135855236 0.0994818200154941 0.51247841358193 159890.327498772 109056.539912523 76922.4295234716 60048.8856318059 0.300112964564433
0.387992360469526 0.854498752680236 0.521580527848113 0.402177497321349 0.108902091952327 0.115614137541141 0.353129659991623 159932.408693286 126793.184777974 78495.2943568748 66286.8932879453 0.352653189826299
0.13141610863006 0.965834109106932 0.154494473071063 0.992583259215964 0.0936727151195376 0.11703803209451 0.358136691276533 84781.7712035413 68072.6675893456 81922.5869025166 50959.9671704826 0.114723812300197
0.55054927205932 0.926246235290155 0.88009165875584 0.724374193103937 0.482577881226915 1.20520684249589 0.197816606852713 161674.931012571 145244.506295295 76085.4794241809 197111.306788198 1.52314362237403
0.494266939875853 0.537092989520037 0.795444742694696 0.375530038970829 0.164959494763216 0.411932868114156 0.76989184575524 133153.965167426 104880.721152989 84113.4307014848 117480.728888229 0.397338807934728
0.350976072615376 0.629186036065319 0.329320965504832 0.57027792648733 0.0929367181826088 0.175972826912058 0.385096719661352 131150.198256889 104459.038443306 79333.6834247498 77539.4591891481 0.161986848008035
0.416636119766855 0.725238171231218 0.327569873189822 0.624136961998692 0.0997563375307504 0.098671482991543 0.432946080488031 130799.356308707 99548.0362559584 78928.1578428398 101151.357798619 0.319534265378752
0.36376896712607 0.970434065324227 0.550649197125962 0.548201953721729 0.203243644101281 0.168465920479488 0.568869180878001 132609.904082117 105262.029841008 75084.3057747185 87066.8325887802 0.197927499478313
0.313919513276339 0.623801208939754 0.275416203337388 0.294798730378136 0.115608027413807 0.241052591798233 0.592050068140431 90667.4441278548 118861.04433472 75642.1893810788 73404.4870312735 0.294444178548235
0.29000743325119 0.669169456849198 0.384275529011649 0.69394454192069 0.155767876211617 0.0571081551827076 0.426311670944216 142619.743463176 113691.660837544 78774.0570662171 62740.7363125276 0.126262507202814
0.386377314243949 0.551892979121128 0.193767948339122 0.554245509118886 0.117499391614841 0.126937245078875 0.581225650457706 104470.443433524 128160.331134859 77380.834306595 66372.8759957561 0.487216351113338
1.04881269410823 0.768951849222116 0.76727173781689 0.739582280358378 0.274365539682697 0.360074874275384 0.687579115995513 118501.59914814 91265.4299859493 84047.5750955242 82569.1974865404 0.964106959615087
0.751649640909083 0.908619846007306 0.258659229832204 0.870067421584549 0.869392031042524 0.155788854466048 0.8074533414997 157859.363013036 137912.366861066 75205.3457334234 44941.4994092849 0.100870778778422
0.225481538160595 0.738300269465686 0.649690387767061 0.572423961054933 0.0859458346918785 0.0822211500527763 0.385668315498062 136719.649543622 139215.492755729 78634.0665048063 57488.3149725938 0.443823091465203
0.23601363611319 0.844699636551973 0.767631272592841 0.49690464207439 0.163594976885746 0.13609471629353 0.150467913557211 122140.272133937 111596.647903829 79323.901629145 47995.1309965252 0.441321461960371
0.351765148589537 0.21633494866058 0.162268533029211 0.205435716359336 0.0260115892975553 -0.040420628045757 0.200702437600353 43368.9613719928 41861.3966625201 67864.545586964 15242.2463165675 0.333245474649777
0.00291151064755875 0.66026124144982 0.143804475409042 0.503939985145066 0.105939838011369 0.236655003495989 0.216851154188215 103421.361351339 139661.120213513 69794.4129066533 83780.4638516255 0.251454499380198
0.478570512476801 0.680234800809127 0.389540793730893 0.551043765139887 0.0666840582067572 0.0556435083336783 0.302787889971029 156491.659423929 142905.472317619 75779.5418625667 34608.3598110089 -0.0275548746069554
0.387706341513726 0.792522162047583 0.60423719177248 0.583862012044438 0.0633167257740527 0.195924010329457 0.447344150757782 142403.352570616 110312.151373056 77322.6195622042 83705.8497812814 0.358731116172508
0.688302988092344 0.908041013548021 0.904182737453755 0.149179861210229 0.293682244087914 0.0100413885094294 0.405277180812879 83554.6493666506 63464.1139860638 86456.1675885381 79294.4477133792 0.767286333547495
0.350329959171047 0.644601946571788 0.388117977771899 0.653299845979446 0.0936091851868096 0.154740230292002 0.572554077944375 111733.765722172 132482.071417947 78727.6402028158 71730.0357652403 0.434204845280993
0.318159998929771 0.824923574480979 0.354792659677229 0.556535063137511 0.0514532736777582 0.145338263619732 0.214254236529069 161071.466718892 126731.009095006 76078.5427178816 69815.2540819861 0.244859494068181
0.590642952062762 0.400370005029866 0.529437616028605 0.541302781380749 0.124197560210556 0.236706836512432 0.522717624314343 122222.821451733 103565.625742495 77566.4314948511 95748.3032970079 0.984236684833774
0.021833829502758 0.856755886956181 0.163092017681927 0.777108349748225 0.087129458859038 0.015572038326188 0.2208242443396 101613.643835326 92558.0997848227 72020.1335970823 30787.9247636616 0.293853861177407
0.537556733258203 0.638632643065327 0.647290255526199 0.58830467162652 0.187375839658915 0.298096483810006 1.03094129598027 172699.418332905 132895.347532853 85292.2357885242 131549.893669694 0.429668907367388
0.639618411574743 0.512199029815131 0.538170460326263 0.470592017178568 0.11604462966879 0.188885664158081 0.582531336798588 68629.9170695695 52855.8066385259 85163.9439762807 78320.2678983647 0.554902602714648
0.601844226860932 0.717044145052098 0.939108636798542 0.482639180068715 0.107973794009598 0.0291722320717922 0.61454250586237 99663.7563372572 120290.017437821 80204.2366333034 52355.5292804636 0.250627310319195
0.485302615025474 0.899085923025446 0.6886274112647 0.80650841089947 0.298320243637115 0.186982083203696 0.440741897487533 108657.171144469 68371.8124232404 82944.2999683527 67714.67719896 -0.0342899032390761
0.128420645198577 0.642794651474795 0.361533650794695 0.545728392592392 -0.0168091752063005 0.081708582743061 0.534775664125902 158563.217967911 122441.623924438 76270.8786100859 94084.0620634304 0.284090523425089
0.27993539511728 0.799106845571456 0.555757014425511 0.499491222039985 0.0953415970309656 0.153888750017267 0.453020330223961 109608.320852625 109195.159019753 80071.6178152775 52942.8435996496 0.410827845168406
0.635983790855342 0.742954522479652 0.679737863595224 0.511695180223558 0.205007774756478 0.240027061221085 0.765509173187108 185467.681622118 151417.49284024 80301.8182999478 88506.3331064558 0.28852335965072
0.392756102433395 0.749899093657417 0.366258593008262 0.40788757033042 0.102670345443552 0.135254101697345 0.458816690514521 138891.20481833 113315.671977141 76484.997675836 52210.1617359648 0.382817661313037
0.282040767211535 0.679670015862891 0.426569300025301 0.575337346046692 0.181154807930243 0.148705817359012 0.369312235323771 137584.532315242 102745.617230831 78443.3964731984 61843.030516119 0.243999583863822
0.348677510377629 0.618954290272403 0.621490170428446 0.714945079728679 0.201180180184529 0.154598890249244 0.43707146125153 128004.379826791 104843.418013237 73082.5185507485 53209.9411198584 0.0961119897448747
0.112203445708014 0.98871803809725 0.679044106000448 0.638403315724818 0.133487253745723 0.114533434430082 0.32919677199512 128768.081695594 90257.8103063292 77162.0752612035 69552.507556873 0.409054786810134
0.157043559320404 0.362290235631589 0.309821639170012 0.331901813522559 0.0746456557264395 0.0612851437260192 0.292398946167274 117776.847162796 105013.98250176 73648.6068700778 64783.9257242556 0.921259972041084
0.417579047166561 0.873963711220728 0.459641580036051 0.549181003405886 0.191882396658732 0.192872942267268 0.352782393923857 118857.733327635 127365.122266246 76608.2585875706 87793.9389201061 0.239507920321829
0.233871805045116 0.828405723345067 0.645789163132086 0.411727214112341 0.151931916530963 0.0949986513415582 0.522578051436344 134196.946048101 107330.219182744 72314.9320480215 72433.5864352533 0.444353828504246
0.396805700889613 0.763807603686936 0.485036464483029 0.550696173644516 0.200061571415805 0.0647014635893748 0.489122404469524 107971.999228372 123956.465319509 78543.5951932431 84091.0099613334 0.331904884034876
0.250464776914314 0.598658274053723 0.395521319585905 0.672870026409518 0.0905635044165339 0.0732049313489293 0.411312089030566 127716.196165778 98806.7522809949 75616.0383531826 47956.9811865001 0.311301830523596
0.810124482993176 0.744312053518295 0.754361203517065 0.715239301241921 0.31304847497192 0.614924986912818 0.746498734098889 247772.452557805 243140.81676518 67568.2916840044 91726.7192882835 0.564407309169917
0.399037174571891 0.897417997406638 -0.277656026091601 0.538846580860086 0.380823365083946 0.261248870284859 0.489541525380615 94868.5521840366 64494.2968400664 90732.4935701 115110.477070981 0.920114612622267
0.371927376939806 0.652194727920187 0.558107658272998 0.714567875067688 0.0494157612838028 0.231707995430417 0.508730096106435 126063.60946835 114051.392953661 83889.2872728435 88592.4511557505 0.144613646234954
0.348095927657822 0.842196922385341 0.606144302887949 0.501433453023526 0.155448139112616 0.127754985045446 0.367548911267468 154634.84289996 118613.846015736 80138.6330370301 66074.9285250804 0.223175144683178
0.252115635725615 0.584490802436138 0.299469309897147 0.476664498664222 0.0681254541782114 0.125963573735658 0.472214805017657 138853.163852592 113303.128934127 76002.7468126305 72746.7616968617 0.404295262289116
0.0302309803237199 0.932835093195025 0.431502009177166 0.410754408156966 0.158240839347771 0.0893940666749979 0.380511994006539 158163.793653167 137672.810632079 75654.1034451504 55035.7349471948 0.0822408466887752
0.0928112303582538 0.324255010530692 0.282993088081779 0.361595575877305 0.0839444948833037 0.0643661148954832 0.370117875650749 157391.381203855 139621.439440421 73945.6932299772 83807.0075976478 0.513858402599762
0.170778536644164 0.813142818182126 0.31840553151971 0.598737173964996 0.116133401992448 0.0487488701758933 0.281844694044088 116178.483068728 104330.635435989 73109.1806612247 56616.6728335841 0.893997641674662
0.0157586608322084 0.715858064751532 0.608410082388461 0.636810458257612 0.113401572282629 0.236582945691819 0.552304639027877 132703.113918047 84736.4186727403 80443.6175451869 46300.3489143761 0.334128751619004
0.387016230093519 0.730005084359608 0.538395625521345 0.521337974463849 0.121063711034231 0.0922744549087822 0.468693019617375 131571.233359962 111110.516910792 77724.1025961001 61257.4699364833 0.369174423036582
0.192998868906026 0.764058865915426 0.284894356854062 0.571617138083283 0.106202696811952 0.168103991470647 0.535312981795928 126361.619298376 115923.070006001 75781.4018284746 52579.4611549411 0.348843907670919
0.760804974535373 0.76049510949363 -0.245130699897035 0.634745887091181 0.216469417597943 0.231367226360565 0.00187946864871373 161829.750668451 155099.208412843 75408.5312453626 125102.211775569 0.249792269627929
0.752126738115906 0.256253185481521 0.202315469495253 0.349655270512667 0.0478581288728273 -0.0119597095128265 0.316047523376934 72761.0756908785 66439.5043878755 71585.8525380548 20603.6710182799 0.167041933906956
0.549961751331309 0.635338252290994 0.695278737768911 0.516893807129198 0.1656191229884 0.2376098548237 0.948971123380338 68098.1498188167 51826.9298497681 86646.2272590826 95517.3772185025 0.914157954692774
0.747046377229073 0.935950444081323 0.913048851631145 0.800143034428226 0.345748611562534 0.417742318287075 0.707767907777835 261284.906558222 224188.079178459 77505.7498258726 180292.938795355 1.18176283878552
0.157425205769133 0.850593364138635 0.882448386751836 0.37792477389254 0.301030644565644 0.095679838258998 0.467890215635268 107940.071235072 91004.3109905238 73758.4217440434 63217.1590328617 0.381138421831554
0.216567177217952 0.723030123024689 0.518557851391276 0.428999626894 0.277225816235451 0.0772283170222579 0.447187892079378 116203.683472313 92551.5347431438 75963.8117616896 65049.9362296587 0.475505453399594
0.274053029038707 0.673379451015151 0.538849615184315 0.290579642746464 0.054779387286858 0.135050814944397 0.411615333009284 146547.524088349 88079.1295975349 81466.8816708693 51274.3850955672 0.275699693693056
0.237224055405958 0.945231307120461 0.681008500956172 0.725140979326198 0.0900170851045936 0.132113138073829 0.520829350526866 157993.382331164 66616.3103726072 78316.6163017728 61836.7091215436 0.153166802349858
0.107763957473973 0.463752539467851 0.281650333905655 0.624139498393013 0.218442576560975 0.312115388164905 0.281745109558865 160826.08615583 100983.560050802 77962.6268153255 72601.1673843119 0.511455123577801
0.101529197562336 0.663491552396219 0.445737784769709 0.427891693125001 0.15381560985433 0.193339493244084 0.513418974413731 119763.493513998 127065.63973516 80085.1378873314 48722.7269326647 0.655557989763571
0.500352595842728 0.612459551339854 0.482016307493096 0.644818164220007 0.165553038603491 0.0772523891697727 0.168056371746765 158144.984929762 95394.6774030301 77425.4649582495 77998.7485369358 0.221476098881006
0.25319357364552 0.710764180192063 0.796808680977129 0.667670900233411 0.261844788567328 0.238033913442883 0.4831238021858 170444.514804417 82663.534143472 74981.7529715218 54113.9154818756 0.276427630034735
0.62630444461468 0.877760951548595 0.998475555651863 0.619763100234379 0.292707709540882 0.356069670074459 0.848305895808779 260901.756589528 155446.024572256 112345.718710161 177188.0169726 0.497108153929671
0.335897738754993 0.625929616147377 0.599843333182876 0.646942130410735 0.106937301619775 0.120256167970642 0.399084792000046 151806.858772002 105491.902626743 72267.7297497152 47077.5234924923 0.347923135667786
0.240207647103828 0.48582713956098 1.03003967643305 0.442269160129662 0.130277976801625 0.104267749187215 0.440554844255143 181992.833886061 152158.871137053 78877.1215989004 80920.2706605813 0.217639826398645
0.308593026126846 0.60479055246937 0.522462569747473 0.561626304247663 0.0976708952042711 0.114199878213713 0.408356481036811 153221.579651121 105289.444460488 78159.7972812952 43319.1678063326 0.492815268634282
0.294200486046848 0.731053899367278 0.711040292094292 0.550727479903874 0.132703659675231 0.175726018126455 0.443659771897845 132985.37265647 92467.1449251208 77630.0186276746 72810.4529771119 0.401335515331752
0.202312263228724 0.75955954509455 0.518981603205075 0.4977870637479 0.241213291310669 0.150593412491668 0.442027789874724 164879.972415845 127662.569183105 73966.7956456359 72165.0527309881 0.232365096898117
0.225171031882189 0.791095038766062 0.688449968196909 0.591978790145864 0.207912688441021 0.171284185545983 0.406031223351668 113563.732166835 92181.0922795449 78018.4288518957 49221.2602275122 0.560964672437523
-0.153632943123329 1.10671787205363 0.249593733079143 0.685160245525139 0.225917836972303 0.0121790461582656 0.578051654926399 151481.452790428 112574.143592347 73684.8602024073 36551.9747921432 -0.159780346749397
0.122495640111518 0.94127300689304 0.452037382342822 0.869222281461944 0.162619300793143 0.19461966322953 0.365534045355542 170331.352329942 119558.139297358 74455.2490205178 40229.0799530361 0.457794727722084
0.240184317466029 0.794095048850565 0.0954864242738978 0.789929136479336 0.203569159647292 0.100498370781619 0.220370141651958 147226.640785526 151902.073895068 78397.0019094435 74784.5942345095 0.413756206889775
0.425523533021715 0.746469799144574 0.243843854688608 0.575913688915296 0.103407628692042 0.23552744807711 0.279429919100563 131317.010282586 106799.925939494 74639.182846621 40372.6377624778 0.433156960530943
0.32088478910415 0.944234794166438 0.541640424550538 0.523230024680157 0.142407403569459 0.119833148603656 0.466078089844804 123303.936637183 122916.243375475 81031.5384956582 48086.8144540888 0.262905584137531
0.365577049484148 1.08044011367508 1.07394825598059 0.663435948130317 0.0952882069012227 0.0820999176679469 0.340367706732622 215957.141415255 112439.985702768 86939.9828461897 120103.625147219 0.278922056434668
0.319392034489651 0.74445683940173 0.299267962599223 0.401312160911274 0.11319799954506 0.0451379782800736 0.550651653619808 114758.034117495 120466.278478263 80195.3168227802 70917.2481789787 0.462115248411506
0.261350272860292 0.656618721935945 0.533175703423211 0.511100478702711 0.0779342368085474 0.167676399031412 0.464339251932123 125532.881989834 131607.337453841 77766.3615233882 64506.0934534083 0.14777096816563
0.255944528623977 0.997730597131226 1.02366203022764 0.494202931369503 0.159764863913382 0.140467910728792 0.248562071995968 139092.222487585 104490.474836055 76123.1952084785 45416.5343101946 0.19768181663264
0.189336438385583 0.807777875488835 0.789642256348327 0.532262111793507 0.0332755159543666 0.130456590920286 0.426873927868808 142737.494160667 108189.143914363 81877.8341466347 68260.6749376613 0.29208710135538
0.322518926836368 0.895378386180381 0.623356899592746 0.504845408490985 0.0720967750565042 0.250681518498724 0.49671445004088 146349.916014847 108885.85924387 77472.4318827689 46047.6807760881 0.220236935553146
0.395005735653522 0.783768894705175 0.670484427492107 0.534453162314595 0.148978803147319 0.173664343063163 0.409349355930812 123604.565245024 94080.4044941333 78902.9435178043 55187.6188846276 0.385131607688329
0.328623187193327 0.840833673942166 0.868001087871408 0.536989970106202 0.135914837344446 0.156148375297821 0.504208799708807 127114.245205781 132751.076798802 72291.759767207 71818.0822292012 0.475959436193529
0.266473466334716 0.675014580146442 0.471839506408124 0.48952106908579 0.116929570717304 0.186239487434307 0.54965753450824 123370.431169578 69372.0533017721 85069.6972639098 37049.8481161794 -0.0309037371993751
0.149657660340928 0.381026213250629 0.103197769684133 0.383122274054045 0.0578550276334693 0.0471029116208417 0.329900138971542 152619.971561188 134149.927246108 74659.9838413452 45682.7237949089 0.0911169009945055
0.144849836617916 0.794103938854762 0.437254126873586 0.488213598311578 0.0784831432053261 0.137871714433661 0.610653487688213 133978.793538173 115483.127671267 82176.381675365 53755.8634134141 0.160350209484404
0.326663014046045 0.756549635095102 0.624176954654328 0.481186573640201 0.222207451924861 0.232169678312844 0.358869678802116 156713.941581514 120165.917195546 78685.9303629947 77000.6831621263 0.296726041789774
0.13269878130179 0.775309974693536 0.692643307393666 0.478809322514827 0.0933494757253769 0.185519004479687 0.273500467773392 106578.965042814 108197.313874359 83535.2644365961 68734.9031019679 0.200939660159969
0.203731849393752 0.496373005877578 0.51615295285888 0.181039266358357 0.0630014060469965 -0.0873187100728472 0.742759175906075 70377.4537783867 63503.3180501106 73115.20944069 21216.4564028767 0.466866708846426
0.355665738903294 0.692974126083448 0.776422318512313 0.588259194197877 0.127783972344648 0.18945990685314 0.443408918053198 80713.9277539607 112752.472481823 80351.654793173 79672.3891657624 0.246327192884952
0.419075017719371 0.95816572252096 0.170577647385309 0.996979063246365 0.104947362799797 0.127377808528411 0.388245856764082 154642.792042253 127161.323787811 80051.4350608227 55822.7914092575 0.336895661313725
0.415760414655324 0.783924129672629 0.502714295309399 0.502623445070353 0.0270192188213932 0.130212692291778 0.599893738485356 131448.663371097 113070.129060964 77724.9903175285 78055.1157679048 0.365545920827313
0.638054650959801 0.943081518099525 0.967389069276855 0.521067199609368 1.07840508762038 0.465033600750712 1.0635093495575 153045.986391021 132914.658254814 75854.5207800291 45261.9928424184 0.133374933534649
0.275883228340569 0.778258371266728 0.136163190497389 0.449721960765171 0.159233714930553 0.107918765702759 0.17531743700837 134400.062300266 99959.1282928936 75416.6439361777 72332.1981427845 0.302075458578408
0.570010836653897 1.00686591820503 0.645047363806649 1.0072755729864 0.234057940293341 0.326281817132965 0.827428708993802 261512.943787967 193118.491648516 93153.3124383154 156589.855284624 0.457685790070964
0.388753594678397 0.732431381307035 0.532469727872265 0.710848939168213 0.265126136923871 0.0843144009626487 0.268815459622042 146760.812107473 116063.488005693 81820.870108296 44169.2787883393 0.745637243554955
0.345752664631437 0.717762085451271 0.364521168950365 0.625382625648746 0.173801431540496 0.181593773726996 0.593604090371688 125281.261926481 97311.8329277686 68294.6557837462 60144.782570791 0.434052909572958
0.364785003134716 0.659869251528035 0.714219736028173 0.530775046468973 0.119239787934614 0.0831579816757458 0.383655312699095 141804.886615829 109705.378447466 73215.7143207331 83932.6697454122 0.37723980401377
0.0673319984080024 0.948332695013013 0.067681896738442 1.00706595281166 0.0844476820393056 0.0838660082756055 0.355597810066493 160483.720211929 141590.466829481 74382.888472076 48918.6686458802 0.0846404145549547
0.356476501261624 0.70771631695145 0.828983579392451 0.720894265936981 0.154564418558965 0.121154081883892 0.281704487655555 138514.806881544 125252.157298395 79821.476163643 50761.3511502597 0.335435909851519
0.295636814388468 0.611504080161827 0.480987582999596 0.456169685485899 0.125229267080831 0.122056873877832 0.569171154126915 134935.137680328 61729.4908662529 72053.9716913916 74938.800312365 0.329283794871399
0.357846117517118 0.801926289649355 0.796641223808054 0.529632451064513 0.121519041950987 0.208738247476346 0.437338531686426 112003.509588002 129486.720587304 75441.3674166072 88017.3316714063 0.224452375417193
0.174385467842683 0.702596384091113 0.703014091793086 0.504381664790973 0.1557207631759 0.102275404904485 0.687666857463267 167240.326807716 109753.825700318 74922.3647660828 70352.5836346575 0.245020992851512
0.238250329148892 0.808682126543724 0.537462884935374 0.686431014787999 0.1282073698351 0.146490220087511 0.358876618298224 149718.505471482 109805.585461562 76131.6283367446 83289.7482362846 0.210935538412917
0.503215110012778 0.863996267367698 0.616853318363256 0.415029120706618 0.124121903671402 0.0320060503943754 0.778273577849389 146774.983111717 111079.458654602 78304.454251551 61261.4274456154 0.631058478817751
0.303125716854259 0.52151865954019 0.558750528783964 0.592389714791629 0.10437299565548 0.113936009253582 0.368283387721688 123182.409778822 99507.3109292756 78300.2776408771 55702.7915967203 0.327332271770958
0.561185175960387 1.61683742164584 1.3542216975425 0.833108592296441 1.11773529541308 1.21596548013111 0.761768824767885 192712.610845523 133806.133370553 89880.4019185864 66134.7507173055 0.510087875404161
0.148893850190642 0.811626561192286 0.586691493081728 0.420790055094651 0.161534524030229 0.134279793635137 0.487854919319809 141701.02248169 112190.173622089 70886.5954947951 62593.9179320773 0.383819262468098
0.148764275166852 0.982910369710553 -0.304270506292467 1.01039471175328 0.0885107488399204 0.106823365321944 0.344063936782506 126474.174038801 109955.3621732 75541.8042344314 49325.539678658 0.0790213498594142
0.170911385433717 0.969600284293569 1.05643909191754 0.398914367441372 0.192060811413282 0.0946537075982474 0.304103479328927 167812.365552295 150724.426520046 72971.6412444723 44591.2759776665 0.108472500309885
0.682582084451358 0.170739576963923 0.352006915880465 0.771002195632825 -0.119486898711876 0.659377233368124 0.86440259487966 72592.8614430311 46338.7744989391 114713.361179961 150956.769032586 0.984752623961446
0.278189354716602 0.598103210945768 0.401392481657698 0.467215191379647 0.109507962025081 0.191310006296437 0.399925031131376 156076.86717226 102299.0393765 77730.2950808045 74876.0968463397 0.412571896603854
0.222925434403418 0.949572395262136 0.631527794385269 0.531067109927965 0.172665948539938 0.144401430758206 0.498290795378837 148129.167400629 95494.0569852769 69789.6667884116 42875.9639350553 0.179036489911484
0.478947377953818 0.546357335098891 0.891020698835382 0.515503593135499 0.153551122760665 0.264886684476574 0.832437706544564 173165.872096019 135527.492119387 83838.0771419818 115017.255384303 0.360047701064767
0.922093014854058 0.670146690995259 0.603887662024903 0.516300726340393 0.145032980709403 0.182248293236503 0.562012433400892 200133.969022497 165939.347657307 79308.5318496188 85016.3651016346 0.2789439827323
0.297754927618451 0.637882092919852 0.62924358192359 0.446227056688676 0.186559020188552 0.0976248474002865 0.480732459852046 144264.725362806 130088.812075197 78791.3835462213 69484.1390136512 0.431045943815383
0.28245880145164 1.04728063000421 0.525292015114549 1.01927378433257 0.202249523376029 0.22419787951575 0.47862741381492 259332.212013128 204702.59280044 84825.6761862034 96487.2620673019 0.500605381635053
0.387974072031116 0.862376277043683 0.516154069099237 0.500811325288891 0.129186856690883 0.0436360266133863 0.592355350185655 137589.050422347 113012.661648687 77804.3673878373 43708.0836805275 0.423019252499658
