PE APC-H7 PE-Cy7 PerCP-Cy5.5 APC BV421 FITC FSC-A FSC-H FSC-W SSC-A AquaAmine
0.422334214750367 0.944280966538009 1.06941364611253 0.402273697733832 0.0948856852431783 0.0522204368954696 0.337732588665946 134684.533244552 112407.751316382 79045.9802230076 51089.8927840998 0.301917604004936
0.431227978448276 0.890455674874188 0.937487832451632 0.428969744340761 0.167322542031122 0.530187878264963 0.642916936926325 117365.760780015 96589.5985496871 79479.1518360082 57518.7945542822 0.144794105088071
0.180298850715793 0.920351603464639 1.04074769739633 0.358211235100467 0.0782814260141144 -0.0175593153020419 0.269568738872089 148480.107286072 130431.345452147 74666.4281291055 38035.0097597615 0.0525247823065979
0.148686543313084 0.842879045751672 0.81341410569648 0.533420732931523 0.125467462712234 0.135930674770886 0.369344081162119 120622.479122227 102126.149807628 81411.2753797552 60076.7938514806 0.269854496962931
0.5168852170536 0.80851663025578 0.928440397403178 0.596855941738868 0.187575674918868 0.168118911719876 0.499112579125924 126486.382136107 95769.2284503017 79696.2806511333 49461.6914927938 0.212794863618956
0.32092598384166 0.868007775971241 0.956267362315784 0.553001573124446 0.234275247155615 0.0797108238494276 0.376166404473597 118117.022718678 114030.909767474 72907.0087322113 45265.9661174892 0.319269707352218
0.297550538559905 0.840323139141438 0.823127925108382 0.435356678303091 0.0835160075043371 0.205652190005377 0.410169931943057 116123.148452653 114456.687066861 80464.4647923012 64927.6117627323 0.17661997520622
0.201254415163706 0.958213029330588 1.08491496689011 0.373790939534991 0.0915496243388504 0.037528924431265 0.278518235068862 111792.835500417 94283.2369978966 77846.2001798796 47922.0624545114 0.0572513912339349
0.272355124457322 0.966969447046553 1.10173122518582 0.416479600930997 0.219590182503963 0.0894185253947873 0.290869244105402 120736.241109713 103353.923108054 76858.8149963727 43409.1784550791 0.100032675243645
