PE APC-H7 PE-Cy7 PerCP-Cy5.5 APC BV421 FITC FSC-A FSC-H FSC-W SSC-A AquaAmine
0.349595630867651 0.621959510199237 0.509816720941808 0.353594982280936 0.198513827516247 0.26059723275109 0.270037677220328 136448.893368392 102058.818699061 88462.9772763861 50067.2094171596 1.01039362736397
0.351475634491578 0.964795083480365 0.380859158208761 0.418849562135378 0.104975349245375 0.179413758012295 0.251487689559525 122663.575814198 83856.7549276675 96065.9386418994 48583.8935058189 0.235111343594322
0.389383800431934 0.801960908684526 0.498552107182796 0.38935544314244 0.0658155172977605 0.190914888859243 0.233050899713975 133746.71170706 86780.5277531297 98313.3322301639 45603.6633176773 0.387112306951773
0.357226986361327 1.00983716414695 0.767710145937497 0.612730539112091 0.246637271962583 0.221521430476423 0.259311428328467 138921.672242572 93892.4029112867 95478.3936411677 46604.881200914 0.330096961808063
1.02304616484052 0.511746491287103 0.55651376414054 0.812883107822781 -0.220923854046981 0.317439036508266 0.414057948710581 141585.802891158 107584.430697393 87036.3903819452 60893.8100717416 0.83422519257032
0.346621045772746 0.466086153789846 0.194673262785038 0.377721722069888 0.0244567383910145 0.0971626761021243 0.241075175106109 155749.662546851 110802.055345735 92185.298533729 45229.1777655843 0.24042271587084
0.87370539810129 0.661088438942095 0.561186937264856 0.562007526055883 0.280130312237373 0.336321224178114 0.548152065932057 112135.357983351 85778.757712067 86100.9416215505 74206.1600396868 1.06772735562406
0.405254133341478 0.952155027832514 0.565662299794427 0.911724919696817 0.438732966642969 0.34169962930956 0.309589862427413 133282.168020265 89187.2891421516 98616.5997448243 36046.7821793034 0.304966161695167
0.366511961175478 0.842468508066827 0.984109515964606 0.365522606404736 0.0755664593008436 0.0937751250584501 0.222524119031912 144863.029798859 114523.936548089 83575.6342186748 43265.0125231916 0.496634258735503
0.445063871697141 0.50687595220644 0.229130794630286 0.3976235235431 0.0346873252074166 0.145366174754309 0.277133879019818 124624.992739572 84126.8610726386 97145.9125176316 54082.3996682395 0.285954849986691
0.133730464895363 0.935965028493194 0.494561820125769 0.994432146763599 0.315930665045943 -0.0940763485844522 0.0324730519010921 118431.953271637 86871.4270897056 89662.8866335612 43870.4333897838 -0.28594613998931
0.389343163731705 0.851193998719391 1.08872986356056 0.428222059180446 0.124787248443489 0.239279018340667 0.317658579636069 138831.781713419 92572.2408768999 97741.5372918276 52696.4922380047 0.285228663033753
0.49494942283719 0.951437269441027 1.18426070109911 0.407327552580405 0.128446721550605 0.23128563815226 0.338900396413134 127727.861583082 89205.8515111377 90959.1865396117 33981.9277040648 0.507985250971005
0.490873205342655 0.940767866867441 0.947250912893597 0.511481842072049 0.122481402099499 0.238350077310657 0.28158847556566 165339.015946837 122742.726212703 88428.3412209713 43532.6538939181 0.312025106886495
0.396207465569683 0.938459123920193 0.508722057459661 0.922027999515792 0.278023172644183 0.208836554209436 0.304168253662169 99746.0949405642 64895.2278013639 101293.016924128 51225.527749487 0.308672731476447
0.345550385232685 0.701633099887093 0.420130654153564 0.440493604659601 0.105593246490613 0.164785737394174 0.278333343989866 162293.755272921 117491.453080552 90840.570681397 31491.5677740372 0.252415014684319
0.61039141469124 0.566982254041156 0.244590057327576 0.164808286124326 0.0944924489400499 0.130772917415885 0.283497062126839 171335.401622181 121112.31592574 92391.8316734119 42664.4063697763 0.390961411951979
0.288286475853415 0.993384177707757 1.08663037442734 0.376424970822075 0.0767021061840716 0.199902283500987 0.224334827477078 127983.755775635 90513.5359879211 92683.1892431666 44265.7176563666 0.184828822297453
0.367819563050969 0.865085712522841 0.553666612861464 0.461961872823404 0.00985611964947736 0.239246636318921 0.197069427615361 129212.357837491 91248.5004539753 92641.2406040982 52436.8614710163 0.409410572467815
0.557307130660252 0.825524511604307 0.975676547770289 0.427165918759251 0.136153788188306 0.214673539848872 0.270197498182345 140884.084345431 107952.077837797 85755.5890522468 46668.7591788556 1.08263315834288
0.55425662122923 0.956786628238061 0.60773215292344 0.519672660183996 0.109630418512057 0.220768511560474 0.333233955026579 175131.139422079 124068.668251469 92441.5692906858 54570.4901812995 0.650351279368161
0.945840615771699 0.576376359973219 0.414316267350298 0.78883050090719 0.0632611811375312 0.143539853735943 0.302562620019563 156865.804890753 116065.333384091 89343.7659828453 38547.1163110584 0.269699996452389
0.317478812358722 0.55387171655617 0.112606421285936 0.334574652571627 0.0778230219176716 -0.459093917941386 0.0487278849135073 162462.224552823 114821.885932708 93067.1757728091 44832.1615394496 -0.385094323683563
0.424994066042126 0.882010840479097 0.538457042846896 0.603088074219421 0.0346658572790652 0.116287648858642 0.266591329559268 141658.038994718 113062.828113952 93800.7317478843 54363.3337018559 0.403655588361549
0.374891499878428 0.870578550863562 0.547732782539685 0.667085600994725 0.232556526998151 0.160291233748975 0.238440060040027 125748.978032433 88742.2256499847 96884.3348440448 42762.5634198694 0.207693860515297
0.388755488796717 0.892874641995972 0.406227841916144 0.605564185087969 0.0255853827580778 0.140414498294652 0.263786269925286 124222.919755186 90879.0789616671 93378.3965979441 41170.4756300873 0.156457829016591
0.323435014157245 0.970616995818189 0.810143327658455 0.471715977929633 0.232614678073782 -0.525318239944525 -0.0716270759232117 115484.329945254 80627.7105137633 95039.2456097228 43767.8734668764 -0.565132505595781
0.376869198941017 0.853323924157921 0.666041422323524 0.439261230923744 0.236419051889694 0.178487440984148 0.249229800933386 133815.184522412 101026.071509236 95138.9659757628 46105.9022574347 0.426303511783434
0.344437185471749 0.975346343035588 0.526100155051722 1.03547063111856 0.27179441794973 0.171119119738245 0.256128560816208 155844.942785249 107160.844288935 95442.2374858736 49952.7037483608 0.25267992453664
0.328942180785478 0.966108341333307 0.500953948824354 1.00159100437695 0.0955812145793355 -0.0352202164798155 0.233132236548031 130639.180326842 91212.7181082697 94203.9136986393 45886.5016840869 0.241188719829586
0.497449992866409 0.976905866034259 1.08461477691845 0.442014202296367 0.134149957965409 0.258136800378182 0.308050455941537 130205.492478134 80923.540318927 105763.513684016 55394.0611445962 0.677603277175249
0.611111018364 1.07573607368189 0.658962807512392 0.421974048428318 0.147084239931823 0.209838726853941 0.230432281281183 135388.627280188 100088.419428421 99299.4535391111 42404.369232299 0.120108887512645
0.482512227827171 0.947074534552962 0.503446685027631 0.730214646417545 0.059885471944013 0.23312267815963 0.287048483996847 122001.657126809 73012.0384701463 110198.318878998 53226.9205787393 0.573497156464205
0.393234317063778 0.902997762714441 0.618301578052673 0.47779889522895 0.185364930497277 0.200082848757328 0.319473726396039 131970.257525065 94819.0314514994 96140.4560922278 44207.8031124721 0.307021532288655
0.436506718034658 0.958400209592827 0.798908051296985 0.560673325596524 0.194694608859276 0.182760845481068 0.289204824987658 130202.924525425 84665.1917850535 100709.92714254 51862.7488369405 0.294277491745887
0.777296423456724 0.943996489158578 0.47203848671041 0.907446446194167 0.817664853829855 0.203177371205984 0.738901133783738 154605.310595936 109487.704776503 92986.7661172245 43760.6533080553 0.235581369622522
0.471445416548649 0.851456520708997 0.873782910989136 0.991252021095922 0.203645872385586 0.0652641760456099 0.34640978560409 113963.570361832 80954.6781170832 96671.7686055541 44214.2829074857 0.67733910592388
0.368839590601488 0.808858211378035 0.754985926794658 0.672996836691142 0.0742704214305777 0.125380351629221 0.322383974428216 93450.7310021334 89290.4479122885 96628.4316516956 52202.7226860912 0.333738013543263
0.695643875023277 0.786044709707699 0.689300085653625 0.513508591848513 0.214902200493934 0.297828103859392 0.786537499978036 150059.237162666 101529.593296829 97404.9223355043 74551.8919591182 0.430864364792837
0.341412421721898 0.992340724806599 0.945007964711928 0.531018359465472 0.151097692000668 0.281354484093815 0.308915391055992 118181.614143435 91653.7954525582 100081.977172765 56517.1393863377 0.233337947729556
0.139946569879673 0.988756372182926 0.948425250158237 0.753057789431904 -0.0867782725758539 0.0824895241173128 0.156718241546969 155154.61553527 108499.033824437 92891.910607144 49283.5008863869 0.139289745986468
0.392565245366472 0.619279530238216 0.696154178976026 0.697664048504523 0.0864028264848653 0.0956651244423948 0.241495270404593 143727.155251032 97610.256825431 90505.3558255936 43025.9209392243 0.203563755871785
0.357883107634016 0.926180785240157 0.679825974625501 0.535981346008532 0.165034145565754 0.206359729007554 0.309060479439204 138386.818111041 90741.4837275303 93865.9857476551 52953.7154984464 0.372459667732123
0.277897823150248 0.793602317979458 0.550841693463538 0.420952905891634 0.275826717323667 0.178408646241526 0.237994046654127 131541.755567414 78864.2066715127 93250.7138369676 48820.0646695165 0.496363617259648
0.343104578907565 0.896807385493314 0.734470993075391 0.55171491711319 0.209568319850707 0.201269546849096 0.238449323392198 117175.304314677 95474.2131480676 93958.6244529079 50759.8571406975 0.245497548755713
0.417464360004148 0.87625102981278 0.839770332790947 0.575004445150376 0.290412815375346 0.178876049374483 0.218638245481516 126075.986205974 104609.7519677 94996.6875765612 52042.8634676694 0.148623580984653
0.375974400745427 0.946156010914739 0.668211149307344 0.619759306167146 0.149606277040414 0.0933751453679496 0.274563061842514 112310.848005574 109413.501328408 95274.5058785783 48061.3736502729 0.271774317886361
0.343696670669465 0.981315767205287 0.512150332657251 0.972933593798437 0.217415476537476 0.153567749876117 0.220693958999789 126492.414593877 89437.9161889789 92727.0891787947 46548.4763382023 0.208557900544376
0.392234674581963 0.834222116842049 0.655939286348954 0.450773200814831 0.0446984811676294 0.193067772606762 0.268422354643832 126916.625704191 84816.9182517662 91840.499888786 46108.5016074312 0.214153287255697
0.435252571021626 0.917043026079024 0.824276123272949 0.611285889012725 0.127727540688641 0.177934938392204 0.232336788355921 152176.900716153 103478.291080753 91721.1807159223 48112.939997945 0.27732024511515
0.425203678428238 0.885005897501928 0.696753104255502 0.610233386595246 0.13207140733099 0.200529733570063 0.318407113514516 150411.361952464 100749.979828588 93952.2660235524 41721.8513442371 0.194252271391856
0.436745493529043 0.832907502472538 0.807570505661402 0.530861913673852 0.127529855347727 0.146227749598202 0.30322946283805 144937.707016409 84720.9371909711 98987.7876305513 40986.7420145366 0.416546294393502
0.325806190998596 0.977922552569722 0.627157387970162 0.755613316402503 0.160607486116562 0.143369998904031 0.28444845093975 139202.810790164 102757.572391353 94402.2590944134 46085.3256288898 0.28102267555472
0.371469254804345 0.919524351133441 0.644046944947734 0.652034981080161 0.00387266005236302 0.211543605688555 0.296145024657164 144178.129047872 88424.7575042081 90542.0531091108 53880.3046116541 0.280520950378802
0.737015414131524 0.96213256485432 0.761667179827203 0.775315207714504 0.891745806091838 0.136801710872839 0.847838816529974 107853.008160661 80221.3774906913 89949.9828970998 37163.8523553684 0.881441235704777
0.348101375782982 0.82048090083845 0.658349435473113 0.844845254910549 0.0478474408547949 0.108988910841297 0.292256792089619 127763.742256556 99486.9525149845 91669.2577824867 41023.2515483386 0.369277924217537
0.534991027683585 0.718996201191915 0.786874889518733 0.543375545893336 0.219716503448239 0.0940143566116977 0.222508721184221 133306.51413351 96400.4174361513 90383.6102756474 43735.1943988 0.217686096291139
0.332047184658384 0.939937527025365 0.848825699788303 0.603688239862218 0.149358007916406 0.189360969777487 0.259946803771937 136609.415868739 79871.0808182703 92506.0090038062 53434.0800278082 0.241038170478547
0.341515152405557 0.787001075544311 0.363889467733197 0.634704890571629 0.0606709327615221 0.165442193439383 0.260010656780819 101594.542283163 74371.8182857459 89673.9541647241 51115.0951663465 1.06590852062126
0.395208733652525 0.751466072931886 0.457799498773082 0.515011822470796 0.149507337382946 0.230886606007885 0.250064334524242 150828.391222578 104454.798582659 95227.8007029773 53783.5231007454 0.406979520776718
0.795593984679054 0.545176786576728 0.411434689751976 0.493268140804726 0.0964866285144098 0.215168803883875 0.373705434866137 128054.772838805 87960.7060135205 95100.0029594989 57037.9275123795 0.622324855413816
0.290370071564905 0.846013090883614 0.389129697256668 0.852272863403485 -0.0212657009253089 0.12198232975659 0.157568257468386 118020.153018072 74687.0510447778 96939.4694746864 63635.5419843584 0.165824440183303
0.557677464318156 0.987664541654887 1.04451500167104 0.641071196192147 0.145514347347616 0.527939158150538 0.532987370921304 115139.68525192 81956.1042545011 92490.0569252645 38750.1645277632 0.718068709032443
0.287683771197585 0.995289583259412 1.09289939202883 0.382921456840913 0.0831898828862824 0.210640874912094 0.234290053769382 106753.59094935 71243.0863796677 98252.1180778519 46483.9082200445 0.19743940770874
0.353357820188213 0.885936814596149 0.588762039811532 0.652030301631072 0.143586048887598 0.186066747149133 0.246239119245788 145219.821997211 98437.4959663105 92560.8664426409 54550.713844928 0.37913680516718
1.26308874560701 -0.701707292220766 0.762546164923679 1.32718767082268 -0.996405240770448 0.0785122750937266 0.57333169074528 94400.67586416 72002.5970555986 91446.3047595104 31122.7246637542 0.553057862198637
0.365654811367634 0.66465127693268 0.250502268041729 0.540540174510141 0.727159100463927 0.18720215102034 0.343781941388742 147218.440181121 102483.700654825 94686.6658123376 45298.8816710961 0.355569710066959
0.378012682870677 0.971416955986397 0.712710084426152 0.494392160298088 0.063250447807593 0.17521833627913 0.24989844653723 124649.058112844 110130.342949116 90778.6949271657 48759.2380388432 0.269284109476625
0.308157513655893 0.946810318671341 0.884140347140889 0.555299904127593 0.1230332904235 0.14028949373462 0.257198229532501 118978.170556522 103393.308711066 91410.7664509867 47427.7752629076 0.398438917435716
0.398303777243126 0.873623734238311 0.785497272291746 0.751921583077024 0.100378426254591 0.153652778478218 0.234508438512693 140952.267641833 96584.5208651156 92222.1102909812 50888.2809344477 0.40564307385398
0.395900211985459 0.887550656335752 0.720495716043847 0.64170066907315 0.165290628640805 0.212215563149312 0.204156861571055 118684.043023772 86108.3699446997 93788.2758078421 50840.5199760088 0.366673710506864
0.494597778386329 0.900649332920962 0.571571551042449 0.665844332416763 0.14184847537519 0.202628617484312 0.244116331567122 125361.034588708 96843.509319914 91127.6128165213 43798.3759734367 0.376901878356233
0.392928522331877 0.921760250403115 0.684756432935737 0.563509174659759 0.092586644059481 0.205412284910789 0.264441474739468 128953.994644544 100169.714467178 90542.0594383609 43294.8600892848 0.293557082612772
0.414938200853137 0.54210515587032 0.253871135425297 0.484129412414769 0.0513406425714756 0.16308375581599 0.289994371330123 162707.535079359 117820.820810783 90626.0598435358 41676.1716861383 0.311410889008987
0.611134131096827 0.963938876510544 0.990361580261847 0.428590874993401 1.15246478763509 0.451510326938879 1.09056504992849 152880.635656174 107729.5894598 93728.3349401474 44496.9242342785 0.252261277574149
0.417720979813765 0.911501607969262 0.741450544954077 0.683327882338296 0.141191957202532 0.20271045136387 0.268216493355197 115277.491865127 94418.6207870956 92353.8468183004 43745.5696723526 0.289363354222184
0.431148943082217 0.969421814422655 0.731573288554573 0.776468533200814 0.103639783065849 0.252921821661358 0.234722585890488 127801.940077955 85553.3087949399 96608.8980979793 44674.0156855982 0.263596207556019
0.340271599319471 0.969577647827831 0.519006189784725 1.00731257037192 0.244194657174633 0.151909793658504 0.236876149826479 171171.61690706 126063.514757872 89016.4817027394 46017.955478139 0.239324854006836
0.40914201025396 0.55608164652143 0.263043197811706 0.512897761722216 0.0669414751744186 0.170324034517399 0.305154795119041 124348.685993923 83803.0536602174 97328.7479747649 43819.4602396184 0.325831290259168
0.497529250908041 0.802836143459742 0.506031519240951 0.654769541886258 0.0534710630380712 0.184512486773206 0.28524722543435 133654.303056495 92292.9162761997 93962.0638703193 61307.2829510618 0.302292439617186
0.383718336554138 0.900525247420659 0.854017662837633 0.516460799868992 0.198439052578389 0.18878097255277 0.261648095257 127374.099583756 93905.0886197422 91140.1733875919 42621.8529198239 0.268298680937526
0.373118060644049 0.91364765629973 0.716985413370403 0.722968600287073 0.13810520163196 0.238304748464851 0.173759756663562 141498.071907495 94540.1399425445 92644.5921353017 44887.6721002102 0.30658522630927
0.342030038941084 0.910043471035896 0.583482664170081 0.629338767528396 0.148197489604174 0.174695385162596 0.230451472215418 137447.957437289 86617.4858559252 90815.6774426523 48007.1015235924 0.163291032593656
0.331468931947598 0.858009003210545 0.801490712881398 0.607565021264444 0.122862077091471 0.240069590192322 0.347650314137114 148423.271605786 92083.6625637578 92755.6078346856 50852.7020895903 0.337586486585631
0.628811829862654 0.657234404185072 0.510203353320049 0.728391507537548 0.0164385726036108 0.22004441833127 0.288288563687608 194130.949041434 146957.902777091 85163.5727753833 44223.4669724635 0.301442914642341
0.333050378198501 0.390174595121928 0.232530320919701 0.340202271051576 -0.00731352380620612 0.204154734047012 0.279118032892522 122806.07688906 93194.8847218613 86549.9447675829 57254.0211430895 1.10583795258915
0.497617483504305 0.983147318188598 0.534861205108778 0.995475215355806 0.252281716987313 0.201830375501498 0.287915422062574 136612.312836483 86393.2029273127 104503.333980786 55693.0493599088 0.53491340048215
0.373908061080251 0.864807354018298 0.754177433801076 0.633784772219862 0.143798127646985 0.216045493125424 0.254225308081145 140653.525458438 100085.65079787 91574.2402270159 45067.7605338424 0.307288968640117
0.885955104399193 0.825444668825107 0.627270606835457 0.574370061536956 0.42166623493271 0.272104759292136 0.532691411158574 127872.169804797 88366.2989837172 94785.7385587673 72198.1825037526 0.465007543766744
0.394953779761679 0.892549198193063 0.852018364117444 0.68604761831258 0.147006756154223 0.237730208132732 0.237754374232888 139934.075572207 93478.4518420328 87661.7608320479 42801.382644045 0.326302790132352
0.348120939084758 0.987094930730911 1.09499922349726 0.389892632397918 0.0955159665159686 0.211961942058535 0.250914065859789 88966.2912474573 54689.5829292188 106602.543262952 49490.6049046763 0.235180395010142
0.385543728681553 0.864483054547297 0.638695381678967 0.840724489867984 0.149113723146735 0.205192345723082 0.216017584315268 148038.018816356 89604.5420475826 91329.8575719749 39879.6731783702 0.350849426588272
0.356568382048242 0.963375474895831 0.709961743662744 0.444655841071068 0.235691214754605 0.18257743551033 0.321475712124823 140316.897158796 92855.6404027211 88436.5417662072 51803.0343617878 0.367114196191948
0.403671303282975 1.04327287572333 0.561099128901052 0.46501024192691 0.24608532963916 0.216011283554195 0.286535057223027 137731.090529197 96166.6143649411 94384.3103998087 50859.4284504347 0.299608554087074
0.331035143721061 0.96922537098368 1.06625744408077 0.157606718355917 0.0997964430748635 0.100288334473622 0.212203254989388 116760.58783684 82317.585780837 93434.6970824453 40355.615077305 0.171570791071298
0.346638318934071 0.886859657764691 0.641778928105851 0.672774038082617 0.147998843729174 0.156909735516742 0.400848889329799 146409.417760334 92793.3536314715 92108.6929987458 52187.0716666319 0.15688789715675
0.293313744777427 0.701154087392539 0.470787115393799 0.639363976511683 0.255088078211525 0.148247350383169 0.507851337508585 160673.46784722 97894.5264981385 87362.1591257869 52163.0804392187 0.290458500436261
0.322228438193713 0.998556257128495 0.876827463315735 0.789804995149065 0.228609304276342 0.145209450602243 0.208049113925882 122155.954910784 78439.9527048889 97909.1977678621 41418.9123307937 0.24339269263751
0.402273745303232 0.893882533811035 0.725016649686567 0.545904248273839 0.169310487192932 0.148095398244445 0.219274247082223 127796.542011154 89138.8867959892 94870.7499049721 48217.9724910024 0.425581740559471
0.465608690126784 0.807726556336323 0.912815476110269 0.39591797642018 0.0379561162118108 0.170820160541528 0.184650513755085 129504.566314932 95750.4177413019 91091.5979300589 49466.7100802986 0.343222046647101
0.418444521020236 0.785403829227555 0.742167799139386 0.562683457886182 0.137157892561258 0.204781675441866 0.244078346730472 129372.924077863 100329.365069174 94850.2379649031 48309.3422096589 0.282921485483881
0.439618182674046 0.89734606546841 0.720618119462248 0.63506577262169 0.212841626074331 0.229601377663117 0.239422298544374 155549.87423819 85449.8283206279 97433.1776690855 33717.1144927646 0.623423953269704
0.387106898943668 0.852993521485801 0.590582277374984 0.575782939579983 0.165943587616631 0.128350251478229 0.28602991573196 135566.766795162 106508.698977552 92719.4944109158 47793.7519023212 0.308913935493538
0.364227137059677 0.972233399684959 0.601695165745183 0.544407386450359 0.0568593899509267 0.28057080353884 0.219514796125812 141662.066465645 92254.9816125156 91243.2933213675 46601.6080756316 0.419693548071791
0.376033160756669 0.925128489877807 0.830461060392167 0.541471071026965 0.203476836811059 0.181978400289935 0.234123749098732 132490.921975777 96561.4818181106 94941.3614185578 49080.0404215673 0.216505485277686
0.392633189536149 0.864396943916409 0.751389345134403 0.919269843139571 0.139446576696261 0.19014036808311 0.351082440371418 142235.72242524 85150.5357769632 94420.1880859765 48496.1864223151 0.0924982249678526
0.410319514581291 0.87102424687761 0.565580137727605 0.499522332981367 0.102756678915425 0.1411444406817 0.186415778578035 132123.906047353 99372.2605914553 92987.6480445512 42930.0154841681 0.333995807459658
0.429987967663679 0.766665056238074 0.548503896842192 0.597418696530568 0.14723145558684 0.179680682501075 0.23632862033746 122006.63735426 94606.8841082557 96353.9107804172 47421.4346756052 0.252590265084279
0.276879293051552 0.808067095483774 0.683477770346813 0.519371656332327 0.170339144811243 0.257042778515298 0.332426671888305 131915.880979709 96436.2051735323 92455.3424567508 47167.1346989822 0.20532497735941
0.448319232447784 0.887574521435618 0.710886682045643 0.589794843531837 0.0905989937952957 0.19521783446885 0.133775719701512 131213.751441943 88398.8972007919 97920.1157668069 36813.3405931097 0.322291760686274
0.307227858411524 0.776102065953455 0.786363947498642 0.697069216781585 0.139426796662363 0.203144804498087 0.19030512253712 141156.671170824 107841.302705535 94373.3224258878 51285.1511229299 0.401962441066332
0.332085376219901 0.813223206529755 0.570877953968639 0.422833862748723 0.0298143001483348 -0.0627513843983466 0.224712677910515 140687.311949082 111581.025934671 83613.1262622166 32643.9505479899 1.03275573351007
0.605611660838545 0.926243866580033 1.00980192348654 0.471101237525614 0.204374565486104 0.216094548203088 0.281767389312703 152616.094345315 113504.316926124 88147.8898877324 44616.8938510413 0.269652507836902
0.454070552430599 0.277285306154682 0.247954181271084 0.53778876197224 0.306695941190511 0.317674579043667 0.330988473048012 169518.671302577 114656.708413495 96811.1298839369 30083.4312964435 0.387949361019523
0.421790455209235 0.823514946362125 0.574923324256522 0.567932220084259 0.086435366914121 0.195036578523663 0.220409161106764 112825.237688755 95870.1294965031 94251.8647135895 50071.316079334 0.402729294589657
0.389699405562911 0.954900336305127 0.555066568816697 1.04140260493203 0.316551263618422 0.202658542253996 0.28128204895354 118805.63879612 82199.5773008267 94969.5811136525 49615.369799221 0.296201159877389
0.269917167585032 0.826441221580943 0.538179356608873 0.524597498736685 0.156133616186527 0.184649181388701 0.285360290476214 131535.478449421 99060.9662193633 96798.2074308484 45824.7536935965 0.13437837138505
0.411175277118015 0.869479226890948 0.843261897882053 0.577708992701372 0.0809479984151535 0.224567192644842 0.270572283158116 154500.156536799 99693.4955253162 92362.3865958707 50421.5266647947 0.248693731606973
0.347629403048497 0.885165880929185 0.604260683719968 0.675841209591156 0.118294284087468 0.196014926149985 0.326695248037419 141776.313951613 89395.3056592547 94425.5822012769 51491.2483967936 0.223543845918025
0.357935871219366 0.899185924429574 0.591830464630174 0.61060949608012 0.18559101866236 0.201663570838472 0.239970321904104 130806.828382802 93307.9670054333 92793.3822274424 46873.8949941481 0.469655738941616
0.434324761947698 0.85833902701226 0.791909038134193 0.473480634656435 0.123596166967145 0.247248451205936 0.249888246369264 126648.280491831 93451.5834955729 91447.4568644939 49004.6040304347 0.233489980221644
0.401361278408496 0.852264441841469 0.853748383523737 0.564523706289495 0.198098559081604 0.186911157544979 0.216313549074016 119449.813060766 95923.1223477376 88464.5682847257 40706.3587770114 0.350001481824887
0.344388771627766 0.794769613427799 0.346394425382438 0.625105760119477 0.0584261053416235 0.196232368931904 0.260179579978969 139292.383302613 108108.760668295 84475.2002332976 54272.6417738563 1.07932226116416
0.336243542098486 0.881940178849049 0.587296964700789 0.591694786709236 0.199172531055413 0.178727352093719 0.24880636908688 118043.932859741 92687.996496195 92367.704594456 41632.9488039334 0.125907468778983
0.433440805678538 0.971247806730191 1.09191039988451 0.417769441258669 0.146914238680103 0.226163267461415 0.263106430553332 108639.493725607 73031.965914985 97600.627029229 48048.6848380451 0.255469453127542
0.404837108531198 0.820684298128755 0.660802536956242 0.423913046761235 0.178718658623582 0.126513692509034 0.25047452622661 108438.545630388 78467.6168997708 91354.1526259771 43586.1471433918 0.292470806341232
0.347305457770747 0.955020781243989 0.871812782739416 0.559494919976789 0.229981925723623 0.154625746851483 0.272655409116253 127118.859154944 85135.4420911969 91070.5247956626 41780.5627118441 0.166690768775653
0.44637760701516 0.888830832167334 0.576625779826457 0.670811166893366 0.19320825168271 0.193247256911009 0.296956618004674 138418.720560683 83031.8679322395 90076.4988271513 44701.1752072427 0.532887371278634
0.405090424321857 0.792964267304618 0.576662278542411 0.553522732821476 0.0742768859456174 0.173474428975369 0.22622684052247 122349.309780492 105952.842533739 93932.696042055 51270.1031743617 0.215162114953567
0.437520031389856 0.815507437443808 0.658953409709995 0.429982013024998 0.281717359669304 0.170234211265763 0.256179139968163 117920.067545797 92920.612970704 90005.8422555944 49487.1674683905 0.394000807078094
0.300327064819443 0.980482585620684 1.08562534399802 0.378451561132996 0.0779536059459644 0.198182093161805 0.236169507613624 163856.468057473 120485.134343973 89168.8016038025 45150.6965651159 0.212947409885031
0.352221776498468 0.878096582298976 0.989022121448791 0.686071817551581 0.0731587363508753 0.147957163936869 0.313483375516731 119133.13567433 86635.7668361978 96494.3793140876 50368.1817538754 0.42518874866115
0.423013310186465 0.956243836405914 0.294225827377781 1.01228843668584 0.211582003570629 0.387823699091631 0.364344815340088 107417.930182527 72279.8526734155 94576.6396196615 45899.4409114337 0.536754006109473
0.395866259179092 0.793487168267301 0.677959392144117 0.470416425014316 0.241867386455331 0.241546770524936 0.255389130746684 146835.767225712 85767.9833371353 90275.1866573763 42690.165850888 0.388654042665994
0.364986976005309 0.966160282292516 0.916589805696899 0.495135524906184 0.0943213003635177 0.136247451225096 0.227126037938847 140332.570877345 101929.793503215 91533.9085513877 46054.0746933522 0.459593566803325
0.387300772287816 0.909499327712668 0.517116962281113 0.404431848104437 0.0378256731549593 0.0732243369643711 0.263384957401102 130664.693601312 102645.548629218 96559.4277053263 51634.316641477 0.473789328219087
0.370803929582324 0.832837523287553 0.358389886406766 0.745749551401871 0.0990975493528099 0.234229353367056 0.197035336868727 96056.1148189369 88896.4273330924 90039.6781101144 43538.1283725648 0.342125387139008
0.38254102071186 0.928548015516722 0.664629095868249 0.83834803045915 0.141191272944976 0.208128318192035 0.315108096351145 135120.395578184 89695.5552199377 94908.2409534685 43749.7057362987 0.407339013659654
0.354762002605613 0.904559434730484 0.570490034031705 0.604568478744334 0.227078422148595 0.259113730526425 0.331285365185956 107514.469444864 101096.598756022 97673.210268583 37906.9660746167 0.371774544681491
0.298770619876889 0.920967356306418 0.486611817679354 0.85762307819563 0.135020280573026 0.137221958511788 0.211818152212236 97434.2952577686 71498.1441983713 89981.7859827502 31952.3281443591 0.871825483013413
0.408673613681364 0.971263802684641 1.03152058076901 0.452563740185533 0.383451837533066 0.368238723131799 0.312253902042795 123405.314340407 81918.0328940138 99186.2813612778 34070.2852372563 0.279695630348377
0.740297688205561 0.46517250900606 0.527298443390077 0.537444079902703 0.0993089379184773 0.337156183363713 0.462911101609052 137383.718193573 105281.457545803 85854.5314843763 67948.6710993386 1.09655923072459
0.412451327536641 0.638208042872573 0.340550798532774 0.517471375448896 0.0441432139150703 -0.245777853454834 0.18288494317808 84404.4977527475 56749.8884176989 97864.7643017261 52692.6202131983 0.984429515979052
0.340570860301488 0.987422166600555 0.519720563015828 0.988903624633486 0.227466353972973 0.163487604519692 0.234913494376402 103780.394849274 68794.6636656438 98948.0824105287 48010.2785086755 0.213495824125437
0.470226893726822 0.838702838450715 0.762189752725703 0.486523309094843 0.175725091151406 0.136090556600019 0.302934129469527 123140.38834654 85712.8186958437 95183.1202648228 48498.092513613 0.265381632564619
0.364482180589566 0.976200917329813 0.78758487944291 0.554027773333824 0.205050772237443 0.133879977637408 0.2928913083906 127681.831702086 98419.5354861868 90180.3354895359 45131.7473580174 0.22292159367191
0.37165916098356 0.799545587482048 0.881529123522462 0.579413790547033 0.0435498631879164 0.147420284794331 0.325195866364538 134584.406504716 94578.7343948946 93654.0491801076 45559.3661379567 0.505002708614166
0.367203422744092 0.959580900995931 0.674370794201538 0.434073516419791 0.151017270308085 0.13096527579393 0.263372987164804 128385.339239112 87206.3949515824 91041.5684195591 41991.8953278024 0.191095483262312
0.278459801772966 0.959569626806961 1.23756246088062 0.281408763567497 -0.0592499956004967 0.213485790588971 0.381340317395832 110988.659801683 112716.768248815 93022.4231365998 35234.5170735681 0.122576135957179
0.345539406609767 0.839476179473755 0.683174606865637 0.471028945671425 0.124275216998105 0.179287766536579 0.305092465810204 113832.917961933 99805.0351472778 92710.6391068119 41269.6248925252 0.385698633308879
0.374814942384746 1.34407403647014 1.28342507554254 -0.51078633239172 1.27557417595455 0.559468998107145 0.326750067374576 188582.611787216 147128.776461304 86721.1138235538 46606.9535383536 0.31025590698305
0.485445348983708 0.879419924039394 0.800021185839111 0.747388182127368 0.12510366458386 0.141843940560749 0.291981255163863 134679.748489208 97281.2186259183 90780.2519831298 43677.4429758072 0.220039746001201
0.323318362642573 0.603960331115593 0.277420841654432 0.451140705362997 0.0382438601116402 0.046839608541206 0.238393290538826 141812.417920403 108474.395028699 85993.096166118 50250.5921561929 0.704325135462592
0.416986194920462 1.0510882172565 0.757104511090545 0.628524216737085 0.150523807349267 0.225784786102378 0.238074629926684 117115.328597303 88554.1442573244 91207.8482626483 48843.8140941663 0.32201883956646
0.261510697941608 0.909527072426715 0.738393214872289 0.467017106293462 0.217540806562801 0.236259007100316 0.279053110443009 151171.840683391 92837.8444136177 96899.3357199246 43626.2590865253 0.278716773955189
0.355941498502309 0.565460054095421 0.271696418099644 0.444346037100324 0.0576480380061425 0.0707784010408156 0.256222228862665 99681.5598622032 65450.8327719418 100255.163927324 44273.823372894 0.247453103225279
0.324422507439836 0.94318310991011 0.715127616668123 0.482913820407702 0.187153607332316 0.117453538542954 0.221917391448435 136250.543107947 107089.964631969 94115.7640549482 44663.9925221899 0.2483979410001
0.40531718163576 0.850912587506293 0.751645594162865 0.610087385085695 0.0201905758869642 0.158338537044843 0.272542280877405 129375.156303429 86808.5272265813 88135.5093303564 53439.003124337 0.276742136065983
0.457408701010096 0.98104102571168 0.651260460797148 0.592464454324476 0.165987081272888 0.147626536349562 0.282085286558216 153109.776484559 96983.0159511433 96306.3025841955 48654.6932777397 0.205965309258934
0.715728416381862 0.917955167476837 0.745629384294387 0.57946133278818 0.457641939873169 0.327318189387503 0.691182697289109 176087.787566679 128454.429532607 90068.3287856136 70683.1797080335 0.458494738427242
0.326379585490238 0.831666979380537 0.997992868541015 0.606513981304863 0.177010221854154 0.170984754502623 0.181855978133609 132113.986706414 94412.1687232772 94884.3601334735 46579.2205208884 0.255304119448419
0.411845121197871 0.831303333942983 0.594821014247325 0.451736620892889 0.0420600800345904 0.127597770409528 0.302017669078343 132787.585857309 93954.4045318992 93080.3446393493 44058.3713511287 0.318357199803991
0.446504325627186 0.883164905866392 0.631581006026726 0.455899049047106 0.158078576577291 0.203427415950286 0.261625310631069 124237.539615145 90577.2824362731 89890.0440233814 48385.7569432852 0.273572708122575
0.859479481554581 0.320736452301369 0.235772362365387 0.405598665066084 0.0185057092408082 0.078280677534263 0.273060952416742 113060.304465956 86007.5270450448 86371.696980119 28908.845474583 0.461664324402721
0.388540809338637 0.955196630049736 0.916955371584293 0.531786317812923 0.140042598626448 0.177294071195901 0.262035193729388 126631.991674776 88643.797787516 91994.0663041193 46187.0253301513 0.243285030682952
0.327275465625804 0.897287464428986 0.595061449206044 0.69345888833919 0.139454651248346 0.210235504335612 0.325791669567939 131453.687759596 97687.9783739191 94501.3595029824 44712.787591634 0.302621762554543
0.410766025039633 0.897255244823954 0.536826495760466 0.419924976636392 0.199342432527753 0.173470364467655 0.283595478210089 113016.359123544 90589.9508335723 91683.5179167593 52834.3821929408 0.305769247869172
0.480302372762113 0.915404618454363 0.864256977156743 0.711074936460317 0.25923458037561 0.183857667571538 0.310492840171568 135395.89700783 87433.810172408 89610.4856553131 46995.9052701749 0.285638703332766
0.382599876356574 0.84864048942136 0.817329248260511 0.51582892964812 0.0808352589624901 0.213215296095182 0.265696199991691 127027.027665824 103541.335778017 92580.7576415707 49866.5432029315 0.350579756087312
0.513721070899247 0.951875981010133 0.511097613513011 0.520832041298916 0.067880273055447 0.142559228897913 0.322018282390989 114313.835243957 95149.8084468337 95263.0722291974 48913.2303912867 0.366228847043756
0.380141023400624 0.91105685131868 0.621633663954361 0.530881651319955 0.160289037856199 0.192790557788007 0.269169952308784 126901.968582937 96445.0406665324 94146.6168501915 41322.4546062371 0.203789393489984
0.456717119299211 0.946270900029363 0.56399556757236 0.586245118004955 0.128114238095659 0.141934608360747 0.283122659339961 123943.589697027 90894.2456923631 92494.1707382054 46254.1899537758 0.31832860106489
0.398099508017881 0.835760158313881 0.837952030470982 0.515551072572052 0.191548346628053 0.207899543640617 0.259385510902353 134766.122633105 80864.3721621913 92589.8031797494 45891.8497412956 0.383163754424356
0.435291110022439 0.797910145857841 0.536493855983778 0.604919067072006 0.16381777851009 0.122606801203929 0.280212390753054 144255.056877822 82239.8387966398 93750.1495999524 51226.3763738498 0.373684967089462
0.348046198606922 0.980314007667606 0.47414627699629 0.504440945417348 0.0999243297219 0.154873337385908 0.248226629245303 166095.498346138 118674.952253654 91972.871401314 45392.7345080879 0.261823837161882
0.365439984716981 0.844716728480475 0.543674191674248 0.592861142170004 0.10209044311291 0.152755109188106 0.260463107855756 120135.051832894 95756.7151080633 92856.1972604378 45383.7323006128 0.446488998882886
0.30855975156701 0.871533144812609 1.04861333627601 0.348046201934109 0.0419551319252749 0.199071563545781 0.262088231903224 163106.928445688 126366.612697576 84767.2887192875 45258.6848116905 1.083654780735
0.425715025883647 0.86995743055271 0.899407626933165 0.753283237733774 0.20511695529789 0.17945805532445 0.284452837551673 130973.373344392 94575.1180148502 93402.2373854153 46668.021722553 0.299971702250414
0.326233467079384 0.831927747263986 0.763202072307125 0.689013069116245 0.103571119260667 0.15584257199083 0.258480875194298 148547.588608686 84127.0599056775 93460.0132486113 49369.938779187 0.341979502476257
0.297514212569168 0.930469122467165 0.66433390284098 0.739329696004724 0.144556944414124 0.175419785096483 0.249594816696658 116832.757613672 82211.6340175692 88732.9928556557 49628.9564067195 0.233998330820974
0.41090301429733 0.915277429022004 0.802735917864655 0.836404566728731 0.21610451231595 0.127876555421231 0.316100996081083 139348.904906612 94686.5886073981 92818.6903051995 47341.9205433474 0.363723301846783
0.354419846359995 0.849836800929584 0.648223039291649 0.654245443656641 0.0398874426237746 0.139993801137028 0.335136541056638 162054.881006779 99445.4840058131 88466.4898026457 40656.8427480066 0.290518291489566
0.433302842729168 0.905221938627019 0.80004254955664 0.545986007394152 0.194680120539952 0.151982737266168 0.235499593822203 141386.992085884 102312.707955545 93621.9049818221 48381.9709509529 0.276079274010774
0.399351619823849 0.739744899061426 0.759680529473098 0.334311081759982 0.141743453822384 0.194975979158253 0.216450296017838 137320.819978304 91446.4486328495 98073.4031516923 36435.1187946267 0.231742952860661
0.350522833186533 0.885209710109434 0.703099593727482 0.502656897567773 0.135469093464975 0.145812118998688 0.26423559168569 127952.582697336 83821.4068635124 95374.6441866858 48704.1183138342 0.342835688325895
0.322911729163031 0.857404166618503 0.459467883584591 0.472632470659662 0.187805258548247 0.198339006461226 0.226809654805657 141959.687081431 89349.3230469981 92855.6734961161 46472.5229918833 0.288554715331603
0.498383680477533 0.866860654193819 0.614618122335253 0.744427662875946 0.0388629711593216 0.245156267490581 0.284335002729496 112458.829852438 71507.1401394726 93404.3946604589 43076.8030773946 0.273966228697062
0.644363214900769 0.941250957165317 1.03457566161045 0.499981150439648 0.234705510122006 0.252231895007551 0.302019546941678 99305.4128695663 63468.7968560204 102618.718246915 49816.7723484004 0.29922944848217
0.480973688816351 0.59347999259869 0.34198825978051 0.392974437326149 0.0616060854965754 0.148268749457231 0.280651857159397 151314.128518438 116477.52882857 85335.9913184889 47712.3454444261 0.260750361744738
0.508709164110732 0.998134822868164 0.628782402844753 0.605354593707643 0.0911494643923074 0.202940491478404 0.267715085160188 129060.141072052 74135.100178909 97463.2397020544 32872.5258779095 0.244227100178045
0.384115036381099 0.542639912228498 0.599060689429153 0.882577932491426 0.0891748262316369 0.219479971492104 0.264317464100842 131601.188857615 80866.506054181 96627.0712213403 41601.2491903048 0.391407369895578
0.473608829038155 0.843263712111007 0.759371106934071 0.635038077519676 0.17990342484407 0.177063389021137 0.362379174264375 123191.794551667 113840.779472485 93942.973070392 39447.0243793821 0.293452069675717
0.397250131094277 0.846429969003855 0.747919108771379 0.585571144292336 0.203113065620241 0.162325838151945 0.225073702029312 134756.923890565 99618.2460582385 94057.4174070982 41631.7943858015 0.377658698831083
0.453599837927723 0.881627695831031 0.648542228848625 0.739979687047851 0.114665907274858 0.0872797226889097 0.253236044180132 129713.139711771 111410.706688015 90456.769543168 42098.8439074301 0.402043762197586
0.46039425567071 0.669664121455805 0.528987135520248 0.708101066961516 0.139820568485518 0.206453847603585 0.187047915916398 141209.43128916 102558.596292258 96890.4923631572 49050.2891638778 0.265940955405082
0.474137033379285 0.426318168704921 0.155152260236607 0.267493919926664 -0.0250201035752167 -0.032052451339823 0.173506413769528 149691.528497821 110753.249158129 88870.8977508053 34764.7502006306 0.181262948531491
0.363641853390791 0.876172123102079 0.496170832865495 0.716239172155266 0.164547377810836 0.291227734745947 0.307167786640922 140480.752561917 114108.478329402 87722.6794667962 51338.2468561775 0.244730137927556
0.416696802577569 0.762901398993425 0.721397329383708 0.615096609414532 0.081220074918124 0.169758072176795 0.267319190147589 124641.741596112 88065.3411432006 92082.3356537742 50862.5751985933 0.243056086178337
0.33954039879662 0.969854302079048 0.469969707185489 0.602330740289353 0.0742560580754028 0.09886701657093 0.187788175587117 111796.167454849 78102.9465046941 94119.3944966741 42694.1894440661 0.178082991818311
0.392841362724787 0.819161009726857 0.832814028896763 0.547081213505573 0.137877034610133 0.201412244107389 0.262930039918452 129570.522007741 99695.1468605498 90158.2534408615 50368.3326098552 0.202262277117913
0.321024791895695 0.943069438621388 0.711580271728888 0.556749002025832 0.192927466164936 0.244639361301782 0.315519792655662 118502.623206183 96797.95199224 97211.7613722174 50061.8418204499 0.36433740731158
0.399680559159334 0.87559005401411 0.680305982206259 0.232535570501338 0.151486664864514 0.222834883763056 0.203920392665112 130663.550716098 76951.558630044 92194.0797005315 53392.9347613126 0.421274371005642
0.414595463793438 0.863602785304885 0.619869903800069 0.472319182304937 0.0454553764450229 0.184694430937852 0.282352702287349 144403.751919339 83745.7579294753 93605.3162816275 45532.2463907009 0.261515815044451
0.644741896225514 0.834800796868024 0.762897365680559 0.581571698125629 0.389887520613418 0.342115730222169 0.725003880946586 138390.946175138 90722.9653330141 100324.516252203 78190.8484366485 0.493608697539788
0.137061224063201 0.972674125306097 1.08817934934631 0.0269128332033171 0.170670939296523 0.10706128964185 -0.00911425905142312 112648.920378475 84099.9341633993 90071.276978766 37789.5824771543 -0.451287344562987
0.306838283208435 0.970071985941867 0.634886100777884 0.515235567868478 0.14002998280422 0.139710100417892 0.297893921231248 155250.05307306 93121.6645730114 93039.6208071779 46998.8641162881 0.153235927406353
0.426379937193989 0.802619674800952 0.50202711126522 0.714056796351536 0.200563484498561 0.189774500140469 0.189793492798583 135679.5408227 88066.3200834742 92574.188873822 43974.6010893776 0.41578828813561
0.42958736572325 0.751824756063275 0.70489794108265 0.466127628780761 0.146910932225434 0.245027931669532 0.388454273876546 154185.420121663 102987.231054945 98684.4262175288 75550.777650737 0.390497994189792
0.400562235984866 0.859463305922944 0.513257219872811 0.597056512682914 0.190419940435051 0.209808035145836 0.266733881327715 130712.340544837 92390.1612497545 93889.9927966912 50012.9027043919 0.440138693883686
0.484901601546565 0.726259617623716 0.553467256444221 0.581787172195947 0.107803777957855 0.162083962984811 0.239217521247876 149687.473223899 99209.9589058009 91811.1195946563 38765.1035621425 0.359114766338556
0.44840300905583 0.899867948025585 0.810799483292333 0.837885126594295 0.135072576199703 0.16346105128233 0.286696551016143 120190.332456274 104405.870000336 94736.3668358178 49843.5659209591 0.423101983181945
0.323904550143897 0.459541276126444 0.180328734109088 0.395253084632503 0.0238515143522827 0.103413794437785 0.23817755086176 186179.006566685 139864.714449764 87279.2109793697 43347.7301491851 0.248058382738412
0.427197061822448 0.969201303306018 0.85432230622133 0.657461006581125 0.102418822489395 0.0962667329860076 0.187600991535605 133161.595451709 99853.4232724804 91244.1623425957 52335.1159484241 0.508093945603901
0.355887962916421 0.811861498549897 0.806135949780971 0.542653599605198 0.0981549230703552 0.13208538772287 0.190935896511253 130502.236455496 105334.695236236 94004.8873433517 48567.3594449332 0.353047954623002
0.178090593356143 0.651365581283741 0.267553338526729 0.497724963103395 0.382255488963835 0.239716141222366 0.339298454987949 137566.899627765 103841.109189543 99025.3974646274 68117.7274114842 -0.171095428749506
0.399182062370829 0.855995771530615 0.394530423919442 0.653152174082939 0.110298050333087 0.160791544495637 0.218674243592584 126329.387646955 81816.5757637176 94142.327388043 56977.926838508 0.511255899691138
0.348456299680289 0.960379452409846 0.317853842595967 0.950872875210655 0.139531652440049 0.157927562404021 0.234862665413311 163532.680347957 116172.579102759 92408.7979279749 49293.4988679843 0.229222615883645
0.399641341334927 0.640422151936637 0.627627926971737 0.444158021723018 0.256548019056108 0.518240464900703 0.262032303818079 150007.045825535 104839.964795606 94439.8066779909 37810.9870067091 0.29492106025765
0.66909465486039 0.666378865700544 0.645575255289125 0.449839865034057 0.150668432438805 0.200242005998513 0.709703824232651 118524.803359228 84091.2297077078 93778.6972053191 51347.7836852643 0.55034170162874
0.376813965865047 0.886734163272612 0.336267377473732 0.575657798996308 0.161679224402375 0.164280000518122 0.288892577758717 141895.420102054 93765.7310468076 94803.6045061172 49472.2270897695 0.552264424073346
0.369742039326574 0.925219030729254 0.347888313536152 0.552506424918905 0.176712860302496 0.154660607438044 0.226925393912403 115195.764947119 100561.713526769 92649.1172414381 50158.5636806525 0.424605059883804
0.373820909343374 0.846819196486574 0.616300430506627 0.892424025183698 0.12659812241349 0.226473264751169 0.265234203847336 122498.106251783 81198.7919678113 91964.04634324 59076.4988364371 0.202434745163644
0.378413677692797 0.935726027391496 0.620074793818984 0.866663708652414 0.0921111806537999 0.112277134562542 0.334584967779796 130568.528348806 105529.482699424 94871.3766345763 41807.8112395681 0.0790238533815872
0.306929667656972 0.882250390569128 0.817266768311513 0.720163946808064 0.079610738254281 0.224884844938926 0.268432998903784 132716.170637656 89433.6333410346 94339.4206424216 44991.4627748414 0.418145605749071
0.422740430065487 0.772532364582186 0.783256028302261 0.593251127133365 0.129718114340374 0.163124323107323 0.306311386746548 127467.479750241 94803.0115837201 95697.1162862661 42004.1295704595 0.443697730962611
0.329159828487927 0.92181889859543 0.550976681394224 0.649285175828376 0.121630581643777 0.150423525675395 0.245271244580298 129006.426526599 113152.615911843 93035.0627983283 48831.9488685291 0.351575704989173
0.412508114185193 0.882263269038934 0.805165582791082 0.726398612930172 0.16088587915974 0.137790886793748 0.247627460384804 126975.500597295 100709.349400367 92626.7505789081 48983.1628590347 0.221481470729474
0.332218960351828 0.748956318063329 0.526760382578069 0.535725966621789 0.129504133391727 0.20190300316485 0.201372903879402 144023.034745357 96001.6655484503 98790.0643546435 50562.8795169524 0.299642146501486
0.314199649088149 0.892267933017736 1.05319478550524 0.331329083861695 0.0480801058762753 0.182163332366787 0.24654993230868 111081.449945667 82598.9157131303 88415.0482263358 33442.6394231397 1.06013243699814
0.595144291568863 0.967720351615087 0.914708487775688 0.578351143660955 0.786415773466329 0.533740615750286 0.818445545870964 156958.665381039 110820.013044589 95027.0445715516 55006.6913207385 0.309577998121916
0.448571653883219 1.08831237663329 0.783348563781646 0.888634903829563 0.275016959607605 0.0891037634585469 0.213224866962564 113667.831099257 96433.5858733903 91083.2834947753 53025.7002970452 -0.0137033116113902
0.444220496493703 0.909069799098416 0.522496732205227 0.970421714452975 0.265947864988574 0.216811418375818 0.297280033922921 138125.983118294 98947.3920581825 92203.7327861856 47783.1280177724 0.312250643386498
0.419637330500912 0.976269654060033 1.09060062598279 0.404786161786724 0.14532567113573 0.217246306139925 0.250707804807568 128982.586715041 93005.6517826655 90951.3265265776 45353.5613669297 0.241609043695975
0.345344263424579 0.971155407922412 0.377568814028964 0.877182403961998 0.182791468741567 0.165200302733071 0.226086039610827 112232.195927658 76501.4436041161 96354.1725116265 47032.2222280538 0.210271138690871
0.405266954234155 0.905038407536575 0.735051443006363 0.685093297772774 0.141996413914692 0.160043645767534 0.254083058299589 135951.705570472 98786.877328138 94458.5250023084 48117.3399444587 0.359008024528532
0.3545805294195 0.884499280518789 0.588373120617554 0.673159143832481 0.10114384408872 0.237589630235627 0.27156127263032 139867.722260283 92180.6831112272 92037.1808958194 52255.5157130473 0.420458696744694
0.620039956220486 0.940868245725719 1.0327939825332 0.481730184895893 0.219756747654604 0.231681869725018 0.290570695557921 119406.110036523 83196.1831781316 94198.0067841928 47518.6067481874 0.290892250445682
0.340316654127985 1.01755597971626 0.955330209431909 0.772758211971286 0.159922292322078 0.12838336634302 0.271396801230103 123520.311701766 91127.2425068389 92950.5260645489 46168.9642447244 0.337330612507005
0.397497495422754 0.883151763055412 0.509477509369897 0.487000447929701 0.152138218237958 0.167246588876418 0.262630232155458 131105.029151764 86418.5171035853 91317.7114964428 45310.5921837137 0.317969717182866
0.387530925515765 0.842468518217345 0.741104729555528 0.801444954316321 0.135547458721318 0.157368856655288 0.287060860925479 136641.401702523 89042.623615296 94742.9610577345 42264.0550567323 0.476908140094055
