PE APC-H7 PE-Cy7 PerCP-Cy5.5 APC BV421 FITC FSC-A FSC-H FSC-W SSC-A AquaAmine
0.438357232791889 0.56179131158858 0.398057800883608 0.602664132288896 0.064640755993064 0.163237887124568 0.507484020320946 109013.3699103 114772.312968432 70937.4443222522 52968.8876037457 0.225162759352017
0.514702630891762 0.885239643503983 0.103037447036548 0.812597314796233 -0.0105147663259457 0.148485372524126 0.323690436387812 131297.174774149 118450.411928664 72762.2452737467 40019.8373167252 0.201241519080156
0.529529354029273 0.732117550599159 0.471495205850975 0.471865094779143 -0.00953651116868279 0.160459570644529 0.302910610172886 118403.322541032 110999.446422544 72530.6111408164 81036.0049584082 0.367978169554958
0.399350752639982 0.4910157720174 0.22719743875163 0.582402518987924 0.0505737274183189 0.177626389386548 0.403430098165578 118897.617169086 116084.096646383 74934.8014842643 59829.0616359421 0.296691752631285
0.292036141976402 0.86289421305283 0.854467610897312 0.285116741371638 -0.0603928747406497 0.0274580676223703 0.294226150548396 155855.904597249 143087.128927082 71419.2813185027 34280.9126234875 0.147421361738835
0.776851832623318 0.197566284967504 0.427786278725719 0.608062276178544 0.0191858189014852 0.269534328368156 0.548289832518998 103519.58763113 92551.3041744046 73382.3772257546 95335.1977282467 0.8847864896761
0.560858584891628 0.887875897780211 0.883838404867673 0.384043137846006 -0.0337553185740994 0.132739295589429 0.331410948267739 131323.825455721 117311.982141665 73418.4709728402 41559.7918321639 0.214590062721292
0.303210693264339 0.141097694336131 0.0791739718311093 0.436303280383808 -0.0465966939906949 0.118593965983594 0.340409903033615 117070.681907908 107540.234409828 71243.995349906 68167.0498041514 0.311980705084131
0.455671626190085 0.640454101499978 0.628298371028056 0.605178821307581 0.0583677886704756 0.259683060151896 0.300664783067464 121362.517262897 117174.346173249 71955.188318234 62399.6703981978 0.284050350360317
0.491071120010057 0.581934556135463 0.345962702108776 0.435064965104634 0.0779360705346274 0.235494916475741 0.507211310141442 135155.018249423 96494.4810851793 73746.0109797494 86547.6110741964 0.14253270728541
0.398904673870815 0.767496033505051 0.218597305469192 0.637754375277724 0.0112520359409802 0.212149069177279 0.474516182377035 102688.446517117 113153.194987863 71870.8571997783 63681.6387959786 0.212349460241269
0.445008356376096 0.850927665298579 0.359359921707639 0.494797364817348 -0.0119755661653306 0.170345491407564 0.362674347275127 131100.920716589 116988.376253546 73301.9753525651 67287.4411054196 0.486631810607736
0.696563302785057 0.563786972291898 0.456094878961806 0.476339343809659 -0.00385927600628558 0.265688938672918 0.449529050586173 141356.297971669 102530.471659573 72138.1408345277 89273.4607785018 0.254076783724187
0.563732859117712 0.755503254402603 0.334386950453881 0.503919232756144 0.161031999399517 0.169925280108832 0.416608894918707 123312.080026985 99069.5366910432 75481.7253622496 84365.7744543558 0.201240064337128
0.39274011947528 0.793199288146449 0.350752984850503 0.543862449964999 0.104884688792712 0.206474425458636 0.411183908412781 134385.750567936 112984.149098538 73886.785917518 64771.9635839185 0.356234191012038
0.36655199122994 0.810271607092085 0.414665212611281 0.524891318008257 0.0283578578079368 0.196227433546777 0.276845981547625 101950.354683061 113954.004330984 75179.5089792268 67208.9680946328 0.273833018784858
0.39254837579507 0.639222628435471 0.156912455280448 0.355343356806595 0.0812967908434846 0.277629555018622 0.380961658744644 127412.668650394 104338.766381766 70453.6533658788 51998.9948436595 0.427274210194131
0.397834525772965 0.484855056135779 0.294196956894541 0.58590425492844 -0.011169372137149 0.206745672269565 0.420012260409165 117194.090571174 94004.3641842034 74831.0698834876 65126.3939486471 0.321734995888474
0.314380668638367 0.916488701201312 0.106306687067655 0.693680685341809 -0.00279381329995992 0.320163103077283 0.343293957579141 112916.645616768 103764.972955412 71440.9064664986 34286.7104005525 0.229131525922744
0.331510344204813 0.834487523190662 0.434629168037314 0.534517924392036 -0.0460923674138669 0.228250532812227 0.380951509239935 128095.745809748 110770.26056678 70551.1255047823 48663.9736636842 0.368495993875428
0.457545452645523 0.675755021115228 0.519499313142864 0.527960800986251 -0.0251081954446078 0.18699238380529 0.247622316914512 96466.4806434318 100700.998630428 72790.5834797989 54367.9244163767 0.351943518990119
0.546556761459722 0.93010900771306 0.642244599169008 0.559998123875389 0.00876394608168496 0.193902940243935 0.370143488262969 101665.445558124 111907.323314448 72826.7585712096 80402.7158271061 0.166537757523628
0.37732926483738 0.657582410842392 0.367981121100123 0.59664915573519 0.0689390393848612 0.222314005404828 0.49704100799658 126053.254140123 105361.454848323 76040.0823418472 60430.7713415056 0.456180534750177
0.374233466837657 0.666676983310708 0.523843132561521 0.54060431143891 0.0988732154986969 0.185912222324223 0.323961822884301 114129.428515889 98889.2613448328 75648.2492985087 65575.8748794155 0.34128399333231
0.287333654585701 0.837508116127377 0.0524696507506491 0.815889483030613 -0.0563231135995367 0.0421968946839326 0.312662915385488 175251.55922707 161972.988191275 70921.9996740851 36333.2838029292 0.15757543480447
0.434014821463622 0.792232890932138 0.316660999751537 0.486556441249965 0.0836727479351927 0.0595673096788291 0.270800919534246 106935.572792317 101621.24712909 72913.294951575 74515.3067652178 0.19883140816454
0.331577089861571 0.930450805333656 0.952863182081526 0.0823999157709845 -0.00288936668156396 0.101058817789266 0.364486632288359 108615.424533037 97721.6868763929 73179.8810065154 49861.4962728582 0.187404525590557
0.698392143070681 0.356767607905951 0.310297105405211 0.425839484635774 0.0588872423166546 0.290455883894251 0.734445076906566 115219.904750907 102810.055002615 73135.936804426 71175.919887044 0.262047836536214
0.374517722565998 0.679952083777849 -0.0389140543526465 0.719623817642514 0.332410567092365 0.154636351704724 0.385556008024947 108159.401552166 96247.841175395 74152.9491943524 54164.7933183756 0.303383986115303
0.379809008743156 0.684656429740494 0.0849795851386088 0.446640943417927 -0.0285069047867963 0.268885110402363 0.400183719526607 108356.775071233 119460.675082442 72365.6159333622 30212.801106494 0.452539804578899
0.237878163467351 0.901365771871999 0.95020451747747 0.363995917355256 -0.126093331972525 0.0784885822874834 0.281767714151997 90687.463270966 84268.7873537043 70772.101522268 32456.9862808895 0.743040578166822
0.545415234904239 0.685129377343854 0.495356030651531 0.435779662079346 0.0233403982741802 0.250684324660674 0.441057133900387 136165.861193206 98598.3826673908 74380.3958616664 86325.3535225982 0.422596353694242
0.403832035603547 0.699366837794292 0.477389334417399 0.499370779961832 0.065858068532855 0.26412967861191 0.517507119550517 134987.553077052 102159.812625126 73077.6161584463 53369.0297668135 0.27367891151737
0.369652902814938 0.520296018436359 0.68943293516212 0.499288026017736 0.00436627236225997 0.280903386848942 0.299930843244896 133822.085018334 86078.7649203563 71792.9033850604 56104.1080716169 0.30439004833142
0.398840454107954 0.19356905171109 0.391677428388991 0.515939298720802 0.016396803193264 0.220922649164928 0.426747426121618 115736.582706702 101431.791834544 75492.5929262152 102000.887469512 0.923410925133289
0.447181189755309 0.458450117638236 0.57552864827504 0.56891752809923 -0.0415924227889601 0.198112939281795 0.342981837948713 118222.135726639 116411.491201668 75482.8630648286 90270.452831906 0.230376433279767
0.621600784400965 0.636020398739056 0.521674027090674 0.555614848702752 0.0157451350013797 0.237064953949499 0.463573685421955 121065.018085684 97535.7444414695 74440.2640608293 63231.4942557323 0.408181932184701
0.793199788103503 0.485501212738657 0.391637013733683 0.532033755014365 0.150061813313466 0.347540981308855 0.724171558790923 130504.335085754 112563.378907673 76059.9663350896 81024.2847854078 0.335886775460756
0.314418603634026 0.92312676816285 0.0698886100725506 0.86737531198023 0.00507741192568142 0.150763040222388 0.319742193319372 127998.858466383 116636.418763672 71991.6853297377 44679.3669264625 0.155150129947042
0.323665937974163 0.638133573742526 0.296114690456115 0.64424751569725 -0.0276284246702372 0.18207125984346 0.430187835349389 120964.537657837 107046.635430236 74160.3494826801 78880.6256908243 0.267342910568056
0.435321387986607 0.79709827034661 0.504772932757989 0.425105767457045 0.0190634962407486 0.188670095213011 0.280559259911203 117820.896569836 113056.700047763 74125.7061301544 71264.7762040452 0.247073992447066
0.367530431284364 0.75913072293086 0.256548587798148 0.373364770866891 0.0364454187896811 0.103775222883692 0.513645473495362 130860.682469921 110523.784474004 75843.42452237 67730.8919814909 0.0897246146202891
0.499579174486826 0.236068063522403 0.0622845268878863 0.32847600651518 -0.0190636941219519 0.15799990335802 0.269547057633095 110267.757020036 100758.830835501 71907.915597976 40260.9665424574 0.142629219797244
0.531728272038737 0.770353335383483 0.519325206752804 0.524853919832282 0.0172701024881885 0.246734084178931 0.376272238464879 130485.663179205 96524.4893385821 74499.7246841504 65165.1604183306 0.383538782672007
0.442869439842033 0.709317245074958 0.668301934338286 0.631631297316263 0.00531103516474989 0.21102508383914 0.393621070068592 118175.696347728 103278.328213677 76008.2097793693 58201.9131066144 0.38521951989733
0.78446178498399 0.132807560624752 0.358348431733215 0.686203100722983 -0.0591793976467897 0.299053484623001 0.616233386689157 113962.686325093 101451.132509381 74041.4178706539 91180.1829961378 0.973940178753362
0.433781213366593 0.672298864342027 0.357407642568068 0.496231145340099 0.018419314824936 0.143134289614604 0.503024212912311 124179.876370444 98829.1271285445 75526.6601472419 81482.065628067 0.468825387741278
0.333871639894325 0.793473696990655 0.42013705097143 0.386614068307018 0.058229084072562 0.0748798909278465 0.259886018129344 99828.6339745772 126395.139534291 70731.8089659159 91707.5598629458 0.490705381017131
0.481269828363322 0.791410222913177 0.411507229127763 0.410144682471239 -0.0220669777146279 0.219422247442381 0.388876685917935 128231.818234248 119445.885688707 75333.1328476779 63944.7341803521 0.62914903948724
0.594501407080625 0.630648771039599 0.585495637840912 0.589934508131171 -0.113840111901738 0.151606963853869 0.192511978832326 107788.119508299 109976.937120802 72181.7885560013 77301.0654502837 0.553595670634081
0.421283613222901 0.774981792784106 0.387480052985352 0.544041327638237 0.0826665585811205 0.234422589060904 0.527421749360798 127582.019924627 106483.504771259 72060.3562644473 65960.057379377 0.255981171588472
0.366065532589314 0.852298346387175 0.167556428959086 0.465280092162209 0.0745002485416599 0.102700857629224 0.498357041871503 123528.60687199 111258.971355259 73059.7962245145 48192.0139990678 0.370453338589818
0.0886300723624933 0.889860734542034 0.340248686516293 0.537749775841955 -0.0337638786010903 0.290712001144544 0.463792508523295 140891.774447833 122745.885873427 72709.1102540689 66886.5781766104 0.225801970230637
0.3079036908994 0.883515446402817 0.825357853031687 0.378333108873088 -0.01497743913043 0.210501514560161 0.300854430854404 125212.251139652 113257.076322813 72514.5334670899 43143.4249042827 0.151336745815613
0.430249253492845 0.669500551478402 0.514768946730743 0.54442067804575 0.0224984692998946 0.154300294292564 0.460472964765379 128521.350063507 96692.8315434118 76336.5965996059 74246.3890586739 0.417358030720433
0.572363807636499 0.70863748601156 0.342382303924745 0.55520935075031 0.0672416776778682 0.173878341338362 0.460165683917133 119873.282812131 109220.795996106 74081.1639036969 55087.4929285697 0.434074499956379
0.525587509091169 0.720479224164288 0.666704894313266 0.50592754435677 0.00980963342674203 0.195827413935208 0.458598630230813 138188.23634489 131819.23266603 71691.3549159042 60700.9926379529 0.332648034220455
0.309778785943033 0.626669377782886 0.273381710568934 0.475354111764794 0.10365997817181 1.00166963383232 0.292719074549416 128894.012743378 123050.69826032 69904.9038509603 66448.8154201938 0.337740987770197
0.358076207048172 0.610420588467908 0.126005959837577 0.500374942883229 -0.0644236585683992 0.0645327910517042 0.348990095456076 107099.151429353 112777.028890782 75060.5393953198 67394.0765592185 0.315381334231475
0.961013884659684 0.915291359323545 0.415693713547289 0.802006629244072 0.3498529685341 0.164251516965324 0.420563428209467 127836.146250991 116351.636313563 72074.4238505861 46107.9982738579 0.175057587494801
0.299265368781461 0.929136557416726 0.926864831296518 0.390850923729991 -0.0463678946024625 0.0896536978273158 0.307705527761405 123270.401458205 111981.066226842 72190.9855047314 42378.074673665 0.149382146806747
0.353026135660631 0.656718693843462 0.350806690843205 0.556559346045983 -0.0197352799236332 0.242084815476371 0.317315043645847 141295.91190705 93628.148980517 71451.2376037605 73876.9956672105 0.441370926302291
0.315385016575543 0.55775028735895 0.563793785234653 0.49866792510108 -0.0161196055428504 0.316608362010603 0.437010313772687 147875.972079487 98607.4091378583 72177.1119920445 77059.5449297164 0.37949740938834
0.417384340851708 0.622677461181972 0.624799504358328 0.627681536372214 0.0437422619961594 0.198198737989207 0.251430904023917 135977.879523697 141642.981685526 70813.9536084579 62287.7364212175 0.369023622507507
0.37395764933313 0.498191345036288 0.408864624701507 0.431194693318195 -0.000955613205711799 0.18467963169968 0.489728914991522 115805.114850631 114537.248850275 71735.0555518694 51664.3941192817 0.610458798973918
0.288047212932143 0.903849609116429 0.991314644378343 0.408223077026618 -0.0373909180700926 0.270103155234261 0.333307574916956 107954.866141245 99566.2843963083 71307.8210608352 38415.7539898492 0.23776108984041
0.443313771214469 0.831427719640218 0.284335557366191 0.548835603979199 0.0311581152860679 0.1480782603083 0.388562089767409 132681.959697532 112867.857640471 72630.0804059835 58356.5513183088 0.454533192444954
0.439755995447396 0.688129672357508 0.5497787606574 0.553248883216542 -0.00013730099844383 0.317584466217133 0.476406481852338 129818.38190856 103477.275658102 72446.2479677945 57242.3611746981 0.212769317902861
0.462428198121881 0.672212792764709 0.343244908277728 0.467268134505323 -0.00998496719542905 0.247447966343575 0.514857409965795 142520.684874676 118780.067691091 73081.5812735375 70590.0938379674 0.410570952016157
0.439969008947664 0.731001853410645 0.497353440912016 0.449141460160835 0.00238718528464645 0.28611750934589 0.369588755077988 61861.2977585593 121713.502519077 75358.9223798817 77681.1406469589 0.116661957424473
0.363081110894432 0.714682844565041 0.299263596101555 0.515935517030115 0.0494594587353692 0.180863103670959 0.450114813507533 139134.388705519 123307.729450998 72026.2967771173 70365.8326204509 0.376244852870745
0.313287861964223 0.300882898467466 0.0642068789351965 0.432673721244316 0.0248753438980994 0.180344719681316 0.323749047787922 124906.291208193 113745.849656275 72054.1222475566 49287.9935008966 0.179195306209901
0.432258698903276 0.741256241855306 0.368950827115133 0.600686487278332 0.071431270325121 0.139383296514519 0.333345681074183 108061.309389173 111152.064837131 70809.584472698 81526.9609226085 0.162925203007291
0.473690830277202 1.01090555520873 1.02397220518704 0.47843583947834 0.333063567612289 0.631080310002235 0.386981687016305 123579.386962411 104849.25000536 72374.9337030644 46921.1906238982 0.312671800999017
0.266816896495808 0.665879622307261 0.522523470336634 0.798134512465944 0.00234327320510742 0.115156399806705 0.377993931723397 126646.026474109 117196.462436786 72051.078454761 101527.149513456 0.480263217743743
0.408157865965587 0.833952384253509 0.397742203012992 0.430213424597138 0.0574999248449162 0.256504548906629 0.314080608127437 118825.411173571 109783.826322149 73682.7323367132 74195.953479167 0.412679080251187
0.457352956897601 0.268883091344532 0.421249083224694 0.329404795806823 0.272589987186791 0.186529217233589 0.46545190229107 169850.044071683 95724.0109663141 73325.2153803517 63558.0108388536 0.315701240263752
0.505013421164761 0.578956097277245 0.443733823435931 0.531313895029099 0.0608449452071218 0.280804465099162 0.415569231999295 112887.564529896 105798.417260031 72709.6747377164 93164.6613544478 0.315648563235248
0.278646807045742 0.639425570134482 0.304666827903585 0.530943022998388 0.0537358325327564 0.181858139260083 0.484196625528694 127823.084788308 105626.812031365 72658.1301487548 40763.2017665956 0.470185480913662
0.49780179691253 0.739441195315697 0.504964117722108 0.360224602585788 -0.0437108846289863 0.128253861686669 0.560269675996568 152184.096486614 112424.773196077 71822.5198790512 64277.7247777298 0.216497532543814
0.495163515202071 0.605764826537184 0.241539000756444 0.534555486577001 0.0859932072551564 0.0242963824811895 0.540042703492161 109427.123499536 116875.928644289 70785.4122330233 6872.23863816148 0.29197189247082
0.57550584031967 0.573765191528185 0.100857619543395 0.478289605389869 0.112217157350839 0.111957676932919 0.469445990034736 96483.8522091286 134174.679043985 73995.381605598 77154.2659663135 0.441108846467138
0.43852700118707 0.808700254561706 -0.0361185232173509 0.699335448384148 0.21043157109039 0.21882250488888 0.35292228896643 123746.642838386 96246.1817541945 73365.6055214494 39308.7431346748 0.369638538053524
0.749737561762253 0.91316295497789 0.0615299960786593 0.828232863025809 0.942683216312311 0.240537061344895 0.803231663288377 130223.583776733 118297.937356042 72286.3448801593 48232.2709417485 0.177439133021737
0.244819655684529 0.437986007474473 0.2959197089744 0.749998523267087 -0.068641828179016 0.329460723781407 0.357584416065398 129096.807493702 91615.1079851219 72687.7589423994 90049.5342861451 0.321140111809356
0.595267914639298 0.600341545088544 0.506012298659534 0.427782164171673 0.0849140723371833 0.150840221530726 0.511302404596204 119682.590994565 120696.690525625 69788.39749442 73535.60500681 0.437097915085624
0.371197675068194 0.789104039148064 0.360712837391643 0.507308027972676 0.0803545248782257 0.169591090942425 0.390592612401828 117843.25701951 96759.7505975602 70861.1827300096 69847.9530806801 0.334110009107845
0.389300381477409 0.733652610655969 0.45323523498173 0.547280131680021 -0.0108141355887095 0.240315280687487 0.26840188279363 106207.368640354 123927.428637606 74499.7946234109 72728.8463541139 0.269823521555943
0.517478072279232 0.850704740131463 0.291145040752708 0.572696389861358 0.00842734281261406 0.23453534714851 0.472321621937121 156050.927868065 116492.009139494 70857.6928322326 71633.309579403 0.412397159993533
0.257640832440564 0.635984211782405 0.464044487586299 0.536570599229264 -0.0266070907291268 0.277022416520499 0.298669970640233 125910.573225721 105572.761502046 72235.4644220186 39012.2854837278 0.311341185021301
0.347259745649009 0.735182694948352 0.452084764952724 0.662934372921917 0.0689594284597858 0.199485701284636 0.254657390426326 138278.562805847 92212.6314860151 71404.5466879642 42583.170166137 0.366816715701928
0.325229104032008 0.828092166227382 0.452396510731164 0.481071160438811 0.134959022298058 0.0889087209176097 0.542401343604867 122677.573598388 103436.303003076 73876.7713439256 96846.0862901491 0.182910647615382
0.348649754613224 0.680006905769703 0.517445092495737 0.607661741624143 0.0914147025619127 0.236690624142213 0.509926752683616 100115.069884675 124359.172315288 73694.3052936147 71279.15409917 0.249828452147173
0.394656886225429 0.677702345206356 0.695852930673362 0.393294676228084 0.0330339423208502 0.17709516153374 0.404147552723349 129968.156499874 117047.138579108 75913.1438113998 45677.8553494958 0.422152242736332
0.235523238666615 0.619691587420364 -0.0625416136042538 0.613394263115854 0.0643336103948461 0.25609551629029 0.308872975527199 108414.271782228 127418.966548578 69723.3818733272 84595.7906913288 0.0100792564931598
0.471772737918734 0.57517499404876 0.478010119238253 0.586365146619473 0.0400295794733377 0.227366754088282 0.492787031784582 113362.437268462 88073.8999136558 76730.244296279 52346.7949649513 0.172111929438885
0.451022548739049 0.660566702750328 0.332668380051837 0.581712595436063 -0.0222281152833168 0.270596591370679 0.60669895241464 129018.697388397 102118.562294567 76679.9374755598 54084.4410947973 0.460557621203064
0.279592590571764 0.496998091488967 0.24299769295653 0.483274201861969 -0.00694520326896645 0.248182675688329 0.365391756699691 98012.2852132919 103786.316240907 69881.1776046535 70132.2350013816 0.274285869635809
0.408528303236348 0.535115728278893 0.158853518598417 0.533228788015089 0.0245081287044013 0.188770703783836 0.399396386222748 122267.63018014 109963.589096397 72786.5420205713 85552.6201162969 0.275726091437065
0.464880323443745 0.717581479957764 0.237877924768006 0.415228836121122 -0.011069573668614 0.202581958625121 0.479243275763683 107826.32120298 89597.6551253609 74225.7698034448 51256.9480013998 0.436340639160425
0.53272236977421 0.746150208479239 0.252515264056931 0.607072616343262 -0.00257100225219175 0.218265643246266 0.445711509273414 114324.054366637 111987.06359915 75550.3673571571 64577.7545974568 0.336188092316115
0.466556448009008 0.706846877796629 0.47503015845976 0.571303136188346 -0.0655737419391086 0.12046798190713 0.309205359231189 120235.560470363 116894.786865175 70940.1418291341 42803.8859643163 0.397100921825838
0.377251373189899 0.161407780548664 0.0658863864358232 0.429069394191505 -0.074011140408134 0.112903069236783 0.325952549736594 96859.2221484526 89684.0816184971 70851.5950763509 58573.4208449662 0.803754213945633
0.315599200815737 0.683290981468672 0.492320563393236 0.478330365213429 -0.0803078305500825 0.287833300987052 0.454096347896902 137678.308321597 116394.130558745 73870.8199453169 75432.3584960017 0.398364668774727
0.196981760123233 0.578806444451459 0.397836358069242 0.514147439209329 0.0808743519183003 0.290349744553984 0.27054552054826 123851.340275169 91593.5720861016 71850.4820692554 67563.008182965 0.200104285707115
0.336785110529122 0.668926379980097 0.306349803109505 0.529513017853283 0.095243992668418 0.226286104084756 0.281372399158101 126079.719244834 85782.6924192141 74883.4599759011 86509.0839596884 0.193704487684367
0.36606697213734 0.847966883033306 0.369387510148209 0.456974666896063 0.0995742410057721 0.249663563364809 0.335647004598559 112553.364965634 90706.5476828709 71026.0764796344 87356.1140046383 0.25657476309301
0.302757844460703 0.672906582722368 0.396344768172358 0.541974293321806 -0.0493522901866468 0.332660503128138 0.218348776823313 148309.559041405 90701.8243859057 71021.4580616978 94951.6868992789 0.363935117106386
0.27607110022421 0.707525524335974 0.813837418857422 0.522558058521432 0.112476265372463 0.235736467185318 0.523447549471809 149327.329834865 94236.655047423 74715.4684012556 67438.4515781319 0.881527963825847
0.425260651648788 0.693949302045093 0.395703785582126 0.571148391372524 -0.0537599224477361 0.157933874063219 0.422887519947474 123824.416193766 83359.778283736 73273.4701814683 48398.8662507665 0.124791634007264
0.500666583887478 0.893286564678792 0.383332990742722 0.648343957735397 0.136752424863162 0.215658876969363 0.357466176296979 97396.5167326327 87321.1279766603 72694.4878365915 52824.4948697323 0.382505909029591
0.446414234894695 0.814593542585396 0.359656225211325 0.534502736985636 0.0558832953881671 0.214670656354366 0.352090163775069 104767.252341164 118207.058604988 72548.2694544561 66190.8141223874 0.421709902542704
0.517113024457874 0.723770169518358 0.39715180871161 0.447363541338401 0.0141860248989915 0.226929249730744 0.465777111612946 126583.53964569 123027.302114558 74727.5656098652 77779.6892196964 0.461557173779735
0.495761505958784 0.534187272328996 0.515007163221773 0.62575740193787 -0.0438478738188909 0.193706534227505 0.370109904973952 109613.348587083 129565.440295865 74421.4938312998 46123.4909543294 0.47978326682617
0.475870261195927 0.674632278704304 0.422064386461143 0.620902831265932 0.0361622614958217 0.19332232721024 0.30710735787597 132407.24514075 122494.372205961 71508.1763946013 52993.2887599527 0.269765836256609
0.300817481757864 0.570918009218074 0.454264704025838 0.340425062103063 0.0797662632923141 0.306921075126048 0.535651816127501 118842.803977875 92571.2772384051 69002.6056708561 92063.0384489303 0.184505309662914
0.308421572415343 0.886930607361369 0.115463238606994 0.49429303918497 -0.0434830142974466 0.144825075342838 0.311598647698998 143040.298207506 130935.211732086 71694.3919788166 42185.0815845631 0.15750982473579
0.638523241830961 0.394018259230799 0.285633839714058 0.506875535752946 0.0879232833618536 0.27886280330255 0.453408343821457 127567.829377188 111356.728461171 75204.5433819448 82676.0102855469 0.311287380584457
0.307966447106966 0.792869832766579 0.0972060451954507 0.577481466890271 -0.0724016614133255 0.100794422913738 0.315490667871571 87606.6118632322 80358.2634568522 71612.0080542808 71591.3319761668 0.835528357920572
0.366441827558464 0.332535470052264 0.541030903389185 0.466421111112737 0.14310327734419 0.105828419142249 0.612431740901202 121440.23597504 97497.6422338032 73106.2677722976 34752.9796808442 0.394477719523935
0.538116570877421 0.70093723912935 0.475383083663228 0.45258857995755 -0.0423449870659183 0.152599073194552 0.453524356488301 119110.12160416 113269.669741111 71357.4709214396 94095.3465108971 0.593489483730856
0.344355506196306 0.753196419812997 0.277184994030327 0.556328343811809 0.0715188716421941 0.348129203331119 0.438157533346121 102310.379557427 109270.482268211 72163.848079794 69173.4666411176 0.302821052996923
0.638762470753357 0.737782747458051 0.503194867548564 0.956411496608622 0.0890988896027718 0.051538892081907 0.503109614108232 141760.325374419 129738.209539719 73143.4014659268 36842.6083849263 0.232262942684755
0.312579982092562 0.384385575751602 0.0968377391126062 0.440864925704836 0.071629721727864 0.275481161709194 0.357218178468279 120597.829321239 110409.023170978 71731.0194717358 34670.4404685354 0.269578067768077
0.339057139594854 0.569807903321811 0.257441627092791 0.790438015778482 0.0859545142298164 0.104371610286193 0.5138458917189 117844.48184617 108272.204053078 72731.879645576 43980.7402761589 0.214747042042789
0.483918772528107 0.781575690479024 0.337094433386507 0.391218353561876 -0.0025470621920393 0.272579974490191 0.359762358203352 127697.021757973 108155.253849927 75654.0407013103 67320.8044008632 0.531091775227932
0.298051019243824 0.258915656658438 0.0468353275742576 0.456372944668193 0.00114746406361238 0.341211361575586 0.33909282410078 115090.154445664 105311.077551774 71778.6663082866 34040.9694306559 0.245556487495347
0.405752750090619 0.577911842337198 0.473517333836587 0.566108693765826 0.0646473079075841 0.214131977308441 0.415884166909075 140740.859196122 103333.259456712 73942.7406870964 61043.4919223944 0.498840004547188
0.411410036199093 0.780060464535748 0.0872789132519733 0.558165560065494 -0.100678072448594 0.103002819358358 0.30636823452292 93442.8786141802 86887.5333690397 70519.678999088 47878.0006905893 0.763834394874874
0.428687841140088 0.829660679777691 0.344688862506973 0.48838837425234 0.0195068422637426 0.252871490232195 0.477204171088538 123324.617798796 93476.1342174831 74761.9422664718 47902.465150429 0.317488851271216
0.514879121416329 0.60113423774619 0.429331256526415 0.606680093950373 0.0224576313561945 0.21489301555027 0.346984116940295 104278.289811841 112343.862884607 75264.9347815237 67842.214976706 0.381114961606272
0.506407159421297 0.776334310310243 0.614546272574064 0.452155095976678 0.0420056925951352 0.207914476886287 0.374215079894021 143019.954319407 106745.207939201 75592.4581074036 43039.1990405913 0.528516026022359
0.397389737370635 0.459734841810964 0.458934334691483 0.579904976472604 -0.0477357521282375 0.242865006779395 0.321212776815463 89398.4393360403 110997.601220097 75533.2671700392 68294.421495412 0.207120123515547
0.477271303529803 0.690163063593645 0.291613574160005 0.618501829946173 -0.119658585211525 0.179960125753408 0.422278877245171 97850.3501377701 115071.385735552 75883.8601855852 36657.299305182 0.414557008269052
0.341745337341864 0.427019579748152 0.460664497207048 0.616383240404855 0.0625984007810443 0.201483015430286 0.350717615170076 132113.153826298 113075.280654708 69976.6761854694 100045.890854193 0.283748315082869
0.547560345397038 0.707372266732227 0.390779828663375 0.713156465284177 0.0673869057804727 0.297114693884154 0.295688055745912 134951.265631212 112098.80010005 75721.5240913797 72609.6980431737 0.389145370217389
0.341935512842578 0.621274595943168 0.417966588065962 0.509850767449624 0.0901157000365507 0.124562002371434 0.471394003213442 117493.186424847 117235.072931335 74715.7811774267 70892.981380927 0.197260115163715
0.444926878575671 0.525354800582389 0.342264254512195 0.566788544153457 -0.0120851874042199 0.13734496111767 0.397814720989441 120810.304450349 130741.960168057 74917.8888592929 54703.2956667572 0.378954639694867
0.335127742250461 0.703391457996204 0.436477810746157 0.526090919784491 -0.0549979265103471 0.202041465541357 0.487494799933614 117119.62860757 111664.185929924 74366.0266309874 36212.0321714051 0.385886562320839
0.28019082962289 0.48627412986751 0.225810254294006 0.497545800244892 0.0764271318289675 0.125551321969363 0.417618769366803 109845.146065128 109402.993960128 72914.6176810036 64189.7073649138 0.319126679860234
0.421045901684468 0.752062876392768 0.213170564687815 0.441389964243065 -0.0102204040120573 0.262848922288605 0.348009455306884 114111.426371747 108589.359190881 73409.9918259946 82084.300516633 0.364059709472542
0.405138909291699 0.922346548983501 0.252502646231814 0.472938210420482 -0.0638455309595279 0.131554956373115 0.480923207811931 131592.013905121 113339.441735943 70285.5012575869 59714.8227781982 0.383187603797561
0.374802312823586 0.830067149110715 0.382817190522044 0.575210360151769 0.0198283744572215 0.245294195793832 0.423553463669818 119898.392441724 91672.513006207 74725.8730352532 82403.8247009042 0.229891423778395
0.590225286011833 0.600790566561096 0.319515598622933 0.517602413564514 0.0291331016123006 0.10057463632626 0.269650490834908 103373.238474409 106047.638682691 69186.5662512918 24101.0240549366 0.280259280243885
0.386482653480046 0.698653393972267 0.349710286786894 0.592987665852249 0.110059448075656 0.27664928567209 0.528670719110577 139367.539541127 113654.499685445 73074.3975935821 91034.0725537906 0.405160064069404
0.524444067703435 0.511443210256393 0.60448435031507 0.593195608544539 0.00319134327839612 0.216629146237894 0.457109276001295 118489.24519619 118544.641599229 75273.5837552625 57004.6942286021 0.398554773078998
0.357986507385591 0.722318718719347 0.516900202298062 0.461060721058674 0.00201512950287113 0.305968808552071 0.42454398364291 150487.960103734 96514.9975882258 75541.4613560475 85198.3957438702 0.441318769488841
0.453601331853687 0.651772395514993 0.522284568841912 0.472948951683158 0.128495493826866 0.113505430053639 0.363511021385976 106740.480398943 98195.1359119515 69921.406772196 35901.447614125 0.253370776799253
0.35074333986313 0.678066830981493 0.45013957240544 0.484397946699662 0.0654399673400314 0.125911467771924 0.40188396200321 137012.603809728 114228.891948512 69127.4981349306 44490.2640119399 0.431130915925049
0.447965651794171 0.593071083293792 0.260283266294604 0.550819596822853 0.0276231828019354 0.292946652429297 0.378695964219938 90561.4185211809 90044.5054003762 71558.4511196169 73087.9431771602 0.49513235847385
0.210472460419288 0.861588873904545 0.00348073190318958 0.680469087749342 -0.0193722020624109 0.25755436901005 0.459884750660577 129134.398493421 87795.7313878982 76059.2218267009 57795.3428969307 0.555537592307088
0.421874716051259 0.945960096486617 0.831260870323768 0.510078039135626 0.11497646998534 0.0605773747554009 0.736059542005675 118350.689063696 107951.799814856 72026.119141443 55940.0523246552 0.519135968312295
0.436313102304259 0.692446936481165 0.603420547791929 0.650555375876346 -0.0264175526927667 0.18452786767321 0.437273781626682 133359.411793839 105292.607901488 72774.1484539461 59546.4366141507 0.421295476516002
0.313621777012029 0.629472392825494 0.268789408033805 0.544915872822722 0.0785834713342601 0.173294511490483 0.329784964440049 98934.2718568063 111480.653264711 72386.0579361649 78590.1030325078 0.494068289780057
0.399458326855573 0.495126230232397 0.488122077411286 0.528589488588937 -0.0180319124040124 0.178056883339991 0.541110350852958 107696.997863864 114493.334799269 75209.0466708565 77286.5914901053 0.299375970999789
0.46736409708639 0.722848977726576 0.587889436602787 0.536342636187842 0.0666951008614296 0.148608990094227 0.370620950067211 121457.164399 116307.657500622 74341.0817192432 67989.2193600398 0.45129531262271
0.43231699784449 0.662787370560916 0.349533826666214 0.603225878269924 0.0165777222974833 0.226121107989311 0.279455969664822 131833.117519261 120027.209627183 73240.9758637647 77223.1549321313 0.268855773417278
0.427562382431076 0.703339784437169 0.526332858472977 0.646047272238782 -0.0886058025591318 0.23963036381672 0.418941439927083 133221.566900667 91908.5275398439 73571.8237985559 87081.9918822439 0.463744365752907
0.494213462435658 0.628785533249768 0.385392102385814 0.432001050300127 -0.0415297715112335 0.277070842150439 0.327977857347082 144032.623521901 105643.146473706 75360.1425892658 67923.0448700167 0.270074384366123
0.464112000123888 0.705501658142931 0.343417314508416 0.410189501356711 -0.0204763879135775 0.0914491200428309 0.346842396207452 130866.167948796 102269.671572901 68014.5256382231 57870.165555378 0.457859289926221
0.293124749941532 0.635748119593066 0.487782102039696 0.502007695397714 0.0206347161037031 0.156521797866353 0.455323973180868 111154.646153433 94192.406183622 71048.3154183823 63704.9042674832 0.421658020523832
0.323150947018853 0.879816096433386 0.0780485922809778 0.808804603623457 0.00939402674096112 0.226824682666411 0.292930243743872 123329.055184042 111508.14332358 72580.266506396 43752.581458448 0.145145871179155
0.537765702621678 0.384429492322093 0.280098944806495 0.419325038726623 -0.0797839520810131 0.16041426226372 0.558941278118561 128550.577979147 113258.902449961 71025.2032982604 64510.5255905723 0.213928029910621
0.290446640553561 1.01632407354434 0.57538289731897 0.400324481350003 -0.0697944502809921 0.0873475411158182 0.240670365751673 144122.020411188 104666.331525429 73892.9690861438 72780.5913470083 0.568903965431111
0.590851051973348 0.930473155056993 0.833297290735081 0.58938260654014 1.06127763682766 0.402240991626571 0.999044471488248 118197.355057211 106960.733944265 72604.8319669063 50362.5425758513 0.223104837482184
