PE APC-H7 PE-Cy7 PerCP-Cy5.5 APC BV421 FITC FSC-A FSC-H FSC-W SSC-A AquaAmine
0.629398440702453 1.06312073604428 0.54146438847671 0.717397605762077 -0.16175695002968 0.438006610309721 0.101524153568165 156617.927148138 141182.747282258 55422.0249961835 308735.326276068 -0.454549941936706
0.310716121760486 0.862491948995062 0.471758882077702 0.604154698703051 0.238289045417507 0.208299015496789 0.390125311184268 126367.489864447 110022.522039735 83399.0518821468 57910.0088208329 0.322512973478205
0.98358592543782 0.282206527246696 -0.0825709198900767 0.387056554426966 0.0851978762615126 0.157866059154753 0.383366982735841 53961.5543710312 43772.1106916273 91948.9468944705 147163.416104354 0.119000868629045
0.578800444087142 0.952030950265267 1.04460757831443 0.545869635508849 0.190459022738586 0.212234031816858 0.43154770980096 143975.627575189 103964.759217149 91221.1514323706 87690.7144233544 0.89390142389496
1.47137572231523 0.417045321148972 -0.750560792243855 1.10069811589133 -0.177462102229819 0.263054391640418 0.707857414742044 174788.608940747 131849.775136869 85490.2144384718 129838.365747028 0.364587363166428
0.382795660138287 0.344275549467152 0.0777803159311889 0.338151849230294 0.0929198491204251 0.122593416501927 0.29580547021306 106702.882218231 83756.440516666 83480.7409380478 45062.0652344616 0.122876461957865
0.652149864777979 0.42882274250723 0.377153917048605 0.597823508345637 0.314190915422071 0.331234198884364 0.59445581448049 146338.068483286 108743.190941164 88381.5109920237 138062.605856036 0.782681187776048
0.388971884569642 0.913339082850066 0.705006467330211 0.495609556136372 0.718920236272966 0.456767541398128 0.808708609687126 82299.9116366421 70445.2649488401 77060.2141925361 46158.2735612682 0.65159009885098
0.919006905944693 0.875209479506491 0.836560784245933 0.816231906000406 0.473902151913474 0.54355361611117 0.880002737011095 261824.572907872 215561.634582936 80563.3465578991 234888.669713627 1.01714542730537
0.797500875982731 0.702365249232083 0.528374064360616 0.640480365794866 0.338305401778437 0.417420010955319 0.721619543571253 225053.327489234 152496.674570324 96932.7611159342 194816.862015047 0.721506924673853
0.804194658993979 0.810344730652361 0.611862169496402 0.554782464958736 0.141220730439338 0.183084666135704 0.51188165934876 148661.619327967 106582.934665702 83293.4363621982 118050.573228882 0.420298033640028
0.329683320461395 0.932056626562632 0.0785351811229871 0.722436779356597 0.0956988485484863 0.0898846830819786 0.162010120597039 114232.79460602 90535.2281520727 83272.154633737 38178.4723055991 0.0840618790752341
0.46564961011802 0.961504140745868 0.15330479049766 0.937959977967329 0.191536327482628 0.184104878667954 0.389710628793848 174061.850372394 117200.559411182 101624.370245441 75353.3334051475 0.270538492493701
0.60129898851319 0.617590876522902 0.651723431951228 0.711650381012106 0.166664702127773 0.162937102325171 0.439702457994174 147750.007623709 129649.579856438 80960.3706397805 92900.4733005893 0.331081397018208
0.345101101362807 0.681161982937367 0.336313505079051 0.331350506637861 0.119869615714352 0.200384778959142 0.356377854919745 163564.615385338 124754.87717627 83611.2948929399 110585.883016156 0.330170612366441
0.358830487873416 0.876601640204629 0.929962655174323 0.4405882629961 0.104678717064159 0.283083804410046 0.468298649699361 127475.959132493 109213.067356514 76316.5987874744 44217.1540024574 0.186461790896168
-0.225187182866451 0.138870381441207 0.48026645464849 0.541638442107661 0.227928755582254 0.14957207602148 0.275578833551859 124247.963596468 71842.9231847818 114407.681725401 63466.1274368941 0.24298290913577
0.940280335808465 0.86516709097587 0.771667292526647 0.813200957177012 0.462720047025189 0.540000052876138 0.876785615451268 261889.097707058 173911.796476009 100022.839679405 261571.905753982 1.02589502089077
0.752399517234467 0.475685449312805 0.369909246976856 0.504475897179738 0.213936827674201 0.335450328342123 0.721621520107404 88141.2819532552 58088.7347227876 100937.58060288 106251.626472698 0.970907086787069
0.405407568909224 0.659154307233323 0.580587679772661 0.557963764374475 0.0680018806449193 0.247159624168713 0.431132445085914 118602.332635763 108865.830822283 85047.6717410095 66813.2407777726 0.201569836819835
0.340588954806694 0.956037197714377 1.05233482105344 0.400672645237634 0.115650211006714 0.140412049671496 0.295227156791588 110219.664061756 82001.1994946076 88463.8821257158 51894.988508531 0.0968761799849302
0.459063010480078 0.694552057406887 0.393422891106029 0.625309116025683 0.108967777360292 0.13141303741696 0.460353054330912 138635.073274245 104723.620236658 85470.164790648 125486.827983147 0.116790762619812
0.626284925815203 0.879106851402404 0.520104809956601 0.661570572795032 0.220380935257775 0.250326029379569 0.474661052473654 130121.497721178 76967.9322318101 110878.322797789 118774.122617459 1.07444086639256
0.674077511885986 0.550577990305776 0.256721049286109 0.552835409379038 0.240351324756697 0.359341733723001 0.577708703513061 158797.051885612 83325.7195726352 124621.090403288 153111.638428816 0.467915259650559
1.34383377586147 -0.70358957505856 1.19344472086854 1.35769391694437 -0.634233218904548 -0.127602007433265 1.11098070674522 149462.084535672 100148.223911975 97142.9608962886 218936.855560243 0.368091287348893
0.562477746608286 0.816908932488268 0.71121842413397 0.627571319999519 0.15009333318729 0.225049541239777 0.380600050628316 132737.725890312 105784.283861883 86252.5133080847 26049.7589999851 0.3189848056552
0.389376824216759 0.885637532078002 0.403032657707618 0.613319155769247 0.240510879758493 0.15562028568853 0.330493195430088 144119.161125351 103246.394107268 77376.8210235042 84785.3263055143 0.312314826976043
0.467432822835492 1.02222890738345 0.244791470146404 0.978964557485546 0.237534542689969 0.207313964993958 0.442924897474262 248799.705905624 125736.059217234 130565.843631125 84181.2417615909 0.291655487575039
1.44691495968506 -0.583461572928822 -0.640862301114735 1.24008769955186 -0.350273359126153 0.276462433525274 0.902553827625596 174932.791057384 120912.013202232 96534.1639042157 147070.826059927 0.564968133324109
0.476171743286074 0.678369768609127 0.406043467046814 0.634623939453428 0.26138010746159 0.109469330756364 0.470880809310714 140773.438242625 117375.69141073 84409.9731091036 70664.3134094387 0.358709494428812
0.333130190042088 0.706371924852162 0.35131278865454 0.620711566720806 0.0858206937685516 0.168327871126999 0.406204047091764 115883.177906706 111904.093062898 82276.4655886041 39712.7580292825 0.223555596821742
0.197870072359127 0.397131679770607 0.0333387438370059 0.178972663981307 0.0351414550606206 0.0480433866990135 0.193150104307243 72665.8431249223 65711.9487606648 72542.424075648 25622.3398060424 -0.0116097430442658
0.713091061666712 0.812434105114835 0.940549405204802 0.650815949488542 0.340700831654084 0.503039314169598 0.753367056930801 124777.407812395 100533.49028142 79085.5178944404 175858.953256115 0.814829578779466
0.318658900199678 0.941572609306246 0.10222951523401 0.93610994038003 0.12647154257872 0.0678475221819737 0.28313318528528 128461.390028147 110655.019357751 76122.1024365619 41015.6978480879 0.0914933211348705
0.675065075229794 0.734599814526689 0.724941704108988 0.602098135749306 0.28766333435032 0.568319738940138 0.679810904046623 145596.645935384 68852.7524922406 136105.358062487 152956.918269428 0.957115790448272
0.457811654616735 0.740075850121281 0.412522385829179 0.592772842458691 0.0972227924969963 0.216039239506276 0.544232373817406 129261.683025523 106499.078062027 78804.7873468538 61441.6668031183 0.487748165982792
0.710467618092348 0.777670022911991 0.577318761009729 0.552593067174903 0.314675879509717 0.371623531857805 0.880268450289657 207813.56442377 151632.01531809 89526.0412121796 172060.249976805 0.563628032623955
0.548634249399442 0.595414687701816 0.528148692021266 0.80990980101322 0.119696272765194 0.181937004803416 0.266936220641984 151873.601129201 86557.7450311809 81517.750819355 76294.288098598 0.124930204624463
0.517047358317392 0.325438391893711 0.279928075458387 0.343423774449461 0.143011887925227 0.574290557495812 0.424010861926175 60731.1219174967 48196.2106508835 83039.4289224033 76905.0563078539 0.627596166887574
0.361087617834151 0.649260717962626 0.295523815941404 0.405629077311807 0.0883504653782648 0.183353356482726 0.364892104351001 148121.691673872 112336.363412656 81223.3279917338 66405.1311771167 0.381581398226578
0.714771348090103 0.429420570571941 0.394658943281733 -0.142307155415112 0.15874482132598 0.141843149373105 0.368642053625186 61499.1752774147 47518.2289021038 83104.2820254463 83082.4659505927 0.89755644530953
0.587535578571199 0.678839463771619 0.523180868787499 0.512145350459674 0.222965746823765 0.159771426318796 0.428741369166288 130266.583752259 115117.156153643 71476.9024389113 57595.7375203042 0.191479635179795
0.6820829800892 0.551678412805255 0.49039502893101 0.538353934357903 0.253484804251839 0.348757547117132 0.786520725533925 177222.679404099 133123.105103221 87255.7562098527 141700.976788631 0.440055202286482
0.84745318827041 0.473039762425564 0.64541419221555 0.81188651034095 0.499346174331037 0.620398654327164 0.805551903349907 179858.601292319 62931.6638022461 188750.821625442 254000.490051409 1.10471413578207
0.325891827926585 0.800618410405513 0.983953690374618 0.387914514912724 0.0795721823822868 0.0738461454239672 0.24928532410722 78650.079491517 67779.4757232407 75880.9261296366 72435.0767550683 0.966112618177214
0.38789863081026 0.700828953446566 0.182634233160585 0.511573199265376 0.184064963155879 0.141334587526162 0.581645199727363 148348.977436685 125451.385832397 76949.805884224 88576.9110238019 0.13782104082391
0.345459607624077 0.969678011254792 0.17370871774417 0.473166366063375 0.211512664417903 0.146236632869438 0.596440379215071 124274.331046095 107517.794099688 79983.9533681668 63851.8652166593 0.310840530057384
0.333058444194785 0.839397354088429 0.394316499151947 0.655360758921344 0.121999689069232 0.147379935550535 0.316405295044586 156509.557270974 117229.153452072 85748.7798828703 64432.9972471021 0.417559937296527
0.676452660839558 0.346301468790175 0.541589443977565 0.477159600164841 0.149546680053899 0.209369708290618 0.464983700874438 102945.536741184 83395.3190147514 81085.1972028141 103168.860539117 1.02536131973015
0.241718697203841 0.957157863917643 0.7323586858585 0.405687097883927 0.100100678775363 0.575796941731651 0.320029847797989 98915.9792837433 73389.2156687313 91765.7435129848 61634.4439017804 0.978623878244992
0.448008200965983 0.75476002847944 0.410344608561956 0.641999018205299 0.136052681851132 0.14690823425381 0.456638011867734 105314.718612578 93566.2098438232 82430.8794737868 53354.6286016336 0.492703162756681
0.722062357498702 0.645043488470238 0.35989339983597 0.442322084743087 0.221132562163385 0.268437413138098 0.603620402150801 109855.872713353 88461.7802688256 81369.3082278369 69523.5433331513 0.219077414993309
0.388450700300306 0.936922484137784 0.124481407396893 0.922952262692452 0.136150403340813 0.119466612953965 0.329283500203221 123404.158875006 101504.992641563 79769.2287337474 46396.6286373125 0.237443791469661
0.361320603423091 0.415223646989647 0.199129462712777 0.279534384941519 0.505682620640165 0.0886769430940772 0.249397392350512 111220.141234473 87697.9398853744 79053.8527739637 108900.820987995 0.0670908985391326
0.45090263853173 0.902116037642054 0.249045353892744 0.49812337394585 0.153275475989149 0.247576058884949 0.440622007125666 114382.027766572 108178.938483749 80578.6029989045 113523.229829172 -0.0316622024647272
0.657240376290889 0.816251399236613 0.645369411375054 0.415331862864774 0.213354492552005 0.200250784735921 0.40309438565914 81282.4358164306 127759.559829987 78280.1030609319 78738.8132045798 0.399136062486095
0.692013586000751 0.93619410877739 0.717752146397523 0.702552833609175 0.0733127874185537 0.332919893336599 0.11796046801002 85249.8212130208 144407.782335077 98383.8837601414 109483.888001425 0.288994605735116
0.368501696370832 0.81621489034962 1.05196647114138 0.514588208095914 0.242589138758465 0.267576977743804 0.459261792466535 148162.325993085 152255.819958196 87055.8379482314 124608.794707341 0.582407505772987
0.331000782658546 0.328669456811756 0.0770969749486534 0.372781861237389 0.0903908703086374 0.100107304776466 0.300622908226256 128208.875675153 109393.360300828 76781.2579348309 45697.8139023045 0.123418931177486
0.386865535721463 0.744736296725897 0.743057954331912 0.559219002584878 0.23612214468608 0.200572304257106 0.363219640150181 149203.81594883 95992.9998699629 74908.456971582 110365.683434426 0.21549264589527
0.365608738829625 0.643068473911106 -0.0917860011092812 0.510472435124794 0.249255762483021 0.172980109711243 0.290641186391221 131117.56765613 112467.070413578 80927.5345200923 86913.9786559218 0.0389434055219761
0.470067653378288 0.7529310648297 0.453867959575609 0.763432221262515 0.147330085115913 0.147437030320886 0.555782476719862 90143.5565803472 110876.619634551 79439.898786415 44729.2857929114 0.529346390747849
0.415460374104604 0.923043373388515 0.537073350550585 0.563453743615588 0.125104070573641 0.134859620314674 0.439619517750043 148066.284110888 122172.264992599 83062.865191547 59227.4695771729 0.220045913966668
0.558083451500791 0.601702027888257 0.676421969003526 0.557047102126799 0.122819926424895 0.256980425454193 0.375784051069737 117387.350540482 114271.910002578 79687.8475729412 75429.0208889051 0.195127711147748
0.484893544206167 0.737753329873412 0.691323484475027 0.46547724555398 0.177577763568683 0.224810703709128 0.445052655985874 125775.310543758 123211.056797176 86243.5207147876 89309.571558261 0.346566536090552
0.42933657133743 0.751632767809474 0.474558625151893 0.615845555943314 0.134512536039775 0.257318738281985 0.312698972314765 116189.756704075 105517.41580734 83519.9373706455 98825.8602455399 0.512275434013672
0.405191483510249 0.764728532330463 0.45733771924863 0.46263955973769 0.150670656596218 0.123448554274751 0.447251037283748 139897.967453528 89136.1304176167 80829.3548207454 64814.7687531078 0.253820167578054
0.800437911176838 0.221873987593559 0.0253481850799596 0.843239476575723 0.283688025374856 1.15061857509337 0.864276612280152 177521.054468622 113218.779822107 102968.173422837 249521.899691205 1.26159691101315
0.406009569842538 0.829969427832922 0.399193384650081 0.526062867402127 0.167551658847008 0.143134464210456 0.277776538452731 161387.11090572 111892.050697485 83775.4613606537 96728.5451730459 0.467033518114771
0.968677666367307 0.543412039542576 0.531659021258368 0.757485406599697 0.502357918499952 0.444568381344314 0.751504098092355 246695.033319832 183116.243441669 88816.8746557838 63007.5244575626 1.41531116436609
0.377400176378386 0.955062075146869 0.471002315613886 0.595566471829778 0.199004071794489 0.172076405906161 0.342634137643831 141183.559972574 115694.136516226 81708.130054142 94219.20047148 0.469203442853258
0.349469771604555 0.775223700997039 0.41752977665233 0.561253181956045 0.228362506300266 0.135169851466706 0.440612611263941 89186.2376053348 87941.0574348394 78192.1986143009 46135.5926209899 0.308855775843692
0.449902639273081 0.946321999643692 0.681261124464024 0.685032122122636 0.137749406999768 0.195805154254524 0.321267009487699 155884.457993394 119461.304345676 77646.0235926297 80427.6023149165 0.413519741730148
0.496920783551069 0.817335423031848 0.373255578137934 0.630079830064275 0.0800752192933834 0.218830307282636 0.31825301994543 144843.145650384 99399.5104460635 80800.7773097222 76664.7491284665 0.511821965047691
0.457208854958986 0.899121104252506 0.335989607192419 0.580669191850873 0.174833673180255 0.0135842350759907 0.434916410194189 130978.907682318 113567.137183372 84141.74861081 53405.930510476 0.281534284115118
0.360868828060364 0.635441855056599 0.736075227708334 0.525597870141893 0.144310983751325 0.194120583974628 0.478694242420136 161837.55293987 108471.240484497 79577.8114592091 85468.7642900508 0.28118143807503
0.61989067269926 0.432483678463815 -0.168662225404476 0.603312478872266 0.0307434750146305 -0.105580730028439 0.552691294764871 109912.618233874 84133.072732139 82527.6437431438 59426.801476665 0.253109948465557
0.497385812609089 0.802502810407385 0.341161144858819 0.541228488942931 0.140321105676964 0.209348397248385 0.313504775002259 132139.912961424 119680.301385013 83998.3299998652 61089.0161730005 0.316234802193237
0.544740414234677 0.820605934609271 0.38276950006123 0.548500148139029 0.157934512721082 0.235611529574461 0.275695510837373 128085.731953345 107350.951876338 84312.4470411535 54035.2855735238 0.300834961786239
0.389666702004209 0.928195308039315 0.482098615552147 0.660591129539948 0.128926378897062 0.176792456019142 0.339706917285611 170197.261979825 96593.8389239477 83706.486259855 64560.5571038487 0.252032030604498
0.62185675211619 0.552844818429019 0.552889265574427 0.375177568851683 0.195618402238108 0.120767902819345 0.417852158816503 84691.5812924052 88118.4436837943 76630.7736625652 134811.692175926 0.180803322875975
0.485172245126581 0.900056115504798 0.957991739950492 0.538441516757072 0.130212940004796 0.121317100934488 0.420785319947909 142456.070537615 109857.058006792 79974.7332230472 73639.0269650516 0.480308048281698
0.414818672065115 0.865205010806251 0.196801685505065 0.472613542020177 0.180856815914809 0.195307217082854 0.281537016074779 154158.302444139 96017.0964923332 77819.4102418128 65656.0588177132 0.259454490088523
0.579933098224149 0.645085802050864 0.580306262038766 0.549859343356908 0.154134478838931 0.13135213209777 0.384608073891947 127422.749308856 112603.164757045 80634.7932962947 47600.4381639304 0.096800997968026
0.461512297828473 1.04028291688581 0.695848820749296 0.836141783929528 0.217859431408796 0.218459661597558 0.430885131593357 214594.056876634 161492.201852519 86905.7560226714 81188.2246861695 0.268790591360533
0.351995151638722 0.887944361096644 0.410838040179174 0.587722565495431 0.224393926343567 0.14965347428302 0.400568823748936 147911.182525259 103642.264371558 82503.9789268771 61563.0231308516 0.532988741727303
0.419775999902425 0.832723496609558 0.418306240959468 0.570637940583633 0.229176570422901 0.0964522159815525 0.414711934068601 164749.945391408 104612.21021182 79829.4119071849 58456.78959653 0.0535536640743967
0.437094246339154 0.839077048167532 0.216242769676984 0.50055224916874 0.105280738098542 0.166773155409061 0.395882018723554 148062.694972158 109804.583826768 83275.1959332244 58403.5610716368 0.206470953618154
0.457941822462329 0.92036402929664 0.513197869707993 0.447951840922057 0.0851418788533107 0.337566119567609 0.531001466006825 196421.7071981 120532.758400572 72658.9610157915 146855.401731056 0.342996233112609
0.759780841527287 1.01547510990755 0.992723857719568 0.888426521906977 0.478997134988442 0.27512591940558 0.898661613714839 142279.271761906 113479.565660197 82043.377131908 44420.4716400701 0.165185310604381
0.402499278206964 0.858446392519935 0.450942348325271 0.490770440557093 0.0792583041217579 0.261365889785116 0.597671075395053 141892.859797748 96831.0119749006 81780.4347612343 60618.3981983088 0.317427214294342
0.482228833828106 0.498360678845337 0.95882459993924 0.115312759321879 0.29298313706166 -0.000612037978341962 0.544304280265517 131112.435728828 85216.3815975178 101838.901765007 -103178.49273823 1.22478020636887
0.359064304111012 0.739468884147923 0.548272171228897 0.582016300118986 0.197027644038828 0.11151489079648 0.515444469388437 132116.652781671 114738.148453719 84436.1415479396 91744.1651706323 0.368410908875391
0.678695661553299 0.60202749186467 0.413251263549649 0.560529136730356 0.269377913501128 0.391482621910713 0.675395717782815 141105.603945102 97172.4809105735 95018.2188364414 167130.284202749 0.472703003641191
0.788017370423161 0.873629674597888 -0.0397974989309133 0.819459713748304 0.897165043951489 0.345575700902007 0.82235831556521 182931.67122923 122640.160144638 96721.7954226781 99446.81038289 0.942519586482441
1.23428216907916 0.545192625216016 0.290735021166191 0.770674290594164 0.29154086322009 0.374753682595761 0.678403041769248 181680.070981019 131758.508459904 90416.5604680926 164588.748450219 0.482539317426014
0.469425053582476 0.934757020875509 0.561556114786676 0.424300770716742 0.107529624016529 0.131210153334229 0.427523001723349 115021.289086705 97114.739682458 84936.4997121438 41190.0533077046 0.163467149803593
0.334751423625416 0.569388523843108 0.686145062732725 0.646264969231557 0.278924560925262 0.200781175543421 0.429744253644967 137296.817178377 111043.077779605 85060.3158262199 71498.5110533949 0.296609782949222
0.505729494219246 0.839535045839835 0.393244666188645 0.526523239895602 0.125709812419727 0.223262204066823 0.43438992783046 115113.475071013 112440.274488711 78778.0249998732 42440.6067344221 0.148124753266929
0.414911982176515 0.811074737461391 0.522978270706863 0.613318166402057 0.125151140379613 0.152559905864805 0.339435497532773 160781.927490731 113238.673727872 75571.5535330675 67290.1160669279 0.25015669010585
0.771870827257934 0.591431248331089 0.440946731772768 0.647942226757929 0.329203014694231 0.487987668475533 0.77524139111379 146675.076740523 98457.4444741135 97655.6468949232 174735.591688366 0.966060018610949
0.892692717259167 0.809178767200252 0.635682744797753 0.727372371642965 0.364213244630766 0.402515403554465 0.656597801241746 191029.298642409 94515.2081822953 134602.311202806 190296.745085896 1.16442196197119
0.372544241716428 0.96058067097848 1.05508097477012 0.450944511034111 0.135168842341211 0.15754334963566 0.349802892134595 125261.250291412 102972.747145355 79757.279694594 51344.1326611303 0.209584196789763
0.459998612254267 0.684255274117198 0.429342458568594 0.573266152994938 0.263804777713639 0.156296716995583 0.525617314565062 160770.273006325 114933.615813297 84295.9829469313 92023.5206697261 0.543492817348279
0.44041294380181 0.891325370732728 0.572543351569338 0.555831959429765 0.115028499114375 0.225463120986108 0.356659932655223 133116.263350593 112473.391834394 87029.2555025396 55642.9746380682 0.145098915160715
0.439298611209272 0.758749821054037 0.482288620426823 0.649458340208815 0.076623782067747 0.145352679161578 0.428567600990214 162133.067383406 112299.362352802 80942.5650356634 54503.2408102836 0.348402693535866
0.647412727894394 0.979204590480107 0.32851439830932 0.958997064522412 0.284626968841685 0.310453007160337 0.557661115268803 207826.876245212 130828.10827553 104882.384128067 139834.610884024 0.789507378361525
0.342023532097999 0.812675903585521 0.464481052727398 0.565271709191549 0.171226302242969 0.196976265815509 0.320024987058035 158639.317996577 118661.495313802 80134.2737942081 17095.3558165435 0.526781923438175
0.463828762990858 0.744083408302326 0.229637245729308 0.520524944495999 0.195992106712637 0.236291484089491 0.413840672504992 94056.0320908275 121783.869072895 75714.3770872796 90050.4507337014 0.302331934092835
0.505398624716555 0.792081237290157 0.494896575214439 0.524704969598488 0.126391183788049 0.176210222922519 0.423616851468022 127555.226346 122476.382777918 82818.6633083299 72456.6674128452 0.210295025886796
0.425700774038294 0.777263599770733 0.808189600516469 0.366233523321292 0.16850964284813 0.0538241839606006 0.319172236866478 128724.810052624 114654.525677712 69678.0198843654 61146.6869628621 0.209896204878497
0.403327669738508 0.865219525931391 0.573771466769091 0.459465826631299 0.143079222173928 0.221718922783825 0.4186639683232 115242.020998904 118584.958029066 77229.5144107285 97098.320266444 0.291369982432527
0.457504782972395 0.718911098299357 0.250759298463946 0.465143659485578 0.152744328422566 0.28980112470864 0.331852678696102 113384.198221099 116550.367584395 83869.2120525131 76649.3366661977 0.411678097929702
0.494325748709258 0.693549224756046 0.101300039641563 0.604191612984712 0.191130779026807 0.16938347596598 0.431074217756553 161232.833241685 130603.044411429 87642.7522818169 102339.748966887 0.461475771832656
0.480854891208828 0.584080053095478 0.442941074074167 0.623247789018162 0.181002887057009 0.358814051205918 0.417363492423229 115627.121316166 111342.308103069 81520.8837816196 95033.584069544 0.251338628753992
0.685425085879521 0.362098135624353 0.321720402822333 0.434010756169711 0.117111214244525 0.180495260595352 0.398088635550605 55837.0392621917 45710.2817393501 79834.8441468996 64502.0405712905 0.861244853478122
0.288557705192687 0.881980156728342 1.04091276525129 0.376627349878735 0.0767039426844104 -0.0132149806977164 0.246978360386397 86649.7934000919 76018.6470785345 74728.4389117857 38590.1868867756 0.921154112663701
0.662924365078025 1.43602387507374 0.874217313866095 1.00513531501781 0.835031171095315 0.89164992344608 0.457075135300495 58864.7867858428 50762.7861620737 73454.7022081783 19745.8955830916 -0.223998041935278
0.4176121284709 0.684163124587749 0.180816220817341 0.541868997224152 0.154072722127449 0.136313947006693 0.416858923524541 142898.77140307 97706.9411227162 84201.1424502097 60827.5448490147 0.312280354836725
0.42706243044546 0.675082650970922 0.625574663352675 0.356847596937682 0.0949369963986517 0.193096943797268 0.511332680837755 130545.389773964 108743.873042339 77514.0680023675 43082.766843592 -0.0125353991609664
0.284724366211566 0.808916341807892 0.986172928236807 0.129267556802298 0.0799248688922425 -0.023649805433814 0.23811391262516 84853.4406948388 74810.1272507467 74093.700524595 52737.4349327363 0.795437974959957
1.47567175443711 -0.881354792444231 0.704910737144019 1.41435414792783 -0.516676846621247 0.485637888998824 1.14887442746104 260826.827383935 183760.292373348 94532.8781071772 256951.790731134 0.799293198048103
0.348015993923011 0.798465960670366 0.120996719841378 0.553738837713418 0.0767427222415477 0.0459956326608751 0.244155668396235 82009.8344179393 70739.5091679599 75966.8606726319 59444.4526924199 0.928074177669573
0.413094230781286 0.706090644014128 0.145627385388495 0.610617351066837 0.24314097768616 0.258858222697749 0.333827435006089 122066.681740804 119982.698409424 77365.2363929028 113735.935336195 0.53245434731457
0.585150274645184 0.756218129263167 0.25973810696356 0.635805509946528 0.194771815029173 0.203483876794848 0.51136007410598 169892.752146332 114393.932125847 85821.7267261444 90705.5965146805 0.342387944770093
0.644938050464547 0.78518716324292 0.352962481174637 0.539879700058984 0.165991017217768 0.116366357821366 0.383472224335835 122715.149112047 110011.504312689 80336.2482041508 90592.6045048267 0.292481196651624
0.524978822172995 0.518006748723954 0.678613331421396 0.426343537855984 0.193331544227139 0.163051571312393 0.409126165423451 163388.935843046 120912.487456862 88430.570914269 99257.0610283283 0.249565523214721
0.555007758943336 0.736220244659561 0.699230088055728 0.385935802740795 0.0244004598394979 0.26950664688974 0.0772651955376924 154429.656000201 90544.4055150804 81472.5713175031 -8792.15027348691 0.380408263656778
0.441920131494296 0.74980295971912 0.223288020315541 0.61484913864326 0.128068546421364 0.205624474910506 0.345290379066036 138728.460430427 106553.60509667 74297.3560415449 72556.9339771232 0.3046791560548
0.591444606028672 0.400260955178836 0.10120149375558 0.439730288054208 0.0630416957277311 0.0885831059520645 0.553482657398306 141045.958034928 120812.824635741 83844.6611624669 25135.1150133872 0.176592406034929
0.640352547382061 0.843647411008009 0.433946221961527 0.451596675183565 0.163490530413025 0.198756208924152 0.482005317529355 141632.294374264 95578.8786217003 78689.8397347826 101718.283230659 0.503435312325189
0.362851094333681 0.7063531368331 0.600462417849078 0.714741608499095 0.133278870797883 0.183675559127994 0.388888444813 121058.871290704 105419.641131868 80664.3006944361 103908.542412762 0.416465345775021
0.40895036231064 0.693356432260207 0.254561724783669 0.487771171611258 0.0604737200523329 0.253759241027663 0.577497990941125 116912.989038032 115947.54773726 77277.9333247723 99922.5501068184 0.254121221953282
0.454344491479494 0.824094402822742 0.394946836657388 0.604833183843359 0.235476847212931 0.142466123512558 0.563608553060848 88596.0139404905 104081.686121032 85879.2029883561 70931.5978009232 0.416460413650573
0.814439685428257 0.912193388849039 0.129719753924643 0.868319185701844 0.961737124693987 0.227413416020346 0.749482443423531 128439.208093926 109958.411330473 76539.9816048807 45187.3238620858 0.091700506760944
0.306851496858194 0.663015164337664 0.436630007263801 0.622893176793155 0.159522029246121 0.212685731693518 0.407901162263703 121000.320209441 102933.340898739 77994.7561906783 58378.0726126495 0.171183631462287
0.549384339474383 0.855881031629301 0.383790449121463 0.566303178307601 0.242333336873198 0.0580368859309925 0.320561190090144 126657.214836263 103956.016573142 80270.7805925993 77321.9118536413 0.245895026453583
0.801142991184085 0.721389952408005 0.690119786106755 0.646347085890921 0.353328822992787 0.432871972853462 0.870639638742832 213468.954810957 121313.718091722 115502.910643396 191905.719696464 0.804576991933455
0.412966082966108 0.778111980324796 0.658604453071992 0.646701766456382 0.206348128291513 0.149171397552526 0.386503275490509 137639.096926895 111906.072024342 83758.6739045594 89835.0384379887 0.497728185662436
0.633958310050761 0.818446759534071 0.319958116477293 0.46218436341678 0.229358409866293 0.0760927766684696 0.402357612326936 142812.311491186 118499.883190148 89337.7919156961 63699.6818401707 0.0949350207019089
0.421546936357398 0.766622182108683 0.783817470573735 0.648825572719446 0.268308331596302 0.166671903559112 0.584760296187429 134093.778776105 127608.572426366 81058.7873489823 47620.96387094 0.368065565607722
0.604770287411568 0.90115439214738 0.882882287870615 0.740538121536226 0.361282860293709 1.22311518076309 0.61829725615561 233584.175802757 151251.768100232 99758.1711920752 198537.819674439 1.20537125778638
0.489990249523462 0.574584010949044 0.459018471524547 0.575991953309447 0.24089363124983 0.275045322922584 0.497565434726203 189561.432860188 145576.106777856 85257.8110766155 100557.555675701 0.374259829889837
0.455745645376664 0.684379850304183 0.427931883859301 0.528795989218252 0.198141931955689 0.211645776319222 0.461568764620479 98121.3811145376 94276.8545567116 80097.1504904434 83097.1422834821 0.203707183765262
0.456679965768682 0.747154483715929 0.281172085354852 0.396218151646839 0.313861348001444 0.239419030240946 0.450903233178541 150771.346084901 100876.930192245 75010.9569969679 110900.742920733 0.101334703787188
0.464314406750044 0.513790074672853 0.612007807785508 0.674677727999382 0.197695285813013 0.122239012677087 0.523450827722445 130474.346245165 96949.5551383407 79298.1273292858 116639.678215974 0.446456984555642
0.319432436975921 0.878345044460816 0.494885230808765 0.551046341393079 0.133294233598095 0.270224072005475 0.460524625452379 135963.612931566 108474.125688545 81264.3729774278 86726.0395526574 0.326025907032555
0.487057724352902 0.604473414571914 0.472672694428181 0.650045024141461 0.166352474451409 0.251091479982154 0.421649851224532 145475.830688534 116498.979926091 83618.6153724257 85082.6748018785 0.135752096719163
0.530120560487701 0.748740305577831 0.645544965490123 0.661413735332258 0.113960664478484 0.187167809684455 0.516461730983444 168749.885632917 89746.690382475 81406.1664151357 122916.093774415 0.597515880706172
0.737984125368662 0.603616868207112 0.424204989190307 0.639230420123856 0.34129644832624 0.435849114242618 0.797706608880163 215362.272842067 150126.452060965 94051.6139920824 193798.178225017 0.588818115704203
0.560131680312916 1.3667694765346 1.06203810821469 1.030729381915 1.11649059352672 1.10811563253498 0.776594490203758 164154.820607889 127998.722326023 85412.187246281 133969.173736386 0.298637749005424
0.560338360832993 0.582026104579129 0.605423759939024 0.712016822232308 0.12162186609336 0.273630901172095 0.404928750131198 138672.775591044 97398.4530325898 74244.2138513059 99808.7742980005 0.254686400141274
0.483036033116299 0.652650122004636 0.377231250302475 0.762294306621512 0.128346113280686 0.222705504387977 0.509080612832172 173796.224573662 118926.661162327 83636.5633925352 65899.3215350859 0.365001415420451
0.431072253821342 0.720388759513884 0.348900788574876 0.497144164688316 0.254182516355452 0.084857902224027 0.392964578354219 156521.271543134 105444.692892014 70502.6895845796 5501.69258835903 0.307671438352761
0.399382089163554 0.715695116035929 0.0188819126765621 0.296110353919848 0.240941573672304 0.136993007474804 0.32387472649254 187404.006587104 113794.202215424 88381.8466712353 79860.272227373 0.0998450141866533
0.286245360329872 0.783505649032836 0.433920078259602 0.582566236096812 0.138386119004721 0.197143791935436 0.473737826569974 144463.5832048 109829.567901645 71618.3033503165 52620.6725777173 0.258522993388089
0.332980539322702 0.93475752202408 0.275869996664517 0.349038457939871 0.152418528319468 0.062922202886614 0.391791856046561 137037.143945173 118791.81333487 81507.4988579679 72789.7272055512 0.425176609005351
0.478920004773204 0.723800066196288 0.135199978880959 0.4763489144865 0.0704424075660252 0.153693025685063 0.338184658124634 128918.895106615 106191.301474521 80799.0532064946 88035.7890899752 0.515335999128675
0.201847451338752 0.850185002487925 0.275196134676114 0.64381470148483 0.249292421447913 0.0539025572751422 0.524568371984083 145573.979955374 115556.208481199 87666.4793882375 80484.0150600399 0.371348628854966
0.377878052197048 0.799030436489607 0.0870604654370827 0.549503987841821 0.138694006942474 0.219074392619696 0.458334662533455 141988.183601031 124877.989717785 75631.7014531061 70154.2786207977 0.191955130754094
0.380524719861962 1.06359727835948 0.426478759245698 0.539313654769105 0.154367000945542 0.218077231124641 0.492838811025916 137360.211635381 148461.804029352 79297.736636439 104622.326477849 0.255248712125562
0.258938101076905 0.84548466357765 0.0860806077162446 0.700320241638222 0.0643393628917503 0.0711311511188527 0.23358357495665 72767.7125092799 64903.4615762987 73465.1904018648 30588.0166993428 0.186334977656405
0.629735450788039 0.841458889071412 0.323899150150397 0.628567940896597 0.270307628901847 0.151448543212115 0.260398331929102 101322.498046383 105146.698722357 82334.7493752695 82448.8440058801 0.304962441787144
0.558016137566479 0.554598272699713 0.154039933758307 0.51160619610812 0.128580092910393 0.163536846501738 0.373315245680202 126942.984720527 102036.568889851 81299.1214200635 75354.0119139981 0.458229043255404
0.471022147651799 0.972627093317266 0.308335427311693 0.743401024881697 0.140428270829936 0.158779251968004 0.345503793810916 141948.385142769 108590.34749184 83946.3112690201 86414.752227887 0.382565653666512
0.693295205838907 0.948954008295656 0.599441465508819 0.442857508661139 0.0868701871826984 -0.0224981036474291 0.498840140350762 147519.388591232 98641.8472630379 81157.3075795543 54532.5194203121 0.584334804439595
0.47023910773594 0.793932764502957 0.511693114862654 0.545892644788924 0.159019925043782 0.255377791108779 0.396400121063658 109894.67959457 95949.2958631793 80531.8206953632 43668.8369761956 0.489472811196833
0.367055087140332 0.739430771664972 0.736305931002244 0.539208345671841 0.156328219611393 0.145056409268411 0.372046315658385 148565.490664771 114974.58884654 89093.3902050326 90151.5834287245 0.354927720486755
0.706593939837525 0.963734516179229 1.0295275619006 0.638502194499865 0.35178457863881 0.412339808453473 0.695452602000449 258949.772365361 183782.898758604 92856.2065236819 192684.735514724 0.553068067841597
0.416822851123469 0.699433409239215 0.487177357605891 0.582672265595412 0.310721694557092 0.121178612143389 0.427168754604034 138843.531956848 107987.358377917 75656.8850196073 32722.5857074032 0.268391008781923
0.318018808601346 0.789482753610622 0.579368894501402 0.451541457263657 0.0717072441109981 0.186643705014161 0.217227278348157 133076.458723988 117920.718858037 81959.7422770354 90813.6295156804 0.286679511112848
0.572805743191953 0.504239935395087 0.547770817738133 0.479964734639032 0.0545398918181022 0.156752267735044 0.371556169901744 135095.606851926 123471.078949026 82294.4237889873 118961.777881096 0.0441811610291776
1.47493245805022 0.170265556916035 -0.581163008754106 1.18017481964232 0.294043736719072 0.524104040244598 0.847120746732458 222266.319220327 137895.244352381 101923.984552907 262405.025372528 0.705342905767976
0.342876131393717 0.261873348909936 0.138525689543324 0.296815748623526 0.0640305277292042 0.0638596124396192 0.263487630230472 85962.2930976374 74012.8677577306 76008.6288058203 66187.6859707174 0.940784898122466
0.391942060025408 0.522402401104739 0.296137049818515 0.634320251569158 0.15037389625183 0.155568297441681 0.29426699146865 122874.282697163 100104.109064889 81210.5018435157 54475.8768128572 0.434598999636051
0.32610336510376 0.846382991361982 0.65898543245257 0.743288412482948 0.178516313230127 0.167495624129615 0.401974233046015 159778.098608267 112738.719083634 79865.5848498172 50138.1596998971 0.416654781912344
0.397014722352538 0.744842799054617 0.439219186872361 0.522020596780559 0.152385803613264 0.100705701370501 0.446073232093838 129421.751511876 113206.770683429 82913.1585569727 92179.1244222648 0.383138336709068
0.460942103776032 0.628004601001645 0.689907518563196 0.544374306330501 0.00487857680733573 -0.04789074638062 0.48132701591238 163821.133785392 108949.969651858 78466.517401387 23218.9446267874 0.271830674630376
0.382190720044848 0.88114573537049 0.196447990286554 0.520529722405076 0.0276240275904198 0.0780854861454966 0.412026982917407 130001.585234896 102350.908576036 81881.7538254246 66376.1994554484 0.314859344601667
0.403503739042879 0.601234165772943 0.231063272911873 0.655927890025685 0.25471059773959 0.184296109340104 0.263042255151717 139952.374417291 102247.376004635 79927.1435722463 123620.873997504 0.18753711714554
0.34921657792857 0.760769205354432 0.542728514599994 0.626614391821882 0.100786161012569 0.252688123546643 0.453751615144957 168013.07441973 98922.2963986801 82758.3701587635 84262.9200127106 0.031026402045991
0.455363085464431 0.672122534483958 0.53578977817017 0.614680697125374 0.207228713888763 0.181824423732761 0.408679383225568 165889.99568484 104651.369717798 81484.9119176547 86283.9996852379 0.654960757324281
0.662661130643493 0.669694000705107 0.531203256939483 0.364343993642493 0.160747753090336 0.148418331771051 0.255671895743425 132141.756422685 120349.688638849 83565.5792917617 53545.6727313526 0.420804920013211
0.316433272454097 0.947507969902003 0.0922318363564359 0.48843773977696 0.102120619082388 0.102045613150474 0.291480923118199 130693.4344239 112660.514963911 76052.0139315659 41049.7551368138 0.104323281371161
0.668328768774969 0.592255424442369 0.397656654538972 0.566917298067849 0.287464075732972 0.377784149156326 0.646506235016042 190530.031754827 140457.377543992 88913.0077322415 155836.462343624 0.489140283488633
0.376729850097248 0.667481798494669 0.286332531316637 0.643347221397184 0.0893815261388872 0.122932789247133 0.375046636666097 144069.704186395 113408.162634043 82244.5717508632 83152.6758921241 0.154317426630628
0.491658663941838 0.795605344982429 0.318385017552349 0.537988852395524 0.192466716133703 0.0433245744233062 0.390829613559728 163356.210861049 116206.331097656 81798.5931968474 89524.7188117669 0.270172060490086
0.430810202107517 0.994685892576862 0.530376753046116 0.68488445923952 0.182778619434228 0.200503529309888 0.365945263510364 138600.145521747 110605.674635884 73247.3038272813 54132.1527945704 0.411440669365254
0.444620106295397 0.779249233576283 0.250959496476595 0.612084478044195 0.214095521660135 0.200820872711669 0.475703006351556 124479.170712358 106508.144292747 85498.1346624806 95548.1600248473 0.0923014383270659
0.405081325625445 0.889582785507722 0.419004373455008 0.576972724719009 0.180432540692142 0.262926681928272 0.390630221893804 133117.195100083 109769.621241935 79042.3641656026 105597.242424647 0.176326111958243
0.404377305475402 0.665456424200291 0.132954379343381 0.698679387797815 0.130570587139262 0.111511579147631 0.580772367600195 118011.516200674 128556.613683049 80851.373891662 44599.2814813363 0.184229115716436
0.645867400923319 0.568386600088984 0.357201897219932 0.530596886201555 0.233137331213305 0.410282639799605 0.686133022880048 87018.4329551879 59981.712288803 95576.3646577541 125239.044737856 0.780080571492958
0.489193046627272 0.775872007653827 0.51176202201294 0.528438832905648 0.260442945217145 0.228291002747687 0.194862924396307 128856.468283825 115950.362904524 81838.1995532007 72602.6897938658 0.323665738135323
0.544127780795606 0.636868551117989 0.54046224233421 0.43390587918165 0.195334461942996 -0.0129782900009772 0.411925800448637 119219.918528099 101829.242843799 78506.0093761065 105673.73765002 0.142956802913017
0.376795186913865 0.830075171939881 0.27975910269744 0.590146878836358 0.230511541743936 0.184817821817592 0.37356602474569 137720.958183065 96868.256629425 86127.0840210106 89959.3875351204 0.201843112147689
0.395592302974629 0.851029699516352 0.346585909456312 0.530206172510128 0.186095601680644 0.190614417134472 0.43426488256486 106391.869290439 106647.44802047 81664.6899283662 81559.9793727824 0.116855593281116
0.157819419301836 0.634400917315658 0.88302620796264 0.388563531538786 0.289117851426533 0.239074092247329 0.437224629734696 121145.630717626 82800.8493078471 84437.8266306122 48483.0241371692 -0.395439354302727
0.248198991305718 0.602444871124016 0.658788636315833 0.491913101427341 0.210064835945741 0.284007127184797 0.529299538775371 151875.150132985 121712.344317761 81231.4648002142 67285.3885063314 0.508907515915074
0.423664915419319 0.80923082526363 0.749061011706126 0.310763325889727 0.130545035973653 -0.00852305892686375 0.371352575626828 131956.580503102 123832.346902227 82295.5220536213 29595.2333517202 0.2354481331573
0.475122362520462 0.93082098133136 0.42205073029726 0.413304340604956 0.11547944805752 0.213067197631731 0.530781157892927 137212.519968654 157919.621016943 87594.7406654356 91721.9516503558 0.110058908507499
0.515435941260115 0.949072568328195 0.238734960336022 0.365064802248201 0.0830154929754061 0.102852546327055 0.494533039630201 115044.291843567 132695.994347341 73271.9979449835 38662.0708891274 0.369397201285102
0.722360101623508 0.857950385663805 0.82099836120283 0.652328337394914 0.354298597155484 0.427156986167331 0.730943934612606 261891.920503214 149213.916096301 116079.21598628 204256.591391541 0.566556400376684
0.382823894062816 0.594364006643014 0.256977693297352 0.546889000567563 0.16991249678863 0.220476972173638 0.368439107424722 129416.934646431 97199.2898812087 87297.8500479768 57678.0944675252 0.226393018287187
0.573086696583448 0.877156136656438 0.727431287013502 0.476599069446941 0.0978892514969407 0.0968134545330139 0.58527489463274 181363.470367832 113753.035931149 80647.5349092059 62110.4279549425 0.381642117751625
0.44690652203476 0.807440462140555 0.351163157125522 0.490890372076797 0.13385570430606 0.141413005074706 0.421803523922577 180313.121044767 119372.933507422 85624.7193301556 114660.462197291 0.401943919829676
0.358521282425055 0.614806497356245 0.236326319467626 0.574335354116396 0.186731877798123 0.254971726426715 0.435292510362498 172338.916914299 113692.887660162 86552.6591623941 92604.3530778136 -0.0153602607374685
0.454175680296061 0.665641390906556 0.200057396394802 0.697612281461531 0.158320413530205 0.284483486050702 0.362109578356415 133686.287516178 113815.915483441 75716.0437910416 84587.060102762 0.315971904443031
0.395190700616522 0.87790884705353 0.629846310311758 0.560802288197465 0.193148270008438 0.18296616471972 0.347637880146727 153302.727625938 117329.597402321 85755.7995313978 97125.2131935405 0.3891490011746
0.544931888438209 0.831881190900242 0.525704356508501 0.689330060385645 0.176282462504532 0.200820490716496 0.437672843730755 148443.290638968 114935.513085878 85228.3633631592 112648.165231787 0.26134256692431
0.491281091101356 0.747371985306326 0.601936148942647 0.651115087079414 0.116498763020786 0.176344111699119 0.345684738789852 143428.627118402 106202.717315628 81483.7218278285 76048.4537771493 0.351338631939036
0.311827205943247 0.951388327748232 1.02799958764182 0.400577140217439 0.104756100352745 0.0843888916187017 0.276545909271722 125173.526363516 107462.352530002 76354.731066639 36905.7038792747 0.0300155230008334
0.267927143140027 0.771327344193517 0.358775118047897 0.468037117284813 0.226995931154202 0.119171787986658 0.29294846994032 124677.945589683 113408.925852861 76985.5296943152 94961.8813526521 0.00570361617726541
0.38634769637073 0.821478974335599 0.651503689051494 0.608060243680171 0.125026649416024 0.203034871357812 0.428315168950345 120100.010267735 116660.24706651 70012.8023757673 49105.399790429 0.175911510421244
0.508703732363127 0.718787233522491 0.412489831905435 0.613047728184394 0.214551474292301 0.151264325874925 0.399594030889893 132467.751494486 108030.678343521 80464.0769521464 103816.900214906 0.326570954682523
0.326824691093881 0.944454751394896 1.02018862303497 0.204256702462907 0.114477792272592 0.0812936622143118 0.256168994893234 115451.586158563 96294.339843794 78788.1956061499 35311.2245707452 0.0160609087408186
0.475687257132937 0.859958913337014 0.691626074089482 0.679236979552334 0.19073104635692 0.119160649863139 0.305818252744574 118635.036106177 106864.766043063 85636.3020748738 83585.4211983883 0.412152148645495
0.461548307702137 0.5099809700655 0.584743867226515 0.528356843728469 0.106500793072189 0.146308724174395 0.397816434465902 174057.168747956 109665.777112284 85710.6866414337 57397.2390134514 0.740969429066712
0.736680996764231 0.554739489613981 0.563514410559483 0.618691835220833 0.334636340969971 0.624371344012608 0.724313114557973 205282.092479938 145836.925568737 92178.6496337553 164947.858883413 0.558724523824206
0.658056225341374 0.852992250393019 0.410300290251159 0.532924112499647 0.101513421615439 0.157541567982871 0.356124296660612 136437.629048284 87121.908500889 63000.8421769416 94889.9477761655 0.024179038977058
0.611424294430346 0.786164767758191 0.68678303606881 0.657803983677678 0.192653710011339 0.226903136512814 0.427724535282836 156679.137284918 103528.489116635 77496.0725718155 47633.7815732538 0.338136147753389
0.446438583862253 0.793412349259824 0.574347472949122 0.4820121081419 0.126029828187023 0.114841326017626 0.373438941300115 138935.049887287 111020.774096318 79063.8691842028 102166.412404243 0.159805257633152
0.293240206534243 0.68000771765218 0.495597903011253 0.531303370161578 0.14670800882362 0.232071797992823 0.36936203496873 120164.883903017 106007.138703721 75405.5266415409 115150.107217439 0.0323271820532265
0.403266014921218 0.690460021687536 0.413004312262734 0.448753563435185 0.146518393124025 0.27360128471151 0.402433225864197 128501.975440993 105135.458243235 79952.3939301477 114138.541130314 0.136842249559571
0.331201609466177 0.886652740513159 -0.148124539710707 0.854016541566597 0.207820444606244 0.0851675909520704 0.27901777946909 135642.079807286 111927.898996555 82605.6044026707 242778.096901065 0.128617942501141
0.0972793693392446 0.0675086566273396 -0.0516370742840938 -0.233362423908458 -0.0169212109371609 -0.0573862202786985 -0.129107795768732 42468.9508974603 42280.835876767 69407.7697557217 187182.365326381 -0.0340723746250981
0.477419649640396 0.542115844396707 0.320984794543167 0.487025456901789 0.0822479440065829 0.176005919296056 0.329593476110778 155854.13313658 101965.314699592 88172.3812501355 76477.4043923613 0.276337934860474
0.414594905042071 0.457736192672628 0.11727616497581 0.277617193321072 0.0729381182770412 0.075120089755565 0.235313760014365 72202.8072569307 63339.4302374159 74490.2125936532 30684.9902991559 0.159633426308599
0.463173922775862 0.779541054183133 0.576635204750072 0.723811046305771 0.107505806341678 0.144218297012548 0.309088041001033 136534.224036587 95787.7496762963 82479.360978842 66001.3547376932 0.215954144571939
0.497687298657739 0.645710488829751 0.133264566319609 0.618999467011309 0.123330318249711 0.0706950799393479 0.392052631856562 127654.271706773 103695.284526776 78437.7882659289 93575.4218058292 0.389898902137703
0.419497699748451 0.802455022305985 0.750496222473479 0.515684796840754 0.184439435286348 0.131568972971628 0.310113644725351 184734.830885386 116177.709024017 84102.0435860094 62837.8097081624 0.222903980367199
0.939582339292951 0.99256390649082 0.530778808620047 0.892483478226852 1.09843226323745 0.440122283696841 1.04515345299454 239003.65742679 133793.13243215 119308.777752911 157228.153460497 0.47397579281641
0.45777759093387 0.765721471336403 0.395037016542795 0.535795734615468 0.184313310910699 0.198770436946364 0.430182442630339 149290.284341418 116903.179858153 77473.5174658575 60603.0324717621 0.373041081807589
0.673179998252673 0.982228682543068 0.465027252760324 0.932310483408837 0.35814360505884 0.398970322038266 0.674147966683648 261474.648764413 160883.144814551 108865.000529293 191748.054259002 0.546009113899564
0.50237136528587 0.608881229915083 0.293044482215122 0.477920697181484 0.202222544845441 0.126572954478567 0.529190260684341 134834.089091315 120937.319270408 87259.814229215 55401.3390938876 0.032838599308899
0.455321970866029 0.717838662569371 0.522238597065316 0.410216341599082 0.107422839688588 0.187100739913229 0.28053515848761 116078.767821791 100791.567053685 79931.9153620136 79445.7609597936 0.288663327555655
0.344913807006365 0.835881983494893 0.511393954921836 0.489308754770929 0.147280472043546 0.170272689293905 0.39970456936779 151369.323871984 128095.198420559 84677.0400036233 76325.5477095798 0.425159312500835
0.376359474217269 1.18747643748439 0.43352280294119 0.416156239944712 0.150240079804023 0.220382674182338 0.447667355769664 164183.263558641 123630.470955398 86397.4666987747 68703.5327907916 0.321588749992886
0.276370828157629 0.879834198037819 0.95434581547885 0.305955602408169 0.0840014223384161 0.0641950372578249 0.236136405740306 70622.5244435647 62387.600234611 74331.719476148 28096.4253889948 0.171579436226
0.307946335893847 0.876307672889006 0.601411988830352 0.432753395619061 0.0959450388298285 0.170028934032338 0.427914645456678 148320.457348105 113308.691690546 88088.5154728423 36087.3240385476 0.233622418375949
0.360054813075852 0.92391763270518 0.51959295440141 0.658228968245591 0.319874979237681 -0.034253082288928 0.488228357591334 145420.912253001 109984.083104523 86347.589445687 62402.8400030847 0.20724344976741
0.61322936224505 0.683684483222787 0.732480637075928 0.711976836935131 0.171447541010085 0.196270293876851 0.37357517878437 174780.754859314 78379.8622771626 82500.7945174345 66447.4894828919 0.492139189619392
0.101997608969973 -0.0268564658367531 0.0438471566653557 0.377876946812765 -0.0665695915713547 0.112922435257211 -0.093628455426282 168054.472808945 72240.9025505051 154772.018004601 248314.619542066 0.202085542491181
0.422965221461043 0.868216156116978 0.586701882757979 0.384207630211546 0.295601819604822 0.211940339708439 0.44392380488307 142012.784992982 110573.912154337 83292.0639835873 79265.0773946104 0.41406154045206
0.656785034480097 1.01695415593149 1.07094796561492 0.716674063444809 0.246384066685044 0.274688976256665 0.541316265548221 224239.897592132 117852.234074426 125968.494552699 146418.895669755 1.08220331393433
0.627315294971682 0.942722562888577 0.928502249173351 0.510544089111746 1.17038010024347 0.412891463225585 1.09091887575968 130605.712899818 111926.821619188 76662.4729499688 46589.1742131435 0.158725167786672
0.394625761954651 0.648821441675054 0.393076229418035 0.587428588826827 0.140706726107328 0.0758911627737855 0.434053254011535 136137.779543765 111654.166689246 84259.8267323378 47830.3563295652 0.137068119908702
0.456883601193814 0.796404791019009 0.0688156940531554 0.58802616525772 0.205274076596766 0.219490196033113 0.256595383117409 115536.390906519 113706.921108663 83279.7018914558 40390.4862545377 0.191460074725876
0.443280667758226 0.822581676494122 0.563259024826674 0.455078354930031 0.227548552303709 0.252502498255274 0.219251698366282 155483.152092079 118767.141038308 80909.1870714068 64495.5562886612 0.244479353273409
0.469182355976098 0.810406416835291 0.281356306504744 0.620117692428611 0.0936108331042359 0.185630864076695 0.442654107875918 136135.149392537 120178.743050005 76244.6447481765 64173.6044788106 0.199224279597151
0.309533753041539 0.932963018725368 0.184993214318626 0.871153791018997 0.103032936939368 0.0918654958514834 0.260866134198252 74278.2952677075 64113.3887305711 76453.8800472155 31339.1305702122 0.839283122954049
0.444121927783903 0.602358175111533 0.573551344453277 0.578272601493838 0.223606957891757 0.195950087719564 0.513104510051119 151739.117850592 114296.547980294 86778.1820331459 70840.4204223793 0.373852634704999
0.482454535436516 0.73865944177729 0.526267508234858 0.526036358044998 0.109068135082499 0.148032892253109 0.283062763720851 109593.722319666 128758.660960296 88046.1881181999 91110.8449434493 0.315386890878166
0.380209561458285 0.781428487066319 1.1073324533383 0.474614008267155 0.129489249120086 0.186939263159248 0.489384627446349 137155.943911229 137091.698885181 78559.4225586315 62548.3342625647 0.336728438405852
0.39087645113737 0.604362326745821 0.622559740064708 0.566367913843795 0.0876177337249847 0.240718641996194 0.556870145068141 141829.350808477 97323.9984327068 84814.2877213991 100411.739294145 0.104582119796376
0.463639404683149 1.05147067388673 1.07706845674866 0.697453712357394 0.22975292621981 0.223537272432383 0.430954353231827 241659.10685176 125892.754275087 127332.035376408 77379.8688812764 0.226443512674882
0.570078705739623 0.846517370122555 0.653580250388721 0.611140262289124 0.251416897535199 0.227853794678878 0.41286062995294 137549.799017218 101851.191367268 81754.6191024888 73946.2380311239 0.344402116835472
