PE APC-H7 PE-Cy7 PerCP-Cy5.5 APC BV421 FITC FSC-A FSC-H FSC-W SSC-A AquaAmine
0.278746686431228 0.928093584260313 0.649145281977152 0.586543748656551 0.255887641531837 0.200037953625806 0.343878011659828 114651.134941274 108585.437437524 75411.9933280804 67023.8689900981 0.115254718281145
0.400567898786881 0.921570393168988 0.391461447251029 0.546159354050083 0.0965210878121109 0.161379374174293 0.310179617149444 105631.161593817 120071.867156371 72485.2155598919 50638.7355499128 0.423170869655839
0.25403424838997 0.84189654634197 0.398509257699979 0.526068720527059 0.184560551221528 0.163122558924673 0.404950387029846 120120.368142084 84680.5082122861 79832.9213976505 41213.4889401458 0.395939732349188
0.414576947234648 0.823844422494221 0.543407388826169 0.455831103904175 0.13629789004457 0.0224323926782036 0.320597600678143 158972.210887674 107777.696616068 71156.6437223954 82822.6374051758 0.191200637013972
0.304751336993846 0.435953217221083 0.105563567288472 0.3384139254039 0.0581329573301749 0.0846978572510391 0.256894243627199 133656.337413332 119514.451606752 73255.8495747305 48343.0622308624 0.0868781522380759
0.675939840881972 0.626556674080156 0.425597498782889 0.47514563634319 0.370881625577785 0.353174898814948 0.520662531562915 101209.951127806 90528.2584752432 72865.2839642254 69507.273500189 1.03176484013866
0.440911300129961 0.499912137949437 0.317952418200335 0.436500565514373 0.197451305298665 0.220727508524925 0.437509222382802 127352.452187258 108981.403880758 76156.4995840833 118156.153748886 0.31606298110339
0.326859907753078 0.965063505207322 1.08245006357911 0.395221634791215 0.153592454572429 0.140973106444442 0.291877481547057 114626.109356153 98449.0956711833 76345.5084238592 53501.0187390243 0.0801357621922247
0.462198063330849 0.947679043613823 0.900850437861606 0.36597735936912 0.169864613669268 0.0977621578133884 0.560427146861633 123164.511410075 108407.931853703 73920.6772803367 43254.3547632283 0.113144484373545
0.367625421388713 0.905752118441049 0.521598740360214 0.64965926794475 0.159221787093453 0.165180517158574 0.332180872331017 147734.019439812 125499.811652461 76654.7384295941 86864.4794539515 0.384167289082895
0.577440315972091 0.961458896593953 1.07923013112609 0.4154933472743 0.160774103614361 0.188399033147816 0.340175930672743 132851.32651822 111876.323275308 77728.1593996922 65072.8649165489 0.537809675411851
0.363487464372343 0.764560400235431 0.551072401420416 0.491766352441442 0.140603718475544 0.145492563291823 0.204844878254413 111023.092505894 124190.979914503 73217.3766636097 43258.2088392437 0.265596087315759
0.544121321471516 0.811140333576402 0.397711106882535 0.424262964606169 0.157378832674603 0.182999580669154 0.306985314587466 113769.860134637 94202.8926400677 74281.3805505222 70538.0117473408 0.300294855518569
0.393855447945496 0.975218291079584 0.803955196273317 0.430951510213467 0.337233506911196 0.261553161275244 0.387004352944139 113104.811121926 94584.0175662047 79120.2496633416 86521.6115500806 0.165640688006168
0.24084851812493 0.827508063165944 0.388663833808917 0.582574741110591 0.136274145689517 0.209413643188732 0.359865070252274 142907.458831492 89980.4583638533 72347.6947107777 60829.5687400735 0.377921501648455
0.454725954051912 0.846850962974496 0.501840613578595 0.58439011595929 0.172391902692563 0.214775462307245 0.253958973359914 137211.297540202 113369.90252274 75829.157160092 64945.3032185258 0.320899819985641
0.265208039974969 0.789429419303106 0.56977179080698 0.411576266095079 0.183060048660138 0.155684688863422 0.2716208484834 129128.428831966 119702.377337021 75261.310192361 55505.4509270511 0.24975472534523
0.380858456156026 0.871796449823115 0.258286428700475 0.369189249923555 0.175220551797013 0.24356374712388 0.39414634115829 162876.138307411 118657.946762285 77281.8613116429 33777.7061738122 0.318178487672309
0.256243561694245 0.706199171403391 0.523656827968239 0.597306329194055 0.207864246872761 0.171660313864657 0.195814942171774 89837.5771478211 93553.7073875362 74170.9001735964 68961.4821787442 0.203149544789176
0.354400493645404 0.816450525885942 -0.00965457503962063 0.555002337837926 0.170001783205682 0.552885936277098 0.288136316771476 105875.394300425 89982.1679100736 73862.7804821673 142204.112613143 1.09857227824848
0.295772865231765 0.9306705724774 0.148386360886013 0.917066665957133 0.154313351883586 0.0886003125115704 0.267121921095452 128793.97137008 115405.175378368 73177.8292377832 44612.5486011595 0.0597887964286221
0.269121548302186 0.928114960752054 0.338749539551506 0.450394071820184 0.167608549090636 0.0888147971066626 0.328046518835975 146592.290035876 95115.2815286971 73533.4652010323 68877.7778979596 0.326511872987818
0.534714063350363 0.942127465094102 0.148733309707107 0.943557436383643 0.186114195514894 0.151358532268502 0.320759205410711 130327.479207629 113490.415104808 75260.7661404106 52964.4710537583 0.407491927591908
0.251742032241723 0.808812746202672 0.364992335080965 0.583188865569853 0.187738506134182 0.163126933038445 0.520230298574826 122950.265372733 86075.8066516358 74135.0011269633 23379.5033122301 0.326721133692283
0.3591893075217 0.89804644149716 0.572408241770583 0.374310939568918 0.24533632944289 0.155750395004069 0.234040498145586 139320.926536571 136054.26301544 77110.5817203014 54923.2787059298 0.31370722779846
0.382454980989793 0.687894260373264 0.724131660526908 0.573815941273855 0.128527990418198 -0.0776282083019044 0.390650329182813 132766.945559175 92134.3267806152 77150.5761783229 54339.4173933929 0.196004712255725
0.285839369389846 0.759971020266462 0.730091203052423 0.578506886616542 0.133269257198036 0.199078460714529 0.386259354708247 126839.63744601 102759.024046495 74826.7480574503 52627.3116284776 0.360553380596543
0.386939389606631 0.967613104151104 0.477261229795002 0.61272585307805 0.142625180748874 0.0416320333576872 0.392592870568884 114952.735184578 109742.126013838 77665.299358126 35647.5358283696 0.120325098536459
0.406618966145165 0.958295769489839 0.648776247217363 0.667047050742097 0.195313198489333 0.110377305893617 0.189557877956595 137122.39094831 120323.71691556 75697.8480284052 40259.6813654158 0.0592441943358989
0.285539240046962 0.943219985937132 0.388639456504071 0.421508749963261 0.157835953220338 0.11737861436413 0.375006965818034 151815.07258698 101523.940751621 74817.6198104648 64374.3888248522 0.412613808223469
0.565010271090026 0.480302925838761 0.0741286775651767 0.345892238930565 0.110214335341566 0.147500889786624 0.38933118066979 131554.710796398 115458.321744276 74671.8078623251 57404.1461164605 0.366234959228384
0.304442874016988 0.939621246236685 0.239043503083169 0.852518284484013 0.160881579624104 0.107470925016172 0.261281074775326 105275.836092166 90648.1129581418 75942.5001034428 45928.5811886399 0.0617901344182236
0.382517113127794 0.781719421482735 0.317645163008501 0.552154842418576 0.172630713446623 0.126952517331408 0.323335895726852 128476.497041137 108833.529173316 73428.5246254093 77946.1926558943 0.469597096020006
0.621218247361325 0.656313083998224 0.587977754219242 0.569644049591949 0.12408814628239 0.103579251966613 0.840177719721832 112607.610337763 100395.17220685 74670.9332097442 43761.9641026641 0.292032319041743
0.39912938310873 0.579818610902953 0.57004506312436 0.383340829871303 0.0352229993026117 0.17562360884503 0.317213212713157 119986.640696026 136630.708152101 69751.1698448608 95334.4662075357 0.380052011795902
0.142991683537241 0.726129377235073 0.457274643482129 0.489249790437062 0.11337137197059 0.0633410115096868 0.447798179211243 133089.310143773 118969.426866218 75075.0900009959 78003.354281619 0.2109258341481
0.66113040285332 0.544085978107001 0.206206643269231 0.400990440176462 0.105812228626281 0.158904735072852 0.305636964396141 136071.78058835 117622.890214496 75692.5536834497 72662.0779351954 0.168236418224333
0.36004606444818 0.891391833446617 0.642891607996098 0.520688089322914 0.0992274378456739 0.201744582984851 0.432187178727648 142218.566765433 117426.390031092 75952.2708716505 92988.6783025307 0.186524001461903
0.388329685163913 0.82713493146585 0.686073799723944 0.462734929722514 0.0946801907781449 0.134818642748667 0.248190420485499 145731.189481037 111187.404500498 73708.3288329263 56000.4750377117 0.448577091046864
0.479214924253302 0.732347697080066 0.533387036578986 0.624188692608892 0.159095516988015 0.146044911206599 0.167987202885149 128343.411648443 112218.647695007 78295.8170157469 44927.6996184454 0.398437689572421
0.3061482775344 0.981601137208861 0.688184245099241 0.998787532083857 0.143463978133748 0.178662949525606 0.892338207700134 152135.790737548 124987.629718242 79061.0871507067 64063.8003416089 0.579498202155375
0.916016288948773 0.396567685429069 0.363261495427044 -0.142160004724615 -0.0484029291600899 0.0204896459271867 0.240021696542367 94906.7532769016 85311.4181127722 72124.9462878714 40089.7293255847 0.945569757482368
0.374485832340187 0.891131217196653 0.817275800506544 0.550674239191975 0.148808718685438 0.0957644890030782 0.187767720682714 155368.00261833 93971.0763008326 77105.2167685458 94113.320150647 0.115413800120246
0.293004342560722 0.924911396666575 1.05379610158314 0.00228662614325022 0.121060886085414 0.0850683462882699 0.245710195405237 116913.176969969 104418.998048562 73404.4796617298 40580.6285299524 0.0275530247216971
0.411776292963842 1.01193335204604 0.569249567397692 0.501846897406436 0.138747219006327 0.0962788631690137 0.356236822915401 138761.098835473 108543.606322372 74462.0789575744 57790.869533941 0.235971374866271
0.276062493897347 0.912856451430085 0.846763270501339 0.649942624906433 0.102913841634282 0.167098087890543 0.313651189951581 126968.538965642 100050.226978254 75239.8462706318 85671.4925716593 0.415643715725065
0.291081044621006 0.770199201612512 1.02664996121958 0.423934092188256 0.0845723333844477 0.0856780842999706 0.318590540021103 124844.048412212 114049.796373066 73433.0831326129 93230.9938307053 0.0695240158941538
0.344689215094155 0.896149597599172 0.620561306866548 0.410355086696917 0.110197008521058 0.155490517343743 0.369300039651346 112004.993972377 122815.609107023 73950.0211809409 71818.4050583632 0.140717918320321
0.636219425991974 0.653431470963849 0.345705364218783 0.489807513654412 0.163733883158788 0.24656451196832 0.387288660488317 118949.637944553 95806.13514534 81194.5390803093 109708.908676451 0.685738242893138
0.31292631622343 0.746783505734594 0.669353041004365 0.461693490181889 0.115503574623035 0.239379667710041 0.447535074515933 135534.600905837 90599.81218096 76452.8998852446 48030.7877097604 0.424190444404601
0.326205723540357 0.926190051663488 1.02724160951321 0.430600610865602 0.131554899616376 0.397912312664085 0.40607415447117 134779.098450536 120107.060997059 74648.7084979238 114528.083533579 0.162865229508614
0.328996947733274 0.885867460342958 0.453050241390938 0.563040602202245 0.105905037303495 0.113516059771426 0.272484443857469 121311.127682279 96610.2743519868 75232.214674148 74532.4617182141 0.211998990287933
0.301068151804411 0.944004663657173 1.05607249094075 0.359945316698654 0.124248343504413 0.100890056219808 0.260627938996563 123843.227306517 110600.153635589 73392.4478440052 42857.4151346779 0.0495092124401786
0.354053914332053 0.797866054902772 0.587938002990725 0.502481075117924 0.129762952988241 0.160054832648647 0.349482087408587 104109.121345572 124045.754429158 72295.0693985451 66217.8102014143 0.492328843060996
0.715297143471096 0.796553625648869 0.474030414587879 0.430736690852146 -0.0261026601494658 0.114063226483292 0.353973388580744 127347.931271336 113540.570904307 72541.3253165632 51315.74626513 0.150790062060076
0.496374029867968 0.671843344857061 0.774058571033703 0.663293347581871 0.113251550921869 0.180219593901042 0.52080819500518 121451.250868628 134078.098238615 75995.0639972245 87675.460668537 0.422548263363963
0.32818437247026 0.996718788360157 0.486393351050695 0.968335328146267 0.283874287130702 0.181154928797189 0.327752435482248 128752.567567721 115594.70504232 73018.1419338909 33428.8735282043 0.126311917000618
0.455976428724382 0.808313496787642 0.627301571243136 0.521735229782771 0.0692100459742471 0.155735875639038 0.281024014373566 143869.366056749 106098.860709383 75293.3950431386 60099.4132790824 0.307320963422502
0.415724265236463 0.802367265064114 0.30377682779118 0.634497974765777 0.138761551302762 0.136885757596925 0.329376951765907 156420.50238316 98945.1485703925 77072.2968044997 61253.3637678836 0.177445549332857
0.377861923549219 0.861490672758332 0.884186054881688 0.518622063073039 0.0926941338739576 0.126270423831635 0.366149196085018 135599.613551039 109866.429690649 73753.1795649752 62315.9377062446 0.0396916371233662
0.348768651875844 0.926703215171261 0.966192722214622 0.627439005477861 0.0874760979986877 0.111422581938865 0.269843485510678 95973.0590285086 117784.625081279 75022.5851566137 29840.6554230518 0.272016624083689
0.873571113855579 0.944602830083275 0.844716761338541 0.520815105903061 0.382525286881563 0.285934949988919 0.736098638980773 164636.804814444 137811.617676817 77563.5051631064 92797.3264507985 0.258654470161843
0.43009871484007 0.795287443660886 0.00565902916585143 0.701818410228862 0.139473122966483 0.230234584681289 0.273563407885771 107270.982875443 133278.984488331 72628.5427900932 94902.9205726343 0.438444400832167
0.368826752784572 0.803430974688419 0.53616978567156 0.642217547703524 0.141027857516752 0.128248482151224 0.470538118924738 116759.299181801 108681.68272308 76779.6284539366 55425.8848016328 0.266801810636337
0.377881532817314 0.19063839857977 1.21290870869038 0.321334055513629 0.111930698010216 0.163417369416192 0.294616618151514 141353.817160149 120330.679692471 76321.5231165792 54635.5624973021 0.229602193624518
0.475653347936343 0.78332474577414 0.802093934756553 0.479692281845638 0.0624943474836033 0.218868904399947 0.422956652566841 139004.21908097 94053.1963962856 76476.091539302 67384.7090387003 0.200027635884082
0.406075656646024 0.801457258291941 0.68779767725751 0.506353966499798 0.135876522258469 0.208495991701303 0.223401159413388 132605.071581958 106124.972840346 73106.7749760468 62375.4222323459 0.367473455142844
0.275849775296044 1.1185763269546 0.509491542554251 0.622534896507658 0.213024145108383 0.102739763171409 0.163385599203169 94877.5396553228 126750.567100407 78125.3705881391 10263.1927024108 0.330874072548602
0.562851323590574 0.817752175951317 0.203280531292457 0.517269047117792 0.266250570104979 0.0214472449952506 0.47581024447128 129109.379656419 94199.9696473688 71121.0201535924 37416.5023756768 0.196546719586377
0.158806438306451 0.801829870681781 0.649629220109317 0.36942836413579 0.197808283351737 0.0966250744709887 0.359555325548803 130450.2279388 127162.805513897 69652.3518046564 74288.5568267562 0.130963120655718
0.367197834354563 0.95500865670449 0.763286000300163 0.579722545254398 0.131426753518705 0.164069838221088 0.36302139273098 112182.155375716 100701.886941658 73413.3354491292 66105.9023548972 0.321794300723222
0.499751968881811 0.806324396403747 0.661196833103578 0.557970288398826 0.150530700150417 0.10196433405679 0.304332142217428 122152.158604848 131708.002039383 76429.9258322082 53545.1059784519 0.311997884017013
0.375733783366354 0.810063560003106 0.622584702321588 0.470447243111368 0.133708808044225 0.152254745356155 0.293218174983494 134539.14376899 110200.50868681 73117.2683120604 53505.2733939001 0.452827990231212
0.360394158771019 0.764773607121102 0.605710254866345 0.539670847726584 0.218624206458879 0.108434113866448 0.172836903118251 116135.914840002 105409.004372843 76899.5778646009 68542.3446951745 0.273030673423721
0.542871606861683 0.824797084499634 0.420652352114972 0.629364333643815 0.0956112463570289 0.196439380494869 0.313727793829666 132951.112760275 92452.5498672614 73437.6527891334 76466.8603957921 -0.0499421799692592
0.428738164652938 0.726564046406692 0.867098941164969 0.527412285890154 0.131191058759701 0.138127895542675 0.220039015804602 133929.889460822 92232.1554951524 74981.6885452486 59953.2227574662 0.242247575473641
0.36992841760516 1.01042392559455 0.802378787277669 0.653259057644022 0.250082668300564 0.205944480905112 0.31573293144004 135242.484789253 122958.665566295 77621.1053437256 42380.9149227729 0.0497955975372319
0.381611950039736 0.820694902978495 0.468728516049288 0.553024064595449 0.114498295896026 0.0886260126999063 0.366957649068401 104122.099534788 117279.624740773 73453.7716188191 48584.0465234193 0.366706537379525
0.347742846631883 0.800316389199357 0.704081025990137 0.537162658606271 0.136135808200381 0.166517837123184 0.390931413031801 123582.128015338 105106.846784242 73439.964287047 72117.4176216763 0.162851853273646
0.290607019493495 0.915574288395105 0.290791742028246 0.438717933172738 0.107192549099186 0.0813932882581693 0.265161011607926 131213.773132691 117693.653707363 73091.9820578404 42920.2963246282 0.0660755297484538
0.552842411096795 0.857842316143535 0.447924601673163 0.522064165451015 0.2022449332186 0.127630655494128 0.483973861430205 107467.103718696 100119.936181657 70903.936931343 71019.3356282243 0.385466527725975
0.342431138310249 0.712182426342154 0.589756284777407 0.607997231653665 0.240036056998564 0.0678973111350531 0.285614156282379 129628.436676854 95074.6002532606 74388.6388799607 57740.6164325698 0.138779826441532
0.322009100625901 0.855424489288738 0.31138199678428 0.629481878732146 0.186467560624623 0.128665422995974 0.338156743724706 155568.416644921 109488.232565536 79224.3401556835 62603.1146837709 0.139203031224375
0.296573197331041 0.838828764175419 0.363065983016295 0.50189737483886 0.0844219911646573 0.160861884553642 0.35834947140992 134302.352868463 104802.219065912 76539.0561551534 49636.2859275121 0.386732896574993
0.277783559131593 0.798243501294176 0.645075443019554 0.407753414354662 0.133321231715721 0.0554690940701438 0.403942992712075 136197.942171729 125455.755313346 77552.2069950692 57295.11763002 0.359100455702763
0.312246895587061 0.793623133655882 0.656262895861198 0.630158382020488 0.146612475357531 0.174909521497563 0.328982974587014 114921.960931413 116418.735064729 76523.8890452913 68730.5697845132 0.357225721829074
0.572693677594365 0.844541803871862 0.290150508453058 0.44711370284379 0.0521917647246857 0.252790716390381 0.705955681825604 188863.532758875 133212.048092176 74420.0408065252 62082.2630521664 0.0364853883551959
0.383386150273101 0.738595648316825 0.350221550482783 0.423655804160167 0.15181345347775 0.127656410691924 0.305028178316519 129308.920753999 88476.1292713977 79218.2281225572 68221.7202500265 0.272893566977956
0.410443231053927 0.64256918979369 0.714391342423213 0.326887244748718 0.128583588099055 0.120144107842739 0.374008882060086 124118.422646805 127115.718773062 72640.6768793679 67669.6457690874 0.484866195354814
0.358792050300617 0.845546079668342 0.805023722911388 0.556521214198374 0.168968019948523 0.124389301452542 0.32660461319856 114044.227465428 110081.33641579 77451.0698994526 35865.7111897994 0.230722304458934
0.391820786844978 0.705132023182123 0.60292973284539 0.551596818270506 0.182966384487561 0.19563592187884 0.42240630988095 131083.253642416 92624.5851959172 73483.9842354273 86384.6395422788 0.189475406751458
0.75574868737311 0.376492083064908 0.558752997560993 0.482300508233277 0.140731565612238 0.327326761567159 0.475665355724266 111893.050609205 95460.8086777163 76734.0615395921 130571.193618101 1.07899897564708
0.413943793041692 0.837391896720538 0.589130645660148 0.557223197904177 0.197059979881055 0.20596932660373 0.339216854720215 119962.824503989 108871.565212472 77370.9518556298 72717.6241867991 0.260987927949083
0.485612784066069 0.737165395175092 0.785568313502223 0.780293954006697 0.190121670478739 0.184958314383088 0.320412967063976 98806.4430058075 143919.917005678 76477.7332704444 63109.5795997088 0.26158515021269
0.402704859715573 0.861178124767518 0.180908993003687 0.641678701546133 0.181688991613538 0.174748616870715 0.401771548090538 134002.341205249 125288.197735661 74742.9033379096 46177.4942251374 0.25917819787709
0.417799998283281 0.82594891479538 0.777925315933007 0.516973686823798 0.114754073524573 0.250103136201911 0.361797075272472 124980.559949297 105490.906717578 76625.2057018634 63620.9522332153 0.501559121627932
0.294794831672314 0.936968095081497 0.967279354202897 0.45103776024836 0.194909656581284 0.781575869584857 0.272962742153805 103693.907581139 92326.8302128491 73595.2915457424 50252.7440956722 0.462365556216845
0.351658249559099 0.903223370561123 0.623623688966084 0.471402114899285 0.0629770579043216 0.0513661169806262 0.445320899676544 157341.138934857 128598.866908165 73910.9537105898 58593.9783569717 0.191827024660605
0.333321232223721 0.817048879296233 0.444053546943901 0.745799239512236 0.133509015382667 0.17806508395738 0.332350952060937 123652.337480271 121156.578014854 75252.0927432724 67083.3790802696 0.0970178215401098
0.497399019009045 0.87311983041488 0.298533170393443 0.636128684650043 0.172855600868691 0.0581682539048918 0.401506441466521 137515.946339337 109141.951440052 77133.5417762764 85192.3691953429 0.240502036108663
0.31127102387413 0.70248462632701 0.696201723453869 0.510057282700706 0.180864679591029 0.235383825788165 0.411268872359114 117112.804577344 98459.3755588328 77278.1162830587 78358.7083447893 0.442566141740255
0.446394967358055 0.79727823367375 0.770759934232967 0.635787638387722 0.199384866628049 0.142760137374326 0.300562840698754 115941.9203204 113999.716558046 76697.1133272525 37693.1268177019 0.448637564240867
0.334841501592371 0.910075748245681 0.600233479744829 0.486618339749598 0.183835304544183 0.149216248572041 0.339706156219458 127455.262358852 87206.2227053105 73648.7635396297 70445.2273645395 0.339447078130469
0.42486260886058 0.779552212874541 0.638575967233792 0.618947227036924 0.180645350433756 0.154658716102538 0.403433975857214 118997.546906172 133319.292739791 74044.0516389649 74502.3698093505 0.449712213456425
0.533918325521247 0.925106748664723 0.490567468819433 0.659095411923606 0.094685764502931 0.0365411913799438 0.329773008291408 79701.5031814479 119042.793743093 77250.883070289 95510.5277885166 0.380100835623237
0.318172106496034 0.547671699418522 0.167609786926355 0.339493113773046 0.0841932405046353 0.116162912757685 0.292090904758501 129038.859289589 110810.204893332 76172.2191588761 63234.8509180666 0.109973837089488
0.354416876964794 0.921688442238372 0.776642335907217 0.500867220239568 0.190097260791467 0.211070684337098 0.362818551997056 166997.393525502 122981.04613485 74622.6673824436 25056.8081814463 0.481596028139433
0.305656275712882 0.793404281284872 0.174064220714101 0.602024990694902 0.14236376739292 0.0925089151067818 0.313575726421872 114499.45303551 134996.455519169 75226.8593741981 13035.170625762 0.150495987813316
0.356596974476048 0.924197049432767 0.687021440389672 0.551408780840573 0.138828520190796 0.143605595114567 0.229387121347948 130605.14543298 114003.536301906 73133.0705921393 45002.2066172966 0.314015658221921
0.335482788194318 0.783639223829055 0.532287575924345 0.535232273775432 0.149652257037208 0.215108050068075 0.27501918256703 137157.62966309 122964.592369873 74155.6150550532 71395.6352047987 0.0142542114944291
0.755121324802569 0.903146269195493 0.216710638587484 0.842633816635373 0.948550890065236 0.174555528782511 0.825727144930739 134192.706824717 119812.095259127 73435.9349866328 46007.9129743522 0.0979147229169568
0.329422177800999 0.680455700409199 0.578401892718209 0.455013894537039 0.154105420890533 0.196863270470585 0.434150846867647 125899.912786974 117638.397576297 74873.7148835066 65535.5033726072 0.465552525115156
0.376371527105086 0.790250843711831 0.603874281645974 0.60715697472736 0.112636615116763 0.308154192432285 0.419984107818894 101010.16109664 106668.572560564 73483.0710943081 62223.8509471925 -0.027819767485101
0.345573567280193 0.875356254020025 0.57537781018705 0.468607629075328 0.100966337578464 0.173113975456087 0.386692531704141 139752.32826168 110814.994136862 76463.793906403 84520.8889350662 0.242682036836202
0.31763173703785 0.687228633193093 0.707217159039092 0.658682215635661 0.106714092928903 0.137490400891974 0.346466117678283 119221.867588281 96853.5028853739 75012.1287225796 90793.9461284583 0.305508454715353
0.349978399511883 0.852183968805215 0.451502919573262 0.424287239842191 0.159732938453894 0.174608406339157 0.442962966253141 126798.553319272 112654.520901908 74404.185662182 71621.5872970683 0.2877967494672
0.324119695827996 0.769677787483926 0.606656888995573 0.597874092646152 0.15546444044215 0.176445940751771 0.376456050125659 136452.076607232 126559.567888895 77636.1811699009 65703.3811204465 0.31962374932116
0.435540924613119 0.791142706592729 0.579573465255272 0.681238883261853 0.10303213443628 0.100936879016165 0.373990434264132 121325.33113112 112374.805444571 77667.5110649428 73947.938651969 0.191044793554697
0.317438304416785 0.907004918739008 0.350705347669974 0.488537163574686 0.153397687925181 0.152646304535621 0.365839472083079 118773.501194988 111875.590414143 77090.4613513495 62835.4597409644 0.331980891166506
0.270723823743199 0.684124072976907 0.762785052286027 0.430547666890254 0.087916212959087 0.134385329735168 0.355660869628028 109703.140515324 116980.459070609 76696.5164805747 51196.1127665375 0.316447056557763
0.40233973618771 0.827731566841263 0.797111800633899 0.317493016969381 0.157756417311479 0.108070987391015 0.226957191311142 142955.56097784 114718.336998059 77003.3892006228 54456.669674464 0.112364259986713
0.221019245794931 1.00801685656198 0.426819494602507 0.302553865088773 0.193123632234013 0.152599696116937 0.353197946788906 116378.649605168 111093.476866028 72765.9346548299 49448.9067953505 0.342204502763295
0.449110481616581 0.880755024106011 0.609687750520382 0.583201113355005 0.167182271023048 0.13868254384461 0.251552954798913 120673.673562635 97045.0499012946 77659.1904101592 75712.9825724664 0.196760448958001
0.4399897062382 0.801033546262656 0.761246628760782 0.469927996484031 0.188786667043911 0.179715379766415 0.371377223819178 126196.027198379 118048.311648604 76948.7838138324 64903.1856554009 0.322818544888288
0.318247606550192 0.822713703563169 0.606183781014735 0.566274728281973 0.110379839480795 0.147637032567404 0.333170875455885 124303.090354869 125144.330849575 74013.9040074736 65999.2149284707 0.416524022088058
0.338101245153672 0.714301523676195 0.437964773615887 0.622565362528602 0.158708649355846 0.102052441937774 0.361105229247557 100159.639206676 117705.732148901 76118.7529885248 75767.3276653446 0.591908551546146
0.383574046958764 0.673010609099189 0.783963071391571 0.554171936470482 0.21956287256701 0.20241729451713 0.256750422918547 142655.070382426 116562.683634601 73596.3031513843 77893.8757056001 0.248769807354535
0.187923230506059 0.882443396503553 0.434988407372966 0.66954212910024 0.087216074272551 0.132488017475227 0.252002504088178 140164.75408403 116778.629912385 75567.1053253007 67187.5030416758 0.212098881565633
0.511462159524529 0.813938133532046 0.71730716323564 0.548898332578023 0.206847558183278 0.146063233200287 0.393345792527197 113508.387222684 102235.562712552 74593.5435879319 53909.2892016163 0.342489077195791
1.12507453333507 0.948832301066251 0.262969483380862 0.953190019027327 0.447063451049658 0.110179307634255 0.44076593855548 122069.105580377 109380.804512539 73261.0710527729 46878.3008115215 0.105283727371226
0.310161153100924 0.993335310615633 1.17640357114712 0.431984809275503 0.22041933684962 0.175495216672509 0.331435680727871 127141.688003252 114012.72255974 73144.2253664182 33250.2364535988 0.135593920789417
0.43121877583228 0.79150319858383 0.64548388142274 0.589591146186125 0.0978082456298651 0.148493431633857 0.201964063426189 95260.5236296475 127752.076651828 74463.8997972394 89435.5316076521 0.256953707571898
0.304376229328118 1.00704502679342 0.381080806796073 0.377693804820116 0.149131902388544 0.0796039309190716 0.289908824239681 141254.630253395 126594.345877968 73151.3692379569 44524.4753623089 0.0713700464388965
0.375301020029207 0.821167747394128 0.676334033584874 0.566970579652625 0.157987954747716 0.102914879732155 0.324822718739037 147451.762985345 130566.310481731 76665.7664967627 66168.3741073321 0.248077184396658
0.378270259227552 0.958293623164827 0.583432432122418 0.550334016835456 0.166466089455985 0.143647122488942 0.347395039044424 108159.51986864 117589.805988598 75820.2450059116 64540.7671736936 0.202918201578897
0.420026469450369 0.867987077537425 0.558419286841305 0.591290429497682 0.166637929153753 0.136411482808585 0.255618285806947 132498.27828771 100896.571427883 77259.8082595856 22695.9249942653 0.145974108851072
0.554295556598316 0.862622083035786 0.430869167828777 0.422310366480074 0.22301037146531 0.129804332884684 0.554249476723022 143002.612819292 148540.542789893 75598.2233549899 58805.0640436559 -0.0100940232094685
0.250532580034696 0.75176412566385 0.687360679420362 0.459819969485224 0.141104323023806 0.224471849928567 0.333407782345279 124150.00958324 111988.991814297 75557.8701051622 56204.8222279611 0.177986416070974
0.417773021051188 0.763379127979832 0.215502638427668 0.481191824324351 0.1925936826879 0.274539694235734 0.266705566014456 137084.520264173 140575.381436758 77121.5374944991 66271.3172131772 0.00976318287914343
0.366495105461312 0.80187209585878 0.687116889711343 0.591211505450467 0.113515292697793 0.169090901167305 0.318165217391059 115780.001127265 113536.704745896 71873.9058798898 60071.4235029918 0.481047907215602
0.340969855307019 0.997992343824743 0.532583159744195 0.620841715014715 0.0877575287267398 0.176505468134588 0.252907419204719 131097.983970275 97928.9821708489 78174.3886625846 74391.0471356268 0.34659902917826
0.427083235215204 0.921793198713974 0.671592604321349 0.506875275947879 0.154262852310908 0.136533356868357 0.393695759958137 101558.506466258 107939.889331406 75295.7617896171 79651.8754158433 0.155852892638734
0.338030894412103 0.851997983355785 0.858475421166408 0.406619718606081 0.129283252243852 0.145655515283985 0.332939371337481 152890.298734302 112127.913267496 69915.8226305489 62952.760236645 0.240071346557854
0.319770632026243 0.819514935871744 0.839989541695096 0.583248417297739 0.108095867530759 0.0917885561938483 0.195973138749478 96494.25181569 129395.384787982 72815.8220818744 88779.2467740423 0.391423608075625
0.422355787749013 0.896255716453093 0.629923398027719 0.519935313570002 0.0599424737730196 0.191386681573291 0.35625986947865 137487.240663486 109498.830941359 74352.9941735132 80286.604639399 0.142558568379537
0.506864338152245 0.612909735330747 0.404691952847535 0.380337007910845 0.0832291475727141 0.0910955965769134 0.466521716336594 136065.817389137 116896.870500144 70490.682261424 55499.6900308407 0.00655657612671662
0.298710234114077 0.799949222301479 0.585759747375338 0.580539729736475 0.188764877290167 0.131538622089835 0.227652744109375 108657.48697914 112202.368303949 78252.5028434826 58578.1472219468 0.227016534144742
0.488830531633533 0.752656810685313 0.551912466587741 0.369969535758107 0.149852513994649 0.201379411939021 0.339207001900914 178047.195699551 92210.8157637249 77124.3640234238 77910.0039791744 0.336724650353233
0.344536947027563 0.699969996558468 0.76328751041674 0.589092334511633 0.164173586812622 0.10151778482351 0.321152339174332 118393.303920596 132291.355603645 75911.4534410897 97209.6799735147 0.315139264281585
0.248582793075913 0.812353316564473 0.793206583586688 0.499812016702346 0.178768086128954 0.126041118067528 0.37165439559301 127752.748623055 107940.754744482 76412.3784585863 56783.5025367652 0.279912771735514
0.309500527784727 0.908889510841679 0.351169254961786 0.496255360309809 0.204780269720848 0.213973643952037 0.265871197141668 129564.530583592 120085.08378033 74748.7833995528 51155.5685881554 0.119539110309306
0.257405324244744 0.924664558224223 0.749244765582886 0.516926094979927 0.11160593916175 0.161129471073756 0.296585724606562 103772.409736438 91631.2732705768 79693.7749536199 53470.9340316175 0.411563541329951
0.491554570439741 0.676095127296298 0.61944170060102 0.524270607480094 0.097050564977817 0.135674217934151 0.374520148362321 123031.394216734 100154.718965108 78797.096745569 46831.1338277124 0.0546583367824006
0.355582452982401 0.770283137547112 0.610867679004001 0.324570259241281 0.11570576129718 0.194472968128384 0.259304423047601 106677.393796736 125460.543122796 77093.9918716402 70712.1713352149 0.0825340820085388
0.370552474004123 0.760235508001553 0.719317085458731 0.617822729116861 0.185349429729506 0.0790998026722999 0.347362565354163 125298.892075882 122657.922633418 75130.3050247979 53126.1514671038 0.0497755547353215
0.294494275191209 0.877321104717615 0.545909582276318 0.619565346488387 0.158262447281525 0.0867672734858322 0.238207588477471 120851.121712297 134618.589741714 74491.1284076529 61742.3301414011 0.290302510863466
0.414173825719944 0.740302263819992 0.143866199819028 0.426823050930459 0.123600166174034 0.17333338548013 0.388947534312911 130035.59739134 102106.374328085 77475.2271422923 49957.8044190245 0.406419372144687
0.306550186367337 0.844721998492678 0.791638559326065 0.604048106640998 0.225604668316348 0.169608222092406 0.222864373304861 127441.150509832 114520.062373974 77164.3575810519 41878.6586971111 0.428637996995589
0.351145862079262 0.909752170518048 0.285317182136257 0.500138014019487 0.138123783197623 0.224906691712562 0.404148549529102 150494.724013072 112804.250466449 72764.0280564479 80293.5508207345 0.209822746192424
0.278300941796405 0.894383740238666 0.719878483974301 0.469581584646207 0.156034068219885 0.143531189224791 0.340149130340016 123706.597762848 109537.349932862 73032.727940266 91822.3089993132 0.532711517357795
0.43198811270215 0.781882231406583 0.641615476239667 0.427498904776921 0.107574229154374 0.129855627319918 0.423503925474789 118856.938645791 100196.540373698 77658.6418436348 75094.4125637479 0.395128092181294
0.387276152284668 0.801305019147089 0.770791748809766 0.587731586892188 0.110193214662753 0.223386739573659 0.260429053785807 118470.215260226 128050.92755387 75615.8138679095 52837.4044354121 0.271490356704429
0.450558419398238 0.70273455076348 0.580662217274712 0.398288666736951 0.10187832598686 0.195562276286703 0.395604694326669 84060.723393568 121926.297885661 75600.7637602785 79874.7835624754 0.32738282954922
0.313854610856792 0.912928650611117 0.61200036830884 0.581155680204332 0.148836714487529 0.172160126210936 0.435824447256502 139593.137751891 114772.491183268 72941.762346989 49323.3327411544 0.321613633655423
0.47566657723587 0.722731804741687 0.384048369339523 0.560148979961392 0.188478271688435 0.0819327975308908 0.322747540788339 126285.635546523 124758.624944318 77820.6990130873 100342.770052516 0.290564514653277
0.378045902096663 0.885950445934045 0.478240506746332 0.605223258939646 0.161216431527675 0.177706757387372 0.327528638265923 145346.95906143 95215.393916815 76513.547473629 63161.0946567447 0.328725435638271
0.46037478217116 0.775917536208683 0.569743277890008 0.531721166228443 0.135449832715994 0.157510826315949 0.368978649623182 137127.836879895 99988.7438342457 75803.2155510756 71148.8218910226 0.238248508024008
0.342486557208197 1.02246956721017 0.300196599286693 0.357224753658966 0.178183849697938 0.19506296026752 0.402460967578018 135681.329217772 103083.292193876 77514.2317632071 66403.2609856644 0.416218855942044
0.463690659609973 0.844339277497094 0.8474819570704 0.569273829018773 0.226896196372269 0.191073483554072 0.491528268980771 131949.453463085 112615.728429741 75231.4211875432 34163.4747973162 0.379695718426865
0.416612640084358 0.793638526373983 0.598544960789264 0.561287371960128 0.172836109768012 0.14924324811431 0.412838126266681 126147.091808894 98400.0265344152 74617.0975455975 71225.2269662676 0.100929388024816
0.542244364050321 0.968375149426269 0.807809058978475 0.415769396455975 0.15507299708111 0.195740939187722 0.378583881165729 174263.101262427 116821.251529179 77230.6710337451 69652.341345683 0.34447557920255
0.484517332478242 0.983793216091089 0.753110273998054 0.59087310171486 0.164949730551982 0.154696847380273 0.575264102240364 150917.912243076 108155.50944471 75319.7975108501 88466.0895083454 0.0780906049659811
0.503752532142018 0.83702831025825 0.552670083486294 0.614682481807076 0.160000302891355 0.0861514088387539 0.447359996877914 130001.240845227 104783.436516624 73514.8961991132 27648.6336388861 0.332297622045223
0.281007724946265 0.647701824007553 0.739170209127617 0.525216653337533 0.126445699339366 0.18791427661619 0.425302408684642 127524.908132872 112044.997608328 77896.005351217 45446.8702600334 0.248016290901677
0.312991051784661 0.85599967734087 0.428107954020974 0.449850636504915 0.217575860219285 0.179011900222256 0.321017044421232 128980.6331469 115267.326244574 73339.5157247413 35556.6389626565 0.118080556568656
0.319829214293091 0.89153551575725 0.639162541390976 0.605543111265233 0.207706228114618 0.178660369784138 0.230700691375933 109435.99671725 108003.584475373 74023.684845071 76880.5885092856 0.220331791638922
0.394372347949032 0.779630094293722 0.340340334498573 0.759411389277875 0.11712168309144 0.101305717537737 0.498648638279431 54202.77546877 116023.160220794 73207.7100244163 109691.048524832 0.181793352617143
0.3738306517712 0.913246114106128 0.652567485654363 0.611031573052579 0.137314864890295 0.161032541148203 0.490692841929272 138780.543332239 123162.787877727 77373.3259062764 66316.3051067498 0.222695115266543
0.355386075327082 0.711634851672272 0.389512144315284 0.365274345037061 0.0970989327678943 0.0748340535759574 0.321219882441736 155207.790305813 119325.077317254 76092.7305198387 88020.5353953036 0.185016093323364
0.652048597369445 0.938981228442575 0.955050597585042 0.523094697603604 1.16258929548065 0.648274452781467 1.08958337000656 135651.510240687 119830.555769374 74110.3884372985 49041.2574583665 0.162130814514292
0.45534711993361 0.843996629588802 0.359074313151042 0.698496375143071 0.10786835348686 0.173644833039841 0.124144440332545 127783.182199656 121485.56562743 77390.0307143536 75549.5841960423 0.234418975723629
0.434985449366339 0.740377957169843 0.624044697748619 0.614101324795278 0.0921601782407028 0.196162159416491 0.502055928129547 110639.987000415 116081.264784541 74892.8136414056 91120.1917587208 0.475040027415156
0.479275897852727 0.891957751199588 0.663455090202754 0.543499438850709 0.195051669458786 0.124019109084194 0.402329895361836 167634.228065393 86500.7534056198 74920.2633234288 62822.0439206164 0.376143144069472
0.434734068679246 0.86304959174613 0.40798425032561 0.380456757036361 0.170565537275018 0.098397810863548 -0.0515007010032365 141908.18686507 123826.262834454 68481.3994912958 32190.2276945934 0.0913713005704584
0.58377201425802 0.824984594417891 0.734219419283315 0.636908197140352 0.0735135243959421 0.0978763747302657 0.345523465103053 132459.349150018 133701.059017677 75491.9967158586 61028.3303282967 -0.00744262707141048
0.401300591806802 0.847393437031248 0.944989689399565 0.313842810854351 0.208803140797314 0.134989097868301 0.255394352388471 166476.365285797 112534.518309328 79391.6167352566 128221.204885589 0.475391142657887
0.492501561319952 0.837782993183983 0.504265449790192 0.482244370346532 0.183889029178747 0.202728492209766 0.393761875150873 150302.543823165 97517.6513992095 79599.1644189497 37700.3578726963 0.244653093399467
0.615539398046024 0.954641660077111 0.985318672695824 0.484401660463035 1.14527617094121 0.129648968682268 0.999048866014173 134271.230124038 118718.488575779 73792.0662474357 54799.6174167687 0.183445229871602
