PE APC-H7 PE-Cy7 PerCP-Cy5.5 APC BV421 FITC FSC-A FSC-H FSC-W SSC-A AquaAmine
0.567994054234186 0.781340677295482 0.522358009513384 0.369749645310072 -0.414001480717142 0.320238748798565 0.512524618041275 142520.054122394 85371.2430364428 88678.0550462064 58700.2759949641 0.37732092560645
0.291344483773494 0.926093721350394 0.33105509280478 0.537621609438202 -0.431873000328534 0.202058810217817 0.380599021805384 145020.48375634 109245.605901275 87172.4730549223 42282.2203121148 0.158079466834074
0.924508991331519 0.849864201612693 0.730184731311572 0.453960934449319 -0.0948819773798544 0.310374452016125 0.627315109432214 171893.507205647 124589.170886525 91040.6407619569 79358.4081752094 0.359141512647185
0.587837716628045 0.939567517783912 0.528757760272762 0.937832045777718 -0.285569262757155 0.266502055861524 0.437058362781103 149382.295682285 101725.228766188 96958.084744681 53915.1466219018 0.482020578923326
0.523450645021949 0.761619908534631 0.712944131799612 0.632717010555589 -0.302619630721486 0.202288276083305 0.476224323228023 124615.050227614 100766.22275432 90941.6620138942 68296.0129984486 0.391959319437083
0.332175516830084 0.366236458913455 0.114260039134951 0.199928826448347 -0.552455470286914 0.0913824808926624 0.281156704373836 132810.948169448 104155.458585039 83650.543884721 32807.9314354061 0.0587376196776388
1.03138302210144 0.314077063564486 0.50490118371164 -0.138527775300762 -0.338996107036578 0.214605765135593 0.494810757896707 84302.6381380781 64821.4594805054 85499.2383195028 79230.538077747 0.982605317852623
0.374151919903944 0.90939191324905 0.37440762134207 0.489768096554015 -0.419699513584086 0.203125884420533 0.35834302652216 95443.7365309013 66302.7846657155 95177.3632743834 42120.3106432271 0.128222402938973
0.910964193650968 0.649167216050408 0.550484700032742 0.640218532599414 -0.0379509220345646 0.43385975953635 0.790120728947291 227962.477736929 151107.891286746 99440.9520213383 154970.098037293 0.790861119620559
0.80582715197076 0.386058898848756 0.404995230226633 0.503029560882728 -0.136824448562493 0.418081308324312 0.78503803074809 99908.8923728134 60193.7440908322 109189.719694123 134218.529816376 0.447884038154673
0.426042322791151 0.579745582273222 0.467966194353135 0.422400821975121 -0.427521187435403 0.257289044607323 0.315433772780472 135860.6497561 106874.871610991 87711.953083034 30851.152667772 0.53100179443663
0.374920607808506 0.873468809731274 0.475393123013115 0.521287511144339 -0.507155506365691 0.0937960083603163 0.319986962012514 163860.172406177 125144.391106997 86055.1755236743 33947.6367997681 0.0941146717938189
0.54376191153827 0.422559118145044 0.24905109314615 0.391998668129708 -0.365557814502489 0.232089237009959 0.419481429246318 143167.044151621 99978.7337416906 94611.0287566543 65489.957938129 0.694137266570502
0.284995317531032 0.948821621777255 0.58988508364838 0.524811386948384 -0.380662391215186 0.386758680928358 0.438744224517035 116837.188272543 119364.754928821 88174.5278277544 28564.1876299927 0.323138217136439
0.338311113643556 0.873105316710676 0.643776109235049 0.66066621032254 -0.00479635183251275 0.719394560648717 0.486882709842809 97706.8208494981 71346.1281065595 88882.4284348852 33917.9959570157 0.791392358323193
0.946587672027702 0.580699676476812 0.526679473903347 0.276583629382588 -0.0700376579372816 0.465678646516582 0.909873853997667 95898.4924259438 56232.9396946935 112314.846025056 122215.47446216 0.464348062545313
0.486476508080521 0.798020962965387 0.430240873565982 0.381198479381911 -0.323236654885103 0.138046027905671 0.536394440527644 136931.978574007 102262.755965203 86255.6597910419 48385.6252002175 0.510852844618
0.87561100948202 0.668888825822425 0.608795446732198 0.585834165023701 -0.0167477562033224 0.464126102949058 0.878206650250048 157648.669350273 90965.7896864886 113536.090319093 163870.677080787 0.900232071866429
0.247366897541974 0.869549302947231 0.278539718933587 0.57740400089681 -0.555805226416677 0.0593402104893601 0.375362403022103 242097.547942612 193606.232272871 82185.2552716073 36678.4537818622 0.15861461839869
0.833385202099605 0.516818898156635 0.500535271016096 0.415323563329157 -0.100949358256556 0.223772055455842 0.675044442136585 90187.3534857812 69916.975876712 84998.5629706038 29239.0943376302 0.485423010660221
0.341244897781969 0.961646592616695 1.02243683002487 0.39365425104584 -0.396081392264492 0.296604628107349 0.387133666622687 100415.469044309 75736.4829873273 87053.6020059434 37345.6110888044 0.238600161433112
0.616951873070345 0.91230146804758 0.571870376475487 0.546968731220146 -0.333181060236586 0.235196487131515 0.451907982816381 124966.825041813 61311.6631024108 87403.5854628268 62504.8775746734 0.164678902777118
0.467850656845209 0.89272476382624 0.559043561200805 0.628471031793292 -0.268823029188564 0.248148312279965 0.437262946124091 171156.112500479 122684.321066506 91179.6383820777 87449.6105821728 0.788421282065229
0.797276721436772 0.494650488259717 0.308134896873262 0.45282945613748 -0.608521748417895 0.202557480753493 0.448107122924355 114836.165441632 73825.4882050894 102700.14814143 80824.0750665463 0.951060128930009
1.32444956905208 0.110113544415124 0.870384919865402 1.04125299312069 -0.430358620820193 0.441448191589376 0.951799234490449 132494.876315992 88004.5568537194 99639.5167372852 123766.43947609 0.504971402476601
0.999526460240457 0.579930614216568 0.513947215441193 0.431170431907551 -0.141360286129491 0.420498002908152 0.775440079278655 132376.408996306 90813.3444510864 95465.0770992842 78197.9616671586 0.352065764103352
0.281955912346357 0.966466090560051 0.536453997577667 0.723278061961421 -0.272686527015864 0.350858195621747 0.442509335392273 143630.097367524 109116.945861415 86456.8595100541 29950.6897660296 0.245075174304183
-0.181038913170991 1.34109349390136 0.718604705690045 0.454053504844486 -0.463457024865557 0.388420686092492 0.377676908173457 126396.663023572 -14113.9117106159 95592.0296151319 84563.8848629314 1.11516953105211
0.724425800437317 0.287985325373353 0.310927021476803 0.258717734541754 -0.214131688669108 0.396639987763601 0.530771968930861 100006.951908923 52576.4574240063 124117.936994211 41824.8682000617 0.990740082777695
0.617800333784738 0.733543192595377 0.44982556607522 0.221189883824394 -0.348372548265588 0.272617016783768 0.607455382920479 161673.463139095 93081.8159298001 90262.7563690381 80806.3283497624 0.302899238958443
0.705272814869054 -0.526835533226028 0.229738073916195 0.255413446094181 1.05008546491293 0.594306436504103 0.576058601959056 262300.376665506 252834.070943748 67919.5119234784 258475.203880518 0.574042120353928
0.413176274745011 0.816864422281498 0.315175576592289 0.383006457826532 -0.15087157441005 0.357537263793888 0.424002263042013 145681.712477474 81307.8070350923 91233.81872587 59314.6925465037 0.342869654877032
0.726743780649999 0.696978526917801 0.710489310221161 0.878162919483905 0.415080632430046 0.792834659103177 0.816756812511806 145558.011456348 87672.2807938316 108426.86502477 253661.95764165 0.889677802532197
1.10393607516155 0.94687113825463 0.568284373427449 0.937961468895645 -0.173811506051656 0.216379077382719 0.458857015936236 144319.783298997 108372.912323808 87814.5706450147 41638.2982944857 0.24176091131093
0.781011152746889 0.569770694690431 0.522457226362591 0.515539579863035 -0.0438380205141411 0.471361403798393 0.797844959927204 118885.251373717 70880.3298973154 110082.018630298 133793.413041494 0.448944081022505
0.471034162955713 0.946034273994301 0.490552036111639 0.401149648889304 -0.502160248092874 0.295795700942294 0.504096812174184 127872.019074173 96343.4105800335 88288.6846578796 25940.1151910673 0.240363891197178
0.769828609313383 0.809615276137641 0.737041322943908 0.466507634725673 -0.173719108351596 0.501874132442631 0.71273562158731 172633.400449544 119541.047465185 94618.9874491747 69451.9006346592 0.358891269344548
0.444670678792725 0.775261867499065 0.4180346194143 0.383545697262776 -0.257523655235315 0.171400295444725 0.412994700599855 104218.186615875 105012.495868291 89642.9260453551 36407.1835136258 0.203332943103533
0.498698128575143 -0.0357943830382395 0.431392478296631 0.627085895752383 0.249172870681099 0.413196339371756 0.651438008765028 105538.841452429 73239.8318443873 86678.4106929321 241437.527718652 0.585215806514337
-0.392293726802093 0.655435785497045 0.600943746647936 0.103094421978387 -1.57020414329662 -0.864393008824779 -0.642309512299373 53091.5161708854 52904.5102751411 69734.9838084608 9965.13246131829 -1.01615713045608
0.618278414641329 0.802028708779833 0.407915233167736 0.540627331109926 -0.205305677840098 0.271229198058828 0.400988076107198 126550.008700968 73982.2063680594 87695.304458433 64047.477463827 0.237532785621705
0.443611904125328 0.878144540580448 0.772214862711643 0.527134349239435 -0.379186991359583 0.178422557451731 0.315725297301777 135086.244637199 97369.417588304 90866.4379844982 76521.1057335109 0.450033458279168
0.79901288187339 0.617857684234532 0.486701348868551 0.538303788280737 -0.0259751622245773 0.494023927179894 1.10101887750842 118505.259537492 77404.1731766386 100703.240952984 138182.311936889 0.488698832940298
0.843234808031364 0.881995840144469 0.868566155757008 0.596082298325516 0.0473503331711838 0.472745480669483 0.814322780089491 246266.59696049 148294.326858457 110890.7703212 180284.174427333 0.537225013998061
0.287613689418806 0.93229576139013 0.991117618763544 0.300484345631268 -0.51336626449842 0.240335865205369 0.314796613433363 85673.5515231483 65805.0980693844 86022.5119287511 28145.9661825378 0.950538901639564
0.845111589199403 -0.743530857628629 0.225351682432974 -0.530993325869316 1.44097420472676 -0.811598166837472 0.590355389821736 261031.362703375 252020.64135339 67050.6300389418 255244.07675031 -1.09495970264246
0.246567961234545 0.914540559749638 0.640542315636848 0.397980575974555 -0.309207997019803 0.142300046383721 0.406972163955861 111807.687783057 86172.28066929 92796.9410509065 35705.8908704457 0.537225706233648
0.82960794794302 0.6575003343092 0.723752919995108 0.479179744663504 -0.0375823178955103 0.442909176896822 0.80758345118522 118694.776043231 79437.4552523875 98352.5702586471 138768.241863263 0.441537460923738
0.724307216231941 0.285953675516088 0.507836085806709 0.48565347811999 -0.249738417883294 0.237755858182489 0.524331012703587 133342.011453984 100031.707367522 87551.5730386436 108231.235618862 1.10017106342255
0.395096484623613 0.576143965225162 0.549881174979713 0.292917632537125 -0.271366813468899 0.165728379249394 0.538230027666173 123306.016296625 102472.908601343 87415.5262952376 55597.1978711088 0.0156390115900616
0.302790844529974 0.952768671095064 0.515943516689105 0.957103033907353 -0.326173795288449 0.23513676356298 0.385834292757475 133341.604160713 99534.0473942464 87896.4892659132 44604.2649756158 0.15288362098414
0.970849240436314 0.549218455889518 0.497434753769067 0.112662263419191 -0.166047169375615 0.366888531805704 0.657089068912755 190585.326376569 142749.471573297 87419.8371567562 76507.0804448304 0.338637532601019
0.263085693990866 0.924159920421902 0.494133234506674 0.946169644267721 -0.389935352939446 0.157410679883063 0.385179195318772 188258.746773109 145667.214733105 84759.2876738944 38696.9624850916 0.148690385264059
0.676406638605677 1.12120353325501 0.768069539101681 1.0531247671323 1.14153613992757 0.976356572719746 1.53257011022532 117586.316603215 89229.5236329245 85432.0068024861 113406.140814406 1.22917795230472
0.569331982510906 0.846284337678074 0.571552358481814 0.921027871862472 -0.724517338152655 0.241384972737423 0.349109772365495 120282.289752817 82381.518456228 96472.774086761 40318.2845960846 0.277602410837982
0.350252965605831 0.891095943045336 0.509233062599055 0.390929783613696 -0.281134688180897 0.19885611869859 0.604029528825657 112185.608401238 86244.8758274344 89220.0293237652 51974.3960690799 0.298216711427081
0.480849832784247 0.735444156725714 0.331585990885019 0.776418361672616 -0.298653575471009 0.176745706521267 0.412369979553169 101533.911266194 102777.968995421 92121.315708981 80098.1549127421 0.219795398697174
0.17055317490522 0.728792685265688 0.649011647890615 0.646166064785018 -0.0988986967181359 0.15933372750212 0.49201966244203 134725.927037155 70636.5994610924 87003.4897289759 70744.6207846248 0.644890398127548
0.380259033828195 0.837825486929596 0.549676391141909 0.632313674731787 -0.329140602915844 0.266438639626117 0.516680957979374 128581.10323879 94584.3080047425 81363.1314638937 39018.9292310525 0.240378932053318
0.528327800855897 1.00103820666288 0.819873989573208 0.579085651446477 0.0314752913166057 1.024481827437 0.559622604820462 227402.834694511 128153.366102027 117001.919198955 172319.861250104 0.908764916972465
0.752889306293113 0.174231038593008 1.000576526249 0.123792964735933 0.290592881013801 -0.124878108582099 0.327306798622082 63476.5017035885 149132.525398485 81407.1188153483 121579.443829784 -0.134981342863641
0.346728597066509 0.991395722650232 1.09755980736064 0.352145493299568 -0.337012730066325 0.228349644718528 0.371410272270306 118750.109182161 89321.1389889893 87317.4454232426 45370.2339952328 0.180288000390295
0.716010849730318 0.630347919196675 0.215071962371937 0.768777024006252 -0.383460989046631 0.224030596114745 0.602247385619014 138775.449237768 88402.9866099339 88832.3403323513 46414.9641326451 0.487614971639384
0.392095788474728 0.912350337462973 0.665615920916945 0.578548486453467 -0.463426089872311 0.241302093221664 0.461105655020089 124345.572305996 95792.7213535437 90210.4902830249 74339.5009009473 0.0745272647446017
0.438902864736142 0.719734971294152 0.286130354625691 0.369565100443465 -0.312101430935586 0.261935460293042 0.408209388762903 159621.347787342 106323.942542275 86032.965341282 85414.8837130341 0.130271387641784
0.597920371734757 0.911467643614547 0.489623688860338 0.439801922541563 -0.502247267536797 0.190082723511217 0.488861750562735 150403.546192461 88634.7719000513 95370.2137939677 66796.6125223972 0.302396290302632
0.518666799996845 0.709944998113007 0.451541260127875 0.500970658301538 -0.445206216437978 0.29553293171462 0.403032369874326 147475.223956828 100529.348136068 90954.8714156854 64094.6395321525 -0.0507020264552169
0.264670561449197 0.734005277236499 0.548008779724813 0.520198035889695 -0.491411838899741 0.119157956294797 0.66309842512322 102254.893330626 114878.083808342 89252.4525024675 77502.0603585153 0.577940597959029
0.404421350253803 0.913691746863801 0.827540479633284 0.212807313959274 -0.499624751351799 0.185394446065887 0.317658005263652 115828.629067858 86112.0745954757 88325.3400815825 33001.5508222265 0.0429690873580529
0.85417334876915 0.720059774765012 0.64721197764542 0.609196696980606 0.0191305489505784 0.440051204193631 0.80601670545169 261957.699962017 229291.064970351 75802.8803461854 173506.721064657 0.670650701183335
1.26799835707432 -0.00512896674528394 0.924109893401249 1.23162664096589 -1.51181185664211 0.24419364640551 0.980821372272253 130298.45384152 105594.155898553 87715.0354112245 76942.9798296634 0.50653796006714
0.599288946026591 0.884172633970263 0.585501659202375 0.390135447456552 -0.350261123868049 0.275575588382152 0.46831901655346 110403.760135632 92755.3771072302 90609.1068270828 103561.774255447 0.451878509158051
0.881880531439224 0.526167393512793 0.345931667555295 0.472367043234385 -0.133145382316512 0.435844398440919 0.918270698324686 120638.91122239 81002.8315145133 98026.8985992418 117847.184729816 0.368988657344884
0.805714292973442 0.743566279464853 0.637120810340665 0.457993193036893 -0.115543809435337 0.2523151033892 0.589227210352676 84088.901272594 60734.7884142636 91087.4246985612 79235.9862855274 0.667235604214385
0.566639097174799 0.555246072810522 0.457088739844734 0.48067336038962 -0.178449844832932 0.350403438035206 0.522435455375199 126316.710186977 88713.6418578487 93585.1189487481 92158.5039992039 0.335219632337242
0.455378687910543 0.73381777660242 0.670529113346159 0.540203196770762 -0.431501204161815 0.366076913009728 0.453293922568732 141128.359180051 111084.597785784 89459.3007767184 69360.4110546002 0.240387870397981
1.13758218973555 0.743791761222982 0.46861764530471 -0.471459712567341 0.699018229565207 0.293790178837916 0.222273512681922 184054.407899852 147153.105759226 82476.155016237 43520.3290618985 0.197577641315249
0.406790953124892 0.780311402309134 0.556163809754959 0.414316690961898 -0.346410080825302 0.265730266519226 0.505323888706704 132744.920932042 82799.8780364031 89795.9937489849 70681.3916232474 0.292405495551344
0.310267976210019 0.96295353727571 0.973138467720702 0.28245993368643 -0.362941912147089 0.253248578821956 0.370446944999564 124394.999213329 92682.5163845249 88063.3073123354 43509.3136911877 0.144400359292735
0.422300748092996 0.79526991244513 0.701634553817772 0.568507652273712 -0.294790308756979 0.432230517630188 0.392845185202224 113001.346499965 89465.997295523 93528.2275527347 31254.9912397421 0.395879640424783
0.483118655954299 0.63933663168223 0.681140892794938 0.352119661915635 -0.428441489961609 0.250264521762248 0.426347913071798 132652.584559776 99253.2652270495 86617.1099753061 59686.3094426244 0.363074515447165
0.449055973514346 0.794329406516409 0.682262421283701 0.40904498833705 -0.178987365658412 0.292627554381624 0.505895329045302 127751.129544448 120909.619261652 88617.9418276904 53575.0923312427 0.331642244488416
0.397463143958055 0.684925908975872 0.531100804454262 0.41272785839205 -0.232048779212871 0.247075272976519 0.464895716265271 106665.739334575 75173.7607714224 94299.8065919609 75398.9953556079 0.294443266872975
0.355779907561043 0.715788988041644 0.34904803279431 0.830295462254355 -0.1018037098752 0.16155057755631 0.503347487311566 132715.739954981 108637.51437139 90897.3738848026 71533.1932104489 0.135925968948898
0.353507783595389 0.738039499348812 0.412488288572473 0.384992225896881 -0.410702843867092 0.278275576342683 0.462625686050085 133788.790724128 112915.064957526 86608.0931864579 77185.9863764247 0.409732848198952
0.758379405326103 0.458278734544739 0.36567330752112 0.49303372490489 -0.129759193412343 0.405442551421921 0.739987507649357 130507.49303341 88464.8410127032 97047.8488440937 136468.506474689 0.456461396011215
0.381391652967102 0.781699608400229 0.450142011366458 0.44590784395091 -0.288256013197226 0.281864324975061 0.511769069566425 144863.881854915 103962.852224877 88933.7684294804 72905.5780452676 0.26982150668041
0.452324878701114 0.854151392373498 0.570308643858713 0.519096853555656 -0.282788519460456 0.282664661769754 0.572263317743078 117486.957672209 74333.2226179506 89761.6795792952 55518.5913190065 0.510438829145858
0.519204162335052 0.755108700666325 0.698789475853063 0.235044279314037 -0.280183144087037 0.253516269087841 0.506844404501069 144611.686786811 85614.2249672081 85872.4147150096 52577.9036928051 0.209845678316024
0.729066459447385 0.942836994224967 0.858079721518317 0.372476044587675 1.13542646074145 0.40826705998124 1.03458796412375 145421.670069614 108409.789061159 88276.6409192569 44628.4068013831 0.19456201256543
0.29094670707673 0.900669782307108 0.780263541014465 0.244308370238859 -0.495514875826798 0.165657681380018 0.344827495148729 132650.905179985 99236.1666781305 87802.3558254397 39003.9876866216 0.120661533624495
0.286892847313417 0.789263181584836 -0.250214495542897 0.596918908645829 0.260633960684875 0.73063553411588 0.85388380811465 87904.4377933881 71641.7076598149 83350.1966855669 35442.2928688391 0.900524320352926
1.13420748307055 0.435767137006831 0.587097441168315 -0.395846002977501 -0.205396918661858 0.33463649593414 0.656196552423201 210634.293857083 169754.09973988 82299.9266615186 101576.508404981 1.01485213445305
1.01991706499855 0.801213901950188 0.82249139197705 0.21033038794284 -0.0831425941220439 0.372798006893541 0.802260589385273 121586.719595909 75234.6637426549 106269.226590176 105813.73184111 0.455435163486782
0.438027654344131 0.635460874702183 0.672838282920213 0.561315600112994 -0.347665597222663 0.189021501661119 0.399393028463802 122336.926626109 113482.013268336 89332.9181264656 65729.517674702 0.291912830267223
0.873206792471178 0.620433747629833 0.790567398246395 0.199168465641055 -0.0322026937394255 0.437255753111591 0.787596171396909 146639.352058944 106745.502702708 90431.6213828516 138805.423195326 0.447212371467695
0.328311158178289 0.630229686978304 0.606290514267622 0.432968656281744 -0.278437889625268 0.234308810978429 0.404972573088858 107282.393688339 86897.2097757782 89112.5117211259 64178.3152058445 0.499312458694733
0.322447591743402 0.969881622648418 1.00208851323778 0.311600861385547 -0.33888498640457 0.2859111577588 0.387799138967588 90374.1999776994 63002.3113230659 94151.8797261878 46002.0229482258 0.164012822302673
0.523925197791556 0.724182245218494 0.465881180005576 0.621539219958767 -0.376650580216011 0.252326325639898 0.454795172442046 121871.173200854 94937.4289129995 89259.1797097864 60181.2554398221 0.431239925028868
0.348622343063858 0.800918524143962 0.493362480630599 0.673284908575416 -0.292486663299588 0.206954401363434 0.449442592910661 131531.789771714 85275.697229324 91526.2861179637 58175.9403965047 0.311741053206985
0.764978987070756 0.560431437221712 0.534112860638135 0.490646611914645 -0.0412867952191678 0.464214456124166 0.828914127068337 129599.281399532 90654.3074156651 93791.1220717629 139173.731160835 0.448155464764982
0.643092925100784 0.893548715529856 0.67874430215631 0.692461637684469 -0.17125979434619 0.352029831593318 0.522741973391626 155387.118350255 82088.294552424 123929.737941598 110406.487216686 1.1170948867566
0.571284682153321 0.956126280227633 0.974231637054648 0.300160518861426 -0.317250768124718 0.276627356744058 0.418652618822849 140085.138381512 95848.121203669 96108.8031477419 52537.3179571041 0.49780727736643
0.550848010754554 0.68859054523874 0.781414790267764 0.558338582106457 -0.154433782669776 0.297509537609615 0.543461922410752 159401.885335645 91008.3065254857 90485.5899318323 69392.6468091749 0.144929628624954
0.509519605545726 0.647361113938315 0.278476370265826 0.424050017792869 -0.226787400353416 0.294420256435129 0.712991875987422 136993.844398563 95508.5115586294 86031.571281602 74216.6604553528 0.334719132274432
0.309406167306566 0.922909382475845 0.910265285950432 0.272359588353864 -0.467874904569898 -0.541471112647831 0.270255331440121 156014.84062285 118376.901921943 85471.2641624153 39644.4027423207 -0.0119302320027477
0.567723114534616 0.568799979414191 0.427735877873904 0.472897062558983 -0.480957998353998 0.218525793650841 0.41678675261534 134684.992674503 95246.9782080319 93972.3901765187 52073.7686118647 0.316949574731336
0.379105894474469 0.582960073319204 0.71495894712129 0.442049183913445 -0.443314653320652 0.303875761909882 0.415912419671752 119033.299773086 68741.126334597 94182.1107045913 56835.6462937066 0.395438783271668
0.421655522007054 0.686679950052512 0.503117786212708 0.438649731232621 -0.341436356484381 0.180822099487699 0.547589814059423 121223.735813982 88611.0238172568 90630.3428063665 44485.2353374746 0.37718070714354
0.764611496246453 0.2722954607413 0.267049758123245 0.413283409268171 -0.276164311919248 0.268562348852115 0.486150396717834 150293.045032448 113958.80385362 86575.1826740061 93441.4243321494 0.246441965162717
0.158206205259917 -0.117666711505053 0.0533293079008548 0.0113072572739685 0.480608225682084 0.109544755235381 0.0612043216440832 66884.0876606168 54589.9270338846 86633.3593497813 257024.361706199 -0.0970010113596323
0.430739609055386 0.90440144344116 0.647073968281759 0.461538886070544 -0.482575660785393 0.271326748906404 0.442423273280579 109246.378254775 95170.2147507844 83482.4500922486 71411.7923272941 0.325082533367418
0.531925477906616 0.662814521092109 0.852405843663953 0.4283480452762 -0.427395597234622 0.242605322733387 0.458011795303292 123267.394990137 80306.0300204115 89685.7728810178 45090.462654782 0.22043332592135
0.328186966456262 0.41530751106426 0.110143029674753 0.32877654950183 -0.371313869104431 0.229057213724067 0.378565192519333 94085.597185946 66940.1043976829 92634.7731304691 47513.7993671225 0.136028740397192
0.323591753051122 0.626039902123327 0.517869389007706 0.462342330254327 -0.320015451404957 0.219078936933278 0.636877521937002 128952.108638497 90805.8013826853 88954.0797788443 62042.2013165318 0.3920208970338
0.95259911504131 0.551237390389248 0.562961286771883 0.248079619657196 -0.306596733895955 0.21804998985871 0.538531826823251 68017.9638224945 50534.1571453968 88466.6465962933 69917.1984579323 0.977249053038811
0.425323702447404 0.699071454550915 0.788800979493029 0.227783082341067 -0.289360282340796 0.0811384253337485 0.306353645387805 98712.5926154945 85895.9636645288 89749.8036341559 62536.6365280082 0.422505087085384
1.01857416187724 0.706341183036936 0.534512209686373 0.750456697474675 -0.466282433307342 0.317248324309549 0.611556306582067 70306.8321948917 54315.8901000802 93153.7275168444 88350.6120279654 0.41046460402571
0.777790557876777 0.877697467171252 0.285787396645623 0.814438605857883 -0.325071743641506 0.214253430628738 0.682288880511884 106331.7399012 88125.6647050601 101735.476325845 60875.5957654384 0.470296937761249
0.488390302065784 0.283256323184694 0.564717821819445 0.417049306022865 -0.191549956570958 0.166889696772592 0.511547489965502 227718.24886063 173868.340135925 86353.8245882955 140016.754540915 1.17490407977116
0.433376373871129 0.688454864038647 0.641561023827491 0.419072571909937 -0.302089604658996 0.21941100437321 0.470717363341606 112908.985605058 78282.9444994002 87799.6043113691 63038.1503811785 0.287053574318772
1.23871324504434 0.558877952068762 0.621089909617907 -0.484694173513746 -0.116595050789748 0.423204095275974 0.790053854385811 130896.457797344 81106.9604393936 106915.679145318 86221.5101932708 0.454597865209437
0.422063712952826 0.796621932616409 0.380641116431257 0.504927204733022 -0.51409030261971 0.0973568156102454 0.299431127271093 68890.4441395588 52897.3070567862 85305.6836389513 45449.120821355 0.9611952833461
1.15810050940607 0.612411539295659 0.620073499945399 0.0820066815195742 -0.128202291696395 0.312273126696388 0.635265895423692 257459.955897505 203504.549586831 83748.034614022 81042.097740439 0.4272689065882
0.599310402604477 0.702559316331863 0.652905346302929 0.610741167773453 -0.286685858551488 0.210374517214623 0.460977001973664 136899.920017648 116440.148553573 89364.1347027245 71336.4136256644 0.113582703661982
0.499925946339779 0.73516993255236 0.572491924428559 0.617294935423123 -0.303152581088936 0.268364834977874 0.371337861519607 111031.758975722 100716.823038378 91636.3883341995 77227.1390848843 0.217396101620119
0.310849294780692 0.463676028510338 0.471122492389196 0.798213536656334 -0.945315387032121 0.746303819276349 0.660105685684387 160977.032653252 147244.943427417 75550.8767249424 23454.5235416876 0.784912186096
0.579082413525483 0.908303501282989 0.539502134417193 0.282113509267874 -0.338041981906513 0.257047434069209 0.499263333093093 118148.554167221 99120.3052168921 91392.2397426577 58874.2429666064 0.556480587958007
0.273118349383999 0.840689352825709 0.945113523369417 0.287488739846528 -0.451673473639926 0.0573374735734701 0.281363577938676 96599.6679014046 76155.457026943 83180.9682154423 49787.3203156413 0.991853654284268
0.454870974711291 0.820382462534387 0.810638007082281 0.583679806900888 -0.338624596483112 0.216915828057352 0.574378219566872 153323.568596352 114686.640852411 89942.659209568 64689.2009659772 0.474707013978865
0.395059109459969 0.905441756332172 0.483187027511646 0.479429783354785 -0.420179332411444 0.311491569572057 0.443639560847088 154160.800814712 87630.7540375546 88670.8245707633 66415.8062802781 0.330539827684987
0.4719967166223 0.905886861670224 0.469473384130357 0.915046645040182 -0.437350136104898 0.178520639478032 0.348117349375678 127312.78244488 94690.3493630112 88277.5975748975 35981.1999656467 0.0654196347075303
0.580971417292144 0.783536919267891 0.32374590708476 0.565312690237326 -0.444987944047963 0.153974982145669 0.301742412916133 116076.762093935 89761.9977013439 84894.9307735125 62482.4584208563 0.0159680683233621
0.384798926675006 0.860946991132728 0.783897515931174 0.33589737369418 -0.139943398708693 0.281766591472756 0.514334214902759 108260.365222749 102639.970581883 90555.9474473411 66103.4663920624 0.742452383906669
0.673093888807571 0.949310942812749 0.532808313659793 0.629021051074748 -0.306557744049279 0.348218669505206 0.45208492069773 134168.709322734 104347.645803509 85798.0857017487 57923.0271181355 0.252924316313044
0.73860844162555 0.476098928321879 0.678398169076286 0.446300877251678 -0.262100204107958 0.145718760435652 0.51068569767323 126787.689968563 94930.8267289377 87846.5023097399 108334.836145327 1.16212359446582
0.522817231768611 0.584174037419186 0.189728318963 0.174220574371057 -1.69159124360571 0.443837415981358 0.373849749131466 120186.112775875 96478.7280728778 80669.2560535228 56381.066739266 0.108662968740764
0.803586231778372 0.456768729671945 0.410182787918536 0.226673752353958 -0.341062691995116 0.283421769536614 0.610216896092474 62523.9729431162 44025.5651174581 93237.2747754619 68560.751205057 0.565450082109709
0.280423821612186 0.93746052142612 0.939952847701128 0.161176856660614 -0.482261692183695 0.158589388617576 0.33256040680652 156410.507920115 119690.136403938 85763.9141544301 33425.5489081876 0.101070031413864
0.362748407194195 0.627412205307485 0.481818076848724 0.401588692684631 -0.332929084341409 0.213321874450503 0.452001272080337 117176.273037705 81253.6613814851 84077.934687764 45970.8147789972 0.336186241353686
0.305860450752974 0.955698224694904 0.524629243002596 0.951614894244972 -0.302011991690168 0.262633624889562 0.393857941837247 94013.4105810137 66411.6728556966 92912.328205714 46257.7935702648 0.169733684926998
0.897571129216681 0.847549969741455 0.938359273631486 1.07030089175995 0.844199594843598 1.08333474976088 1.10030563631955 259696.842904099 253908.894728805 67329.7524792755 258052.784376211 1.48948639280913
0.298358704960046 0.217328537142287 0.133549189424401 0.292488087347821 -0.659211928987742 0.250909205766522 0.350698427920876 86789.8924025923 65185.7216571237 88522.4640682088 36465.455014879 0.494770293931291
0.467845559287561 0.853017902791957 0.2718329790633 0.173683391821781 -0.163354962144287 0.384963350627154 0.39211697980253 138258.332704202 89679.3064061383 90929.8813989378 38368.9295160404 0.413007532230132
0.74223956957171 0.624736947286784 0.190824361971522 0.195204374895342 -0.583944942309072 0.189941242202594 0.796290811110723 148724.697306945 116877.515823993 82486.7350915821 15813.1985702941 -0.0367628695866155
0.485773563600854 0.909367865239365 0.54425814225799 0.63219016042733 -0.533569608216515 0.23273784668624 0.293847261399135 155675.198110948 132530.407698256 89225.6624417659 77323.8957968413 0.300204197603375
0.569872902474826 0.742529047993286 0.640244036076603 0.844944601412482 -0.269920206664273 0.162370310389512 0.440875440412612 170693.468775209 95863.3967049823 89211.6544534989 69923.4602682848 0.325228473201116
0.375610628493142 0.776430959035428 0.350566186276596 0.533558093159781 -0.385986818355346 0.267287007905828 0.32842836670657 125675.793633408 88143.0154055398 94808.4945619019 91582.1259167593 0.355267206727675
0.638140535543932 0.670533671079801 0.677629398807568 0.38154736881965 -0.26993780998096 0.294072323787195 0.355221904357568 128562.823006128 109130.416326982 83352.9711259995 59235.2717859859 0.242128459464424
0.796765788517079 0.605951625550491 0.562887932294284 0.541262890046549 -0.0394107719127942 0.44348112934771 0.880395569955517 185555.835857579 130899.875384809 93028.4408955599 122765.383678444 0.4625595928006
0.290158879638949 0.681199642882932 0.608703418900713 0.440371763657437 -0.340014806991739 0.275285365281843 0.374882422387786 145969.645496218 108457.960959515 91333.8584263937 37431.0459814708 0.235152905422987
0.607962307386251 0.79839847259094 0.61274811271827 0.377757866325554 -0.193149356571571 0.141743293004047 0.283289290996677 149866.286547105 80589.612802689 92973.8361977896 57527.7589666764 0.39420239678805
0.402840657031139 0.803634943123284 0.595446959268648 0.340139465055779 -0.42819902530664 0.315857641381492 0.424067244146209 131326.835728009 113098.596449819 82762.3661571502 95305.1938858562 0.376068708261342
0.425524292309844 0.178875620185848 0.0907468862636837 0.167514206134207 -0.709280061270727 0.049204577260916 0.255048563230831 51588.8455441934 44692.0337002449 75507.5979845177 17187.6911839315 0.630314887221333
0.509024016352574 0.739192334222307 0.625700264617058 0.502052190815843 -0.371178845917269 0.288624525085862 0.40832823249848 134387.038522174 112369.755261589 92708.8606676165 66255.4783956619 0.177475871411319
0.296614896227041 0.898644872039518 0.342070953237656 0.678017677853118 -0.353838790125624 0.232049379429141 0.458883545475843 143216.046376965 95511.2001459538 86105.5727122646 46958.2657755751 0.158551092522036
0.485475857245048 0.798736451847254 0.399423942469243 0.667166021311642 -0.354591866700763 0.105574870719571 0.311164900545121 78692.6191957372 60671.6686665315 84896.1451251937 72883.4462712432 0.9932896443289
0.677222496032 0.292676121123024 0.370180301604265 0.421256106669855 -0.374587897330691 0.203068146181219 0.43595370067023 69737.2643086267 51792.6906649989 88261.7814589415 72555.6245654778 0.998822368197395
0.182612474599973 0.858966689029592 0.410272026613045 0.374716144501759 -0.415306605750148 0.292358538295606 0.305716096714501 130872.204897362 83719.9482009975 87845.8419837839 63452.1739816719 0.21404845989244
0.348877649327622 0.865650269167001 0.50059878265875 0.474688353875794 -0.320461651435756 0.364425145632256 0.490985357390844 133413.421489251 85031.5085423417 88410.0662160961 81632.2250293833 0.182559553670782
0.276828207552639 0.742469421747023 0.16196319353394 0.389891413902141 -0.548353700391264 0.345484992932978 0.511047054130215 140650.901471844 68361.74446462 95305.5718279818 24647.3307701892 0.484031536586085
0.255040165713208 0.85348168731192 0.542050013955993 0.488135898018194 -0.552547599474378 0.174906317460686 0.289962780501445 79354.0127876403 62155.3535630892 83988.5352960209 27973.4168940536 0.283288240194393
0.820106869461908 0.82123516611339 0.557089433154109 0.685132136261307 -0.034781628930085 0.453021381683019 0.787104808747971 215457.963783815 105112.713959697 136433.627516113 153829.572955996 0.461431775190218
0.593745071436873 0.285012158425511 0.172053035848624 0.340193129994276 -0.424823544806753 0.234443608070468 0.414390985517512 95985.2955116893 67056.6412482655 94318.3136869039 58800.0040544706 0.201028253503785
0.339298854936232 0.828379408662341 0.513514463675456 0.423786673080019 -0.423722627759291 0.185498132640536 0.483950114444799 107549.247806987 82379.4299403595 88761.9806543353 62085.7563427044 0.111399188717743
1.2373358614649 0.602055182898834 0.715386185141527 0.621576408567728 -0.0496544633476443 0.424109638967828 0.755164658451061 230392.496174724 151638.188798209 101239.489094942 95086.7233747822 0.595598484610775
0.475653750094927 0.763781753728784 0.514631456351034 0.459779598394254 -0.334076918943156 0.216197506304146 0.356130683401907 130961.525707945 96082.0783547664 88655.8496111972 45280.4362980041 0.367883425686676
0.387817599041171 0.841201074585218 0.450841485954886 0.461731161288329 -0.418969365768458 0.290020640630663 0.37161595556014 116260.787371735 102620.171182369 93902.3022501007 61430.200429318 0.248809832647046
0.935453122620474 0.647708714990666 0.570335881951267 0.426078887245689 -0.124558653826652 0.357266641595376 0.603227421448393 189986.369722667 139395.928364671 89397.2840044743 79727.7254969845 0.329806496841178
0.357462204766435 0.725493117177361 0.493380386458345 0.507627823476875 -0.465481439551923 0.247393499802179 0.460168402568925 144716.502737206 88037.9105803776 89753.8095197432 56671.2787251142 0.177895706122297
0.30258635232506 0.887998996055441 0.439470779378017 0.844083408370681 -0.479466212625724 0.161843815177105 0.347722994091778 135258.580713816 100958.302444263 88096.7827607229 42248.5029258332 0.133357610592458
0.426998488674871 0.748159704391522 0.308652051487906 0.42172035478015 -0.402568996882756 0.263053322653071 0.428872404679911 126329.232026152 92304.1690464292 91522.8115654698 31294.1011044814 0.580859591088262
0.223239170693812 0.663231188720487 0.583337558566643 0.465345468748502 -0.224339769346705 0.251360640560412 0.481480888878475 108294.518573442 102877.174816222 91736.8079769738 54290.8731831509 0.339650555466207
0.246883095518147 0.619330940598956 0.277099767609134 0.377879930668361 -0.582300800043289 0.273705973652695 0.318926378369316 62631.986839157 47217.6529557468 87183.15551159 27179.186625849 1.00510496093553
0.49366545474388 0.908963442685169 0.714327742574737 0.419652894581806 -0.386808595777251 0.251650828600323 0.385771355195108 154494.784987798 63422.0069784246 90875.7349117338 73936.2034053671 0.398330021847506
0.342818142084226 0.870131920606655 0.477946168161395 0.691228992258733 -0.2413032645363 0.308870731644423 0.519315440322546 123720.536937262 105183.889822147 87434.4785802168 53760.8426766921 0.28923692273217
0.617420264934246 0.539196539712372 0.571631283039838 0.642957178501678 -0.22314949558823 0.167660920827499 0.477782031466937 137230.725875922 85585.3790645743 96840.205730385 47372.3133316926 -0.0421569103643663
0.516217549641698 0.733487948657384 0.677751873058504 0.463013698201211 -0.362003183891404 0.180893197989688 0.557882024434781 140170.354536941 95040.6568609449 85540.8266955079 59508.6969420776 0.123796111287769
0.430965843986552 0.806169670811146 0.449355261215057 0.433702466316415 -0.415518907430392 0.268443135674236 0.429614987181457 152435.682330454 104281.798267195 91456.180950558 50931.3893922642 0.154201511314684
0.378051218019311 0.249899491307334 0.147133679866543 0.236182145459896 -0.47889898080829 0.0530022109376209 0.303369873620827 105139.712241199 82019.3779460652 83934.0832190647 61300.4427780781 1.00319118075242
0.250532810755843 0.84567170125834 0.742017729868759 0.275595071460498 -0.529390586215197 0.0807971212348328 0.363488498332711 212124.936203766 163976.238868715 84907.2966465262 33523.6615128297 0.143628260074119
0.425696686217298 0.75326406237826 0.332860446524638 0.282577139351413 -0.405976727608967 0.19880360925914 0.444373444088022 113153.035681083 75142.9879259717 89281.5197950005 72694.6164917264 0.224326633188542
0.369522326175132 0.646981882996054 0.409732049037193 0.50097100810408 -0.313880808520503 0.214393632949586 0.409395438950766 135592.28649362 79404.786594736 89621.53921588 69432.6509669999 0.430461837671425
0.352232031927532 1.03066443259547 0.562469033006001 0.34257885245462 -0.372666140953421 0.209400482687283 0.400998170598311 158560.893651442 120384.792154044 86829.0160491131 46747.1257774629 0.198405512247795
0.508746508709554 0.425162328602249 0.419989292633129 0.448321332084151 -0.109501655673109 0.449903562313704 0.53771744328061 96710.6894101743 71420.8464322728 88237.0575295695 112158.597972824 0.601889197361908
0.348292529958574 0.800513196399337 0.299089093928127 0.618220836890406 -0.441871709706928 0.0549629566035987 0.30640885968114 112311.166262338 87977.4969266861 83750.683155688 58185.0652144605 1.00357240579548
0.448395170862399 0.731844892216927 0.814899888461038 0.4329370993795 -0.375362115412686 0.308218450647614 0.337979906400258 139209.130746402 78335.3559064165 92237.3944227612 57120.7405850572 0.109938109585556
0.383447996184476 0.783964517338836 0.711087853593228 0.26931739574203 -0.337028857313322 0.288719322724711 0.544854663120196 134398.545010698 103109.554615914 90527.0266057752 90232.1062404678 0.208922197457736
0.830283489764862 0.802888104497528 0.864983242361539 0.497107605908944 -0.0321240839076858 0.397458898656654 0.860193860433487 121863.672289743 83619.6473497001 96000.5426680783 138108.007294634 0.475828638112183
0.48302408827437 0.786100869422204 0.478877216381974 0.513462736129422 -0.313807435354255 0.187239617623737 0.507571255361779 140495.876135752 89694.9277535382 86680.2999654383 48128.6517449336 0.364545018075903
0.463837623506647 0.668128348899728 0.723924160677561 0.406994912923739 -0.364375404674921 0.211500554119759 0.491656516192065 117834.665180033 108910.566239765 82162.6921324308 67727.925515851 0.520537918359388
0.272020982243362 0.916038328362326 0.453557852091457 0.889056069833017 -0.481811409985847 0.242508684519101 0.326157714433177 83951.497619832 64285.4040663951 86199.4003601666 27863.833855719 0.929861765703823
0.447964441500151 1.02038573540251 0.78788475764192 0.81324849000251 -0.156798651209542 0.326024313401964 0.511880323720939 260859.586306452 207264.442541432 84030.9791807023 80950.6423991133 0.339994659114799
0.578862321470492 0.714592242834832 0.379755159844182 0.360342020985595 -0.266818184497057 0.203278765113763 0.539199776909168 125241.194926733 78557.9060580661 86947.2435690079 64549.681773277 0.373938571553456
0.237983555241718 0.473051604294528 0.171792142947707 0.426677347426306 -0.332860646352509 0.330036245296774 0.421438107337798 147174.311235771 110649.522958702 87418.5043610939 29683.2675166515 0.166122463974664
0.432089123378186 0.83037010879867 0.56378311016243 0.433618425604991 -0.281232931654474 0.274444973805512 0.580091711187249 125397.712753859 94167.6959615082 93622.1397336639 80069.3104805911 0.53942467894662
0.287959193610396 0.925671321250011 0.915516726204311 0.380644700624447 -0.394104326968856 0.184314260384646 0.37553596243846 173872.381929159 133614.282855282 85389.5495696553 36676.5137573975 0.150663260694316
0.363806890248387 0.728383334607055 0.397788845393141 0.56380346554576 -0.314874606648555 0.315462698635951 0.654664768636806 131919.09816883 82760.6631936102 96283.1557117055 50454.0904718027 0.194858863268459
0.394088368176537 0.726393429620764 0.684875913217031 0.397974886292915 -0.222907117361669 0.213972110541564 0.492525206403183 130712.428848251 88593.8329501896 94180.7994622591 56821.6444673602 0.327446905842374
1.17045417105316 0.614690021118933 0.626784688043698 -0.449043284224532 -0.136645365534549 0.353452047696911 0.611698720840223 186692.533237232 128107.435820299 96281.7704240792 78510.4638119702 0.370024323956116
0.206204911094325 0.458346240664585 0.367540233138031 0.65746466819334 -0.0982395599592096 0.317906334985114 0.277316962797458 121819.584089113 126412.982837387 94808.4595889183 83614.8487140081 0.686407387544309
1.02069719607412 0.783835699445702 0.90206073292447 0.0944759121635431 -0.0647677029288196 0.387667800031464 0.674071335625027 182747.664300056 95506.5623817097 126796.794290554 142031.467836297 0.890894461223102
0.571073851775859 0.706668139288159 0.24807888361588 0.562843916949057 -0.458293257308583 0.0205861211311834 0.259334233632992 105883.892259633 82156.9687462251 84784.9595260067 63225.9762450292 0.988160563497136
0.432700924662476 0.826680504491403 0.66480242207156 0.439378950810152 -0.326897032359419 0.259536544956348 0.459399442303639 94648.0985560034 87096.5004862985 88640.2760873464 54285.1338782293 0.519937088823726
0.54868915560963 0.767130930897546 0.462069739051928 0.408109551526008 -0.402260202518162 0.316843383072306 0.366767444539914 130557.31358684 79089.8987863694 87777.5201327424 64431.6578639932 0.508318473879782
0.505202648788848 0.75419881105848 0.435260628142091 0.39257192862543 -0.331660889772341 0.236969307828964 0.389902285259856 144462.700432417 88889.7990401644 86966.9390367778 65002.2410027215 0.236039604842159
0.367681607439588 0.54381675332519 0.700809795364124 0.305054289548024 -0.113363935320728 0.257715001710467 0.327248015749826 136673.031944871 72556.1545875883 91145.2953684818 96579.4844329537 0.603410416069118
0.338734199773749 0.715905676604609 0.644336304170277 0.516263895613295 -0.298693730652382 0.120903752079928 0.306457441248829 147013.040062215 94549.0304023804 83294.5058223389 48112.9283297398 0.385018955475996
0.341367882598065 0.777122192150653 0.599767587668119 0.460611025244671 -0.333093487114321 0.277276926849739 0.405555386343703 121606.128961244 85598.0534538607 91334.0055197907 58570.5169868693 0.315632927822705
0.528520836992328 0.705130467017088 0.544869359666831 0.0917784000303907 -0.35967412305698 0.210503535745116 0.551940421104898 128060.145548488 96047.8355441798 91984.4164345941 56353.9989495062 0.167686534509738
0.50870503707434 0.654062577781153 0.425930120808056 0.418933966417116 -0.23312451743738 0.238449898578699 0.47784955404945 111071.091081535 80206.9595945778 89389.7090352526 53956.1873303066 0.186217903558096
0.548423663091987 0.735710932013554 0.510083724002126 0.504748407443862 -0.294452066602694 0.255681357666393 0.382227936692313 146792.762207083 108420.548055519 89553.5276277083 60672.2144223706 0.326751901209186
0.481708336672739 0.780142157710407 0.484589732241508 0.389157660776149 -0.318622158622735 0.264444418947949 0.421661127209668 135173.445424852 102299.909714915 91883.7693678869 56641.5949510948 0.38348786612025
0.564748874298272 0.785855118786444 0.822063729727332 0.160923270285517 -0.42934072103394 0.15093538498681 0.480526016040481 96796.21619138 83933.8140988757 86796.6930138261 90180.752245686 0.263922205681105
0.499832769438947 0.751095068534992 0.581385374027361 0.56732572652023 -0.458654480060596 0.16642568633145 0.397668244015294 122961.3025379 96822.6769407767 92915.3992325919 66013.0701941863 0.152413698654369
0.602052524132164 0.735790040414779 0.339967121042865 0.381061137041934 -0.39155431197632 0.30191855404766 0.421190990551944 126936.315453135 95628.4826975367 91034.376017696 50028.0493160976 0.15942998257413
0.521021737806122 0.831390510582285 0.638613183173354 0.588617415127781 -0.366772532738992 0.284325217651618 0.45524454937035 135797.60176872 96512.7191617015 92197.1854571886 59528.2468060732 0.271903556377028
0.885227264031644 0.484876311552362 0.41170773471957 -0.0621107824608295 -0.163955731073219 0.394068055818741 0.767946415724353 129562.153080238 89742.9966352523 94714.4265692907 102309.153710277 0.35889353996213
0.379815984004219 0.57980583458169 0.216735905583337 0.417482043895801 -0.383692825296734 0.157330752520043 0.37022227699164 141390.203187017 107320.488435119 86663.6538982567 47463.2850927257 0.171656327014587
0.545715528690096 0.746355003108696 0.68519051513475 0.276775398995942 -0.315996619753007 0.240897562878256 0.45224785864777 133368.597715305 100298.336643657 86143.7378948478 84640.1016695155 0.410878021601737
1.17249630564111 0.671367760651791 0.51096214622148 -0.73601416612117 -0.0228208051248446 0.55760312657409 0.132991887829907 115091.324395517 90907.8399206162 79728.2263590486 58660.564409901 0.357804700127745
0.977456838925853 0.810938092562647 0.768670928888977 0.118787077307342 -0.103440523702647 0.335054245367372 0.759805838714853 171119.071773611 127227.175059067 88228.7305733699 87813.8090983393 0.400876699684286
0.3324708711978 0.351331146235002 0.11203111114876 0.337265479203209 -0.392696137931897 0.193515538343951 0.373204160968786 145358.197272778 109400.135263406 87228.1454238042 47097.6575581687 0.141625973759982
1.01825489384231 0.865847906814731 0.916221897078799 0.652749757179612 -0.0229303635489411 0.388739397459879 0.68433988803618 163130.893712443 107629.983351963 99193.3330201886 120712.102204355 1.14887562708514
0.436876984587191 0.698616075583879 0.271714059685589 0.401354008626669 -0.34605309006749 0.239477305647818 0.341771919511762 130495.681921601 89799.035944399 90896.2808870324 75876.0628298801 0.189498087758535
0.544196331782371 0.683265909103104 0.616887514506571 0.735105763092936 -0.330710368260031 0.236436646127071 0.478673627778959 93524.4690914572 103192.129982241 91558.5762318931 58453.5816972719 0.421546246425145
0.495237074239328 0.299506592659972 0.125017560562645 0.19046933842454 -0.630815484607592 0.0836116315857066 0.239404825531391 66346.0954422691 53370.1778118864 80961.8069748611 23686.7498329553 0.0290506490211419
0.752937141326026 0.228176524987259 0.496933330795176 0.780421489343664 0.204420189781293 1.00128181525766 0.926994415476732 243466.145779811 158090.538026345 107471.150034263 249375.874064336 1.19265983457452
0.58544385445854 0.735043432727429 0.589819888007948 0.658757573955175 -0.451062729401968 0.217268838881039 0.503879144552779 125047.826426791 79134.8937126013 95826.7404542175 65173.7599878511 0.429455632782471
0.403556925291191 0.826548561852493 0.583652280909061 0.562960529613465 0.174643289226534 0.598769855097375 0.492974844320476 156366.391195226 116392.933212388 88392.5878490272 43686.530991455 0.216461720347938
0.916514087422101 0.920776081496294 0.491751248484003 0.842306454108497 0.872265747481897 0.316960330941405 0.882401497047418 131592.244592521 97435.3274602588 88798.2544683808 44379.934765709 0.139764546534732
-0.213907507508504 0.469819706497628 0.0307395349987108 0.0297123304304044 -2.01579269048293 0.0365899292126225 -0.00515134501624081 228550.415299121 61347.6344960055 235091.892602809 -733.166620070998 -0.0311359473386579
0.470831921802396 0.911527345026675 0.551822317612154 0.291161446361393 -0.327191179536925 0.142970315354671 0.487293017148087 158568.08524834 70800.4916818861 86868.1526565845 55566.3061086978 0.490336399318432
0.511882169776717 0.510938254314625 0.256344222931122 0.282007773653627 -0.296780188254215 0.202865754442553 0.338448296626842 144097.039286716 101210.340552543 81082.8488711562 70325.1725241448 0.318548317193698
0.524657549225928 0.322780963415409 0.0749807928248192 0.250354903794619 -0.498489366814658 0.169780409542587 0.299449432247537 110512.700965532 82367.1181200898 88123.2073841002 37541.3286089375 0.0078360029195209
0.711098011429434 0.569311408564758 0.200469327188866 0.321039885883255 -0.525633823891101 -0.0124054869165949 0.432416072907532 67882.2468729474 91507.5836297338 98879.6769744178 8864.37506244767 0.414528911600034
0.256293269213301 0.923012229379345 0.482062164580777 0.899739385405343 -0.588327558080109 0.0219167303362841 0.337894712542459 136301.075853797 101413.418217653 88595.8934576074 36983.8561137838 0.120192310462692
0.477379247897275 0.58737344494913 0.442659584561576 0.391045834261442 -0.447879526054592 0.291844446308746 0.488155462517082 187487.342221205 110552.368774422 98440.9791657552 64723.4850119951 0.155577834541077
0.650538252280923 0.752398306973332 0.623365271069949 0.586653983677593 -0.286276962439281 0.222683333670399 0.622059020894721 113574.072239527 87939.7718241127 87911.9847487004 48890.8092322732 0.291131285716684
0.419051208377441 0.767047353238569 0.49183779203844 0.447625932441778 -0.338334739005286 0.278648320505937 0.53585436451338 130669.451415404 98880.0282552273 93863.6141096039 71561.9393059408 0.318077252985281
0.740386501874743 -0.471170929360221 0.523745763356239 0.272489770988295 0.990415389390722 -0.0969251164274621 0.639826035581307 251323.599522536 69718.433058468 239854.410042149 247419.618331928 0.309156731314338
0.538984303225466 0.732174304739076 0.574597244491642 0.567694181475214 -0.546559034843522 0.226923787159987 0.487906584778691 109375.887977905 80504.5197051126 84972.5365810106 70601.1081593525 0.391659445395616
0.328964567652349 0.857765475478692 0.649314338415865 0.36837434299182 -0.371109272215823 0.268097495173105 0.473563949761407 136716.414071193 87999.3362173461 88167.7766733748 67442.9551806329 0.130856641312124
0.436165867243257 0.777497412593643 0.77405775917929 0.14616336466682 -0.635992836072991 0.00167880301782825 0.204706226505371 116321.889202868 92053.2818084389 82880.4446718519 40102.4902076682 0.910492814220272
0.698045050041116 0.805771768142737 0.720535054847099 0.607027930113166 0.440255139766857 0.68121210903225 0.789992186754237 165540.688245219 103876.325644997 104367.692726758 120472.851748398 0.441842780904149
0.561095434630364 0.776701838301548 0.577360045191489 0.381662654448973 -0.361144903484523 0.257347304596809 0.497383419587462 154895.815416204 107968.728940445 95984.4906006111 23290.2663929479 0.436410659871095
0.297614596827666 0.960190283344283 -0.0817974278819751 0.943651777659906 -0.312413628829738 0.22114778870448 0.391183904026535 145245.214120986 109451.141759294 87354.50474269 42997.449596216 0.154264617321588
0.329673776568064 0.969502548598191 1.06381927447794 0.156025449661824 -0.398687807055616 0.161259664470293 0.351929631156706 158804.591378724 122238.112015675 85431.5665478728 36540.2861913834 0.168780084311626
0.475165008345768 0.916124668444651 -0.0207580798805839 0.907833370813051 -0.41346651613716 0.181681360472194 0.351097857430441 125835.587855702 92669.5297792326 89391.6274255256 37181.482520174 0.073919573951597
0.593246790073616 0.979278902995169 0.755988548476886 0.719869730730662 -0.262981904871634 0.311526707105211 0.463653768620887 223473.484478234 118810.669044315 126398.463714992 67933.4055391034 0.236020327986079
0.610875413993384 0.543397940893088 0.51944055519516 0.35598948175712 -0.167556437187391 0.218617932825658 0.500277901650091 146678.35994456 94769.5765242849 90895.6808194566 54080.7641301738 0.336177679110872
0.397848399595868 0.709104793858973 0.512420286849466 0.498280220827076 -0.313727432086122 0.298810581653528 0.600028973399567 104615.84920319 67952.7461583952 91246.7346742315 79664.1577441747 0.332832382163978
0.947912810757876 0.62807661676648 0.589717038350245 0.234346020149678 -0.159097514301414 0.35831012158789 0.591976582694137 123235.219514975 80520.4470823994 99917.6897198089 83041.0652845703 0.323843798323236
0.205953615555373 0.864188751123431 0.651505784101892 0.445933078100707 -0.408938500803096 0.24983517794481 0.625471117320871 104313.354362128 101877.120737764 89435.2292468035 52280.7472711169 0.163510951967034
0.435423878983564 1.03683895305034 0.891046767700355 0.745562537675212 -0.144625712469374 0.353735120370201 0.51483591019967 245988.600189382 128347.407971828 129224.210347481 82486.8894886805 0.347626233855158
0.365135527316321 0.69110551916633 0.556979067482781 0.451054303757248 -0.258493390821477 0.183595245914413 0.381796471033145 117444.569209702 111528.690633391 88097.5635011724 60248.2964169304 0.353991147112955
