PE APC-H7 PE-Cy7 PerCP-Cy5.5 APC BV421 FITC FSC-A FSC-H FSC-W SSC-A AquaAmine
0.593978214451894 0.873738972336852 0.482073970583591 0.671563061099868 0.0555709758285658 0.0537620953031124 0.447567353051927 120225.370309756 88782.2434033339 85134.3165194562 52262.9436639834 0.192150914026852
0.285374475505554 0.947201878611061 0.0813224280639891 0.874333079196538 -0.217583103965412 -0.0101005600181457 0.240472990972253 100909.582643101 87641.4564462241 75415.0337896255 40692.8363531689 0.0626363238874333
0.289894131694589 0.964163500284534 0.026464620795799 0.522558046367219 -0.243852684269407 -0.0637150232300091 0.285054017178108 170554.502045046 143997.088695909 77712.4223117541 35751.2522060821 0.0859335337102411
0.33414509983276 0.966221423892989 1.14720400249301 0.483236610215373 -0.152982686375145 0.0433601488151413 0.307673572432363 110473.069897717 95232.2368343261 76108.5985255888 52081.8293313314 0.0821623397875041
0.301881841391991 0.930761681740553 0.566447139348543 0.500667206485902 -0.159110050657229 0.00808599015643778 0.28840659489726 126017.421708987 106141.000606338 77449.7931739556 54681.2965969887 0.0564344474014151
0.308939358887584 0.899132115232282 0.861490638920415 0.677446961990535 -0.226569662888881 -0.00251180914237556 0.286500297982026 128629.763876318 106326.062969026 79610.4046222905 40803.8148556657 0.107915821704246
0.347387625928086 0.992214894525084 1.1028871707464 0.406815154001034 -0.205238048174591 0.0454831883218042 0.291430610847309 128347.064691049 106341.796983968 79648.7585049348 43061.7924844556 0.0795916419409962
0.301408749419597 0.970053334057923 0.112934295094081 0.933014399950757 -0.177711363631698 0.0220506417018333 0.293737750126762 108753.810569108 89361.5356781137 80684.8813465552 55416.3513023287 0.0994518865988765
0.288887625162326 0.933420450358444 0.0502060196221379 0.94198839247678 -0.265741681634847 -0.0606366099549754 0.277548275525866 168847.498460009 142902.957504175 77485.1936433474 35868.508104823 0.0768341686661221
0.354627753155454 0.959445734292219 0.11352255156839 0.962182008866023 -0.19074627413405 0.0307982926367857 0.349356543352375 180742.152494425 144316.617731689 82623.7670799657 58632.410340908 0.169091040523446
0.303348377357774 1.04639285970678 0.371197986536593 0.759812786289306 -0.039128808528683 0.137676301513537 0.344801906907041 111675.982721398 93286.6562698006 78602.1537876262 33454.9401980046 0.147404911787075
0.316353451654827 0.968415795466404 0.0778048579414213 0.944047444937645 -0.232935178121857 0.0124448957447704 0.28132105988827 116098.476978614 95716.7300789502 79534.692675876 43173.7430982568 0.0752195312908128
0.392258381328694 0.911871392241273 0.655560001508674 0.464354661039539 -0.101426518708043 0.147398288339601 0.368239366288336 119668.830541564 94901.5676052073 80909.8534368362 62582.4595142283 0.286522257598541
0.510910765397573 0.920855664586744 0.443847776505319 0.649194772797551 -0.13120803512363 0.0723911184694013 0.521926215748702 107287.105570965 83336.6279765754 80992.0190106458 60954.2458967248 0.279575412086371
0.281961687001014 0.978706247121122 1.11471109736118 0.0201212524662835 -0.18823044445653 0.0140277352210972 0.258775999409912 114355.108829145 94749.0145614326 79256.4390989374 40201.9738871436 0.0552165990465368
0.344735310051393 0.967157791328097 1.09376228389131 0.456610839756699 -0.150408296279143 0.105531803506582 0.400541411802302 127682.950565654 104597.121890549 80311.175391552 45730.1443520141 0.130350407104562
0.465519716296392 0.898749602655009 0.593334194941383 0.617153823349558 0.025525074250529 0.0739299671976159 0.368874187299322 112470.773807822 104032.0273343 80625.1120432654 56394.6360649321 0.121089308320297
0.45661527155517 0.806955630074125 0.464180594541824 0.794493679540134 -0.245259907901163 0.220643863239062 0.376177927227929 112200.991651095 89424.7602968406 78555.0172651672 30382.2681820431 0.0745483309663857
0.652397002467481 0.962989632235118 1.00058684174107 0.539234689487115 1.2448241480118 0.43523390379241 1.11861177353082 111007.955480715 90747.6523390817 80568.1241912424 48834.2019939297 0.0822176711290213
0.272020874045628 0.94599425203349 1.08359849878443 0.44748873336907 -0.212486729708874 -0.028152928223036 0.281189004076546 152141.886364742 127321.612296792 78330.7403313119 38244.9708248372 0.079938741442514
0.309526665639608 0.962308846001735 0.741944041450263 0.61009352124727 -0.120665078306059 0.0249087588846703 0.407158407471539 142559.488704068 88929.2374750736 79467.3721149143 59249.4641012071 0.150977373162045
0.404292515118939 0.955632035461988 0.263821087623327 0.929691000721378 -0.240439400909132 0.233408910430938 0.498103248830436 127083.129712554 103321.601067641 81433.4814927611 48067.8828371261 0.221652818216897
0.339808200526155 0.841561432376662 0.421808037607405 0.4133253441585 -0.0414979404729604 0.0813443667388146 0.242629294810855 72626.6528065441 105672.75591598 80220.0677700606 36817.9356169412 0.297389291545418
0.387655731956568 0.930303159621436 0.291895669234745 0.0747121666455254 -0.338781938857978 0.0377342862646299 0.277072205272272 121183.774998492 104990.739994158 79885.7020558114 36617.8454124395 0.297230541339044
0.901952042060424 0.96271682664626 0.151849897116523 0.954203578382722 0.582466119234319 0.099519126622358 0.549772003201926 115656.02152825 95850.467336359 79429.7513729297 45156.4313381831 0.0959414609598103
0.452361845080597 0.887865443034268 0.55717939966429 0.51246956276607 -0.111057026569772 0.0503664109473661 0.381264104187592 122152.606221538 100151.016566605 80609.3508595331 48374.6001764945 0.322499452922992
0.32594948626897 0.864701335463165 0.849013318370061 0.556827224653216 -0.0609112162999847 0.0389049628028697 0.502960744826948 89677.15127315 97985.1103571397 77334.3984360465 26253.649429056 0.249858579168392
0.450566154824113 0.866793853675742 0.451766645860055 0.404802474936226 -0.0596803859378875 0.0400640502815966 0.426459603417735 102975.665232486 84404.7672457201 83056.3104848309 43883.8048498157 0.121078022593528
0.415150295125285 0.976527403015206 0.808724307652798 0.466157145360586 -0.0207976044819169 0.0862817886934674 0.328979887595809 124758.115536859 83375.2344043486 81407.2252416783 53164.6701990535 0.137824193273473
0.457824745460252 0.995173140516002 0.310847028791114 0.684129304923909 -0.169207875035569 0.148556326184523 0.34198342283499 151688.636192816 112827.396955851 76613.873844257 57606.6202289247 0.257170266291017
0.399891283857786 0.804537737746123 0.666965715569211 0.681885380213957 -0.0654240943794183 0.0834668992205953 0.443432458609092 135887.035864639 107221.851009866 82300.4905221478 37611.6114167453 0.331611493956503
0.318018075039123 0.901094745198288 0.644362702318534 0.610843234222216 -0.0787714472366744 0.127926977741325 0.455059219666654 138590.81319183 102002.708301612 74878.0040505636 53795.075279131 -0.00918272600507774
0.519885194389363 0.870568707776999 0.621667309548049 0.700086296963744 -0.22319129853112 0.0928625136368847 0.306500120216103 119459.812308938 83166.7377113684 79944.4259791839 48845.6043332024 0.237096229892753
0.445121983419501 0.920332767704376 0.377740916071626 0.524086950374005 -0.123136409094404 0.0826066913414768 0.328081891680083 129676.215465244 100142.323147581 84942.8736082059 43518.929621399 0.273423674678044
0.438098415651439 0.843181112953062 0.617376942568106 0.620829054052065 -0.236186199656119 0.0497661627600667 0.41159122888157 112878.78066307 101685.611949365 84466.7810969372 45171.6998221513 0.219743401501136
0.417000152626807 0.812307557327226 0.532321575285972 0.583389973579365 -0.310016878231896 0.112884484435322 0.53545014799768 131536.714521283 85500.9242507403 84272.4081781744 40408.5672196685 0.118932226635901
0.321478873086874 0.9761448379141 0.0721770866148109 0.54499299182612 -0.1928860712672 0.0153807538552695 0.287728172579075 110069.916870568 90119.7482629012 80134.708414512 44943.9159035971 0.0898215469746271
0.381900241429308 0.898326532558713 0.289373389998115 0.449498014225258 -0.0661112483519718 0.0776370950504585 0.351666485249432 127610.721543155 78214.1756451955 81585.5318019735 57348.6258953964 0.069387336403359
0.432417019709367 0.890329967992729 0.822131650025963 0.507245012184656 0.0808890278227068 0.148184427300454 0.556609408568099 110655.916523406 92860.9005781742 81565.1127789329 34497.9569243873 0.315589286396673
0.325137227475999 0.824895865229349 0.347872792158785 0.535552694584914 0.0184243068185412 0.131558726692017 0.375555274343119 114934.494988697 95508.0687307107 79021.3016271538 39388.8694230818 0.134684711492335
0.238766520539028 0.912294564046834 1.04697914296678 0.307498111167114 -0.235627332053099 -0.0857909539076853 0.274761226141973 189308.129110008 161657.819304192 76769.0409842596 33916.742238208 0.0752459023953934
0.3782357718164 0.899778568683747 0.889516896288879 0.541879936357174 -0.0257137035291497 0.0475037272963064 0.489421940714823 122803.752782912 117795.105581577 78282.0607461668 34096.8651091191 0.190194275083101
0.39451574666173 0.940182694373565 0.370059582510363 0.47264480165892 -0.171128858312409 0.0037535735359686 0.353914631738335 172628.908732328 106403.965115551 80803.4957578943 22685.6247948595 -0.0716165702352756
0.164826593479204 0.88194967952152 0.698955026692788 0.60721692261317 -0.151899308935204 0.0210985107487773 0.197164980807152 115313.843639166 104472.871835325 75922.4912780807 39280.3406621747 0.153320541028803
0.289340288680146 0.981218668747878 1.12824008796701 0.439199873023922 -0.189614372638183 0.0421767595140747 0.281526530861356 107556.786692271 88163.9533534746 79978.1302147899 44220.0065740954 0.0764863587779046
0.481909585756029 0.910193960085704 0.591828770161696 0.689461133997095 -0.271774746503436 0.089108615480798 0.383512173308906 109683.391233809 120282.656004856 81021.7110756327 57389.6053218478 0.16696913176531
0.344579129428316 1.00389955679532 0.561768496152062 0.40273895944699 -0.0754751054388458 0.0459155304197258 0.496662520888831 137121.663229423 86017.1095079024 80120.4130955185 66881.5153885128 0.203998423441459
0.348304197563867 0.920846382887319 0.61239173172654 0.278033819825641 -0.0482916948129743 0.0811836525610958 0.436084185392962 121485.263302069 114660.179580825 77318.607312013 51749.5533760165 0.0710671927902244
0.580011368454154 0.918332591563791 0.426485125339919 0.720555549882951 -0.13111350251215 0.0980799656924232 0.376047644223822 136967.666464843 94533.1184500379 81173.5581087884 41645.2252754187 0.266813899534241
0.264195036952744 1.03675809191503 0.886398832457455 0.611785233034313 -0.0512767976660931 0.0707003203686665 0.48635796199251 93278.5114993376 85756.7124490315 81505.9280804722 67924.7697710346 0.250631780670473
