PE APC-H7 PE-Cy7 PerCP-Cy5.5 APC BV421 FITC FSC-A FSC-H FSC-W SSC-A AquaAmine
0.540532546569195 0.0886410291901543 0.47841905815306 0.488216628548818 0.405225392510473 -0.626624504176169 -0.0705955110013951 -1994201.38826904 203900.97367199 33990.8172324272 163222.064749225 1.15459614711531
0.474641150499835 0.883630300953055 0.543996643680401 0.855139370657388 0.286978831285367 0.587167691527139 0.569866938943179 164941.686621311 111718.321820666 96117.2628787899 58644.5570464029 0.78439098686885
0.268253376962675 0.575352124818195 0.515969956344611 0.201598827090776 0.132130443794631 0.0632092119058264 0.663065682209826 82918.3192027927 72419.5933355266 75168.2551367596 28027.4592970521 0.233833222615679
0.549866666925058 0.324995010597626 0.342505975470038 0.558454639665357 0.235570534476435 0.394934083084028 0.428656148636318 105018.752647662 91465.078887797 74994.0587395943 70570.1122768986 0.777605431598803
0.75252962959383 0.288217461126804 0.532486950508282 0.626416634133238 0.290616166107911 0.401496153135019 0.537875127961532 162716.434770521 135987.951066274 78512.7075237063 114458.246682003 1.05866894509833
0.261741903518642 0.5177381235642 0.262769689465241 0.145732649727475 0.131619967097736 0.0960566626737785 0.157981705545134 95208.989618738 83115.4786141225 75069.9961553007 35041.4053921413 0.155726759956998
0.830961362730333 0.539903754097669 0.543953062584937 0.558633555664978 0.268154414849057 0.320234577793156 0.481997243288949 64592.4585243644 54342.8250180356 78036.5403007621 76069.455282957 0.858219188685295
0.588965381821836 0.606749088842103 0.445221047584471 0.508055891237392 0.256825926624547 0.275283954283666 0.37024513076552 119076.477978251 96466.342792591 80933.8394918032 80834.5672679497 0.385966037367073
0.516672906072927 0.924138099855798 1.06303672448934 0.543520373424404 0.259990774049423 0.368825653198431 0.411383477125309 194563.94488053 151711.382290776 84065.6232125587 121143.018325066 1.03692099033915
0.618881137355025 0.617322136169932 0.712263718371288 0.607356156289211 0.341092048845948 0.401994675631277 0.856881260356195 134538.7991185 98491.9232234999 89487.0845056794 144014.037784385 0.567934523955594
-0.0201171644637631 0.906701598531905 0.578636399123317 0.811041284410405 0.104331457666923 -0.499208953484698 -0.22722717144961 149291.84261686 128382.278980886 76630.2966462383 42312.1760024188 -0.69071982472549
0.697022756691524 0.609734707618199 0.579748601516279 0.587952358128753 0.284712353583585 0.35938468099216 0.453872652267207 134054.969708591 92219.1291358602 95427.5938389901 113602.51333758 0.905108885125612
0.274866942560569 0.851266765330985 0.636428269957908 0.344858951902049 0.132119069922421 0.0666531250240713 0.17382959236765 167077.056241389 147127.590519444 74437.2055148208 35907.3219338076 0.1441467136465
0.393907976521191 0.898443760608309 1.02744034970293 0.141427494234361 0.158152275514404 0.250642869219979 0.25411590611712 95041.7790501116 70170.247263132 89806.7475982457 69041.327189925 0.60303210496427
0.594516529301272 0.452426191979798 0.662184681741588 0.530942623844037 0.238494573818934 0.351334814382383 0.41336935346701 119355.646470969 96926.9911563319 81473.5227366169 77174.4985473235 1.06680413381853
0.0530795976419254 0.0400909268538352 0.0755082654804045 0.233079770150406 0.0160576023395085 0.108853317216416 0.176836520739849 137507.260097561 63204.2271324428 144823.031555688 1027.59971266701 0.0688858948100963
0.640863167709874 0.63521587327302 0.807592814402218 0.661045349624533 0.415843969160888 0.712111707484762 0.869966376961806 178736.832942716 133846.657505481 88319.8029122092 139335.938240519 0.613163505414923
0.388228057855808 0.998338337458369 0.923001452505063 0.756487325253363 0.256144349988848 0.344216133406797 0.365326049583798 214358.587379077 123255.060450893 114935.416171343 101979.199816147 0.975028859914735
0.551884071113513 0.653517318433759 0.659481698756192 0.425455171669741 0.305580375447068 0.27800632018276 0.731750605666716 128153.261151064 103354.713432452 81277.2435451028 94658.3120783409 0.338592694178596
0.00732091275628775 0.0190085606220992 0.00930866693107537 0.0850945145630758 0.0388138238713888 0.167947898571659 0.0956355497980474 51949.7146324648 48289.0623234259 71009.3245252877 96291.5459060673 0.191560679266183
0.292538372870254 0.979819736785664 1.08845023368008 0.467611971045828 0.142828384587731 0.245863639657604 0.29598885702149 138238.959884306 115967.624550774 78234.2237053611 60261.6748976503 0.343473518970263
0.533699994548616 0.167635374543008 0.466781186743989 0.770166831942163 0.306159304856978 0.316647007820929 0.471752395602434 52424.9661146328 47906.2462695806 71506.1364629074 93717.6547254643 0.589585045188467
0.459944075178036 0.947202807676439 1.04781650707192 0.463388504073299 0.182722087103618 0.271109417537673 0.302214787963062 122184.03159043 91824.4543078621 87853.2782566108 65292.103449744 0.505027346911809
0.45241112585183 0.748826109149121 0.803491793396942 0.427592165918723 0.205861141520847 0.26639676591409 0.359753383280559 151454.221220193 116122.754903477 80370.8600901992 68450.0495333063 0.557358687780526
1.33862538879796 0.0360927070990566 0.816625519961574 1.26736549124634 -0.186478456633928 0.123496301832111 0.818087034824728 145900.17950781 108944.587805183 88967.9631686342 134192.951360282 0.814011714391697
0.259581951110778 0.921186823696102 0.612737055906683 0.673414309276378 0.125900345223291 0.167190815416338 0.106479314451267 151029.507533172 128829.828544808 77190.4333335701 43031.7341375032 0.250985874829584
0.318483128280806 0.877473715655544 0.743011262438976 0.61334786253529 0.151262498553507 0.393132311971678 0.278523563001103 131946.253258318 113658.631775301 76250.3655453951 24159.989407171 -0.14263879428843
1.30860544122779 -0.877961556922584 1.42947382652484 1.43128135166579 0.675495396317777 -0.78713289586675 1.1082290620214 190688.973134847 137694.962294309 90009.359837669 130337.590062286 1.33994022129985
0.643065164179373 0.943029898137959 1.05672940516774 0.602479370810989 0.301111258194477 0.44276248562672 0.48832472506197 179106.996641888 104165.981241636 112393.977508653 122076.388075607 0.900177289196469
0.614143295468495 0.747035928910358 0.674885790167876 0.383314567624057 0.357904202918985 0.372010254457288 0.754880506251498 132202.388438357 101349.726215458 86369.8246644661 115124.160877948 0.480050634729859
0.443668821892573 0.124473451676248 0.0961031442177699 0.433430659840694 0.567457075585691 -1.1234387041294 0.196144318131878 262018.061349125 259860.201545085 66107.0976327262 261902.050150109 1.77445499659275
0.313741657052979 0.779955510537576 0.618924222747049 0.440730877895327 0.158686322290879 0.296580131251065 0.329754492287466 134912.484084763 95107.2742418453 80239.2209867051 51292.0925356122 0.381744426765627
0.592575819898204 0.966433801872928 0.778119736601357 0.917996768762514 0.390272737529485 0.434243948407993 0.820914687341784 230109.385604573 122676.154729054 124668.923184359 174703.477517985 0.597564822728471
0.225327319734947 0.91692471764362 0.559518026792998 0.891422669614258 0.160666180626777 0.129036361035581 0.21033132455034 147500.786754695 126648.149800097 76351.7812933735 44169.1202908192 0.207848355953324
0.692240990785398 0.695058984868503 0.791997706890495 0.637866889786621 0.378297230486129 0.44080272470193 0.83419918838424 132336.180180811 80998.4864585921 107917.507733583 160105.456421234 0.676092737289902
0.580380589920074 0.604898755669927 0.705141282769258 0.498910248794073 0.328853276939422 0.0598501203338942 0.795174323797976 144414.641925824 108985.932862421 87262.708826446 135688.24802833 0.115615628438803
0.12938814897646 0.879331342427736 0.24898455423106 0.898800942983802 0.176258940997216 0.183612794271031 0.172227631163834 114704.050022417 100552.078451347 74766.6015645325 44150.9281016622 0.222456379466636
0.18744507078516 0.882367351979261 0.994729317099216 0.42867834704292 0.148077625349274 -0.0623163908126776 0.224781678998243 164773.445482366 136477.024465888 80282.5177843391 44271.8288507274 0.260252814715671
0.191080332109334 0.913121413665978 0.550900202832973 0.676448229259889 0.160859197988356 0.0805405059895228 0.176138139371666 95964.7490458727 79537.1725506888 79355.7981746288 43282.3484215404 0.123353066588296
0.336695658799307 1.01141517422673 1.06855559573741 0.652973601454435 0.233848440468405 0.285023884698624 0.356956448270711 237287.475263868 175339.807257526 89009.7985459365 85608.7761570238 0.513865029471384
0.209924508833785 0.830691423832987 0.715646977847889 0.276274048952034 0.133176628186964 0.197879215859713 0.240278706657537 149998.595821668 133560.726117934 73942.5321534136 75910.8412323517 0.882419901608481
0.199038349933135 0.835916642126079 0.493674209852938 0.667505036648562 0.118585876621755 0.170086630554902 0.194609195333801 132153.649550661 117655.440382228 73915.866696039 48139.9143122178 0.940117965350921
0.5840329763071 0.61222589929574 0.732092784025551 0.594607598370304 0.33337455396998 0.377829887576754 0.829550416823288 169004.346464644 130828.29122182 84650.7474023007 131101.127333661 0.545111540231385
0.640675945400405 0.899285919351617 0.949202750851738 0.64892700328346 0.408782255618364 0.460560700093533 0.82866736193843 233109.432299136 114241.087269846 135118.898595356 194346.76018194 0.627735413301222
0.247595875007973 0.833319519690196 1.00461670813189 0.377043900689096 0.121694094227281 0.227417880361287 0.218017764145573 93010.3551223048 80396.3540355178 75798.0311804595 62574.6509270886 0.953390601394599
0.293071243945015 0.508078684369412 0.352574086235472 -0.136100870407828 0.193372553484907 -0.488540580629736 0.204944295174894 129506.493099332 107458.483152055 79254.0782396301 70890.2959448855 -0.717735072506891
0.15943828913818 0.918688707931558 1.02830333539401 0.400008041926562 0.131359390999884 0.128267929299257 0.22383090541802 156331.206823674 139560.128710821 74815.159583029 57723.7204511924 0.301304577730234
0.117097402954455 0.825936312220988 0.879905109166083 0.31443989806918 0.0923272526399072 0.426550531390692 0.240592445317278 105837.767801113 95120.2983647606 72568.07673244 33416.4704279263 -0.948815405603628
0.76388295989506 0.303869779448113 0.54937044414448 0.575787543915347 0.244779747250357 0.358427756274662 0.474632784522662 97643.9410050488 80846.7248850388 79202.0576247634 100838.206405395 0.979799994237184
0.771292973246489 0.328265906131793 0.565733886421409 0.626628851889017 0.299505416523172 0.145147042063365 0.52215069792933 131569.537287941 110790.210704994 78300.4939571883 103806.046858106 1.01319231158566
0.232232218059501 0.932421585903022 0.564047780547528 0.910421028569199 0.174753258746669 0.198499938046611 0.219779291692467 107398.100515489 89722.7056468469 78506.5213031049 49582.7086895387 0.233532024240761
0.712257152058807 0.777322635363855 0.701531278113697 0.551482562134158 0.359265361473859 0.349176346795995 0.689273270561453 175379.946073195 144114.003994366 79801.0979250867 91462.5930008449 0.438068380514531
0.199415291455882 0.856501196909401 0.345689546537383 0.917575979550614 0.193929150017445 0.188239501650261 0.223047071913831 137825.373900303 116865.935727294 77511.1613008359 44885.030796197 0.237138544751443
-0.150459185928469 1.18910588581639 1.20133543268099 1.15095222545871 0.826604680585829 0.780787645212089 0.692215814776075 208815.902184856 163330.853796259 87217.0924339151 123481.737459795 0.686555349058937
0.565193198588792 0.963716668943247 0.713442986938231 0.92745979918372 0.303854136612739 0.347388917895135 0.500661339824389 187186.952568155 142080.917769244 86818.7981604468 106950.117854331 0.671207534778986
0.161199171196497 0.11582636845359 0.147961492170968 -0.168293294195821 0.179868592303366 -0.174172718649408 0.212240500322018 76452.8442879053 51055.2134658046 101548.481347881 71176.4166393998 0.607103965531537
0.315096564307722 0.604823595488082 0.719541162513951 0.294280046872779 0.166514208637193 0.333636200854064 0.565450109938962 125346.255868012 110198.663112334 81547.8830585601 72640.2548184557 0.51719237641091
-0.0924273775204525 0.989549941402667 0.658128767301375 -0.106139277004839 0.0465071628858085 -0.473106327181742 -0.170591911912779 147577.115762776 125897.617215205 77477.5777284592 47407.8847190179 -0.625499845457672
0.425940832935728 0.383628093749632 0.151462474896285 0.384088377684324 0.149462518961656 0.0986597361814574 0.205334710697395 135346.094508906 116458.775590142 76292.6734265596 43688.7429459405 0.185174775597059
0.633312815757113 0.562180283475932 0.691554658369847 0.658104826111075 0.347730735541496 0.578357528930734 0.747820983151267 147136.890498498 109166.061715845 88790.6066361771 25061.4207011625 0.72357378857694
0.337720616347276 0.722098814485506 0.201764050792961 0.688298401772983 0.320202171755611 0.362442065721891 0.340284128089054 225286.759856799 113430.218264258 131419.978316071 113218.622839024 0.501046084047014
0.224110700332686 0.94581284019127 1.05112290296294 0.412598633278698 0.144483656104882 0.238435466651156 0.248786337238968 87628.2410405632 69514.4129604373 82558.8163611439 53708.905945143 0.268583905225046
0.336264705719914 0.52274993648597 0.304723041589153 0.496453427412357 0.213720747044528 0.201108741498224 0.343476270542186 193483.973971881 157145.635948129 81031.9887163609 67870.8481153817 0.372562539673416
0.333611309771293 0.758907315069633 0.550930196129975 0.585466092332347 0.231682869988063 0.219187474599392 0.333104100531214 120225.552625584 107265.069832233 82952.9926138829 56927.1046434178 0.436140364098417
0.555004274222842 0.968809391663792 0.798040499560817 0.757392905890989 0.287244330001105 0.340123813804167 0.392512949185914 166666.019377246 88460.6917459203 123059.923148287 100824.333236123 0.699403108685884
0.595759204244988 0.25808815497847 0.219423658519438 0.596166437535796 0.202058949815378 0.50798511231632 0.487271889392426 54479.3589393212 48558.3417614436 72988.1083688544 37838.1724871097 0.78351913803035
0.290133398943752 0.782431763218534 0.455535731696341 0.564516889203909 0.170320307470813 0.163583413019003 0.422160314852665 124291.697761859 112668.310172192 78607.7150287406 72222.6926123488 0.463821382766109
0.295004383474847 0.897042116479501 0.662027378709212 0.683578742693219 0.154054239868098 0.28303592808666 0.198283306618181 68734.304349057 58484.3859293577 81959.8408197271 52145.1221353523 0.79509864968866
0.18317978647756 0.955392545582058 0.60987874778383 0.310923365318692 0.132959473919292 0.262886058025672 0.181727983104678 73417.3356453913 63088.9435176626 76553.2420889876 34354.4133138407 0.830364283464709
0.691365517011444 0.773076990757534 0.794604527256005 0.703608972491841 0.39869035584333 0.457673570240557 0.818176029671912 262073.599312171 242512.17318693 71264.1159708529 179083.138653061 0.740132818872166
0.552582455302385 0.808417728510746 0.761423859800608 0.549269783286086 0.192539015786748 0.192803798131114 0.328219641600521 136430.310108178 112219.781914441 80361.5558228361 67986.6978217342 0.365465739740002
-0.306047228009177 0.894812317359284 0.614800017297222 0.424679852451019 0.136237029811237 0.266830724699349 -0.336144767283774 112079.969324559 106403.128229564 68464.4465634761 45255.4302267671 0.257520107781816
0.555378097063724 0.502311246939924 0.379720790394577 0.582952584850766 0.33040637732624 0.467773209276611 0.801736402253012 123019.595824001 100908.663065106 79797.7661300738 118640.176102137 0.593452340889235
0.287219759941939 0.761874629880192 0.766331960537817 0.60936514135795 0.187234445853224 0.223712664024422 0.32008922004988 113652.288647963 88187.879425524 79180.9402312534 74025.2436964616 0.417519458926985
0.329287615470005 0.48233727480467 0.901947943734489 0.521841300532025 0.27319538540281 0.289710821045773 0.402234445256859 143250.864722183 113529.473756173 83094.7328492372 95157.9305045537 0.42468808774657
0.342296778743132 0.918328375939493 0.783930854964496 0.647959348686732 0.204023694194618 0.126658973736462 0.159629267538471 69372.2508999589 123674.883969486 81726.2093827247 63500.4271901156 0.350966544547622
0.495442408732562 0.955463680388664 1.04275820601337 0.431064758161221 0.178152669354453 0.284554620804213 0.709273439707634 133883.826155392 106989.562220137 82411.9409411802 69123.9615446281 0.449202206235848
0.0561035393474195 0.728741079379874 0.442467227376323 0.372997087784969 0.231662412052176 0.0314503734003126 0.199865719651267 110997.98021135 75592.3620486911 81014.4315162118 42028.8007871222 0.145445717507935
0.326191853300855 0.763002510527614 0.774319370709873 0.49282025544215 0.0935440197126199 0.185294659220441 0.252869150100495 145585.909360455 90775.8515687984 78839.1336540619 84186.9564244153 0.334508643556729
0.320532929476019 0.83499301000473 0.752364035259986 0.618530625144574 0.143737024359728 0.155508259621462 0.465447063381094 154018.231880117 119028.086857098 79892.6794830619 69376.330141563 0.452182944238992
0.59695762226637 0.597425420627536 0.740193466838708 0.605581743277384 0.332555223720489 0.373263908102912 0.848249906106646 220948.010177302 173201.780861329 83689.1908552506 132500.318606798 0.563059924621734
0.352142692930782 0.888194913032436 0.577009541869926 0.494722776808534 0.218532974567103 0.223788441671775 0.331577815889981 110032.261493356 96249.4650805777 77302.1829892918 61353.4574708509 0.42103599857748
0.264151549508815 0.427699942235504 0.172726433163356 0.453409132528709 0.194091880441793 0.195077410777161 0.256290872617484 99992.7528953396 79270.3613848956 82750.6727410172 52697.5929978459 0.280736277343342
0.504687512061173 1.02852075121766 0.399212355503056 0.582504452852534 0.146706195258077 0.19119939927004 0.40966130053844 110253.680130809 96692.7626068245 79368.4866006529 69789.115933237 0.0204452748563063
0.178737512340855 0.965224338281897 0.649651916316637 0.66897997611129 0.285319266030665 0.28410100059186 0.291188911993234 129293.62647532 110878.605915255 76599.7102885429 33390.1802527286 0.30721859582383
1.33576953402852 0.530601148821104 -0.457983846087661 1.06724411237154 0.272482474592378 0.342423901465387 1.00539253693944 159991.59053147 132427.978652523 80891.1540354564 101904.148653853 0.527310799748122
0.558721064358871 0.529863387808904 0.808644467695572 -0.20418710688534 0.271931309974272 0.0275107755079559 0.65404063876058 161060.391088841 120985.954432066 92982.3150665844 14945.6343220073 0.348324082093845
0.465823377557732 0.946600574546383 0.61176339114868 0.654755650840682 0.19419620083563 0.249097129383459 0.289954070226123 121850.905690992 89541.7222537051 89676.7411125849 62703.6806058788 0.479558438532755
0.370801040242657 0.377678719368637 0.134156145474615 0.284915132656331 0.153567091548647 0.137891583419232 0.233857621357384 119185.156087636 99679.1098766697 79477.8811105073 43418.8514045885 0.247830499501505
0.717715058991272 0.917465825725273 0.770088984621987 0.593524694028181 0.985655773064683 0.351738062938562 0.837536719859245 128925.718022262 109040.034631431 77756.8176059356 47102.1951634172 0.204273266521003
0.192016395667053 0.900796579140534 1.00510955608501 0.393161217456841 0.121865384137541 0.139470448740088 0.225921439774944 167293.217374158 143793.1230607 76238.3113777211 41100.5046711929 0.224295922702103
-0.0530102032213318 1.08571580642939 0.848158784561156 0.337428720287233 0.397220796314509 0.484679001269133 0.408138881085539 159620.744543726 127075.334583992 96406.3128121636 146852.612560589 0.648943934160707
0.616063509212224 0.68064966764379 0.821738645236509 0.0399849336673838 0.268461304767921 0.37994268041039 0.396632873982238 154213.869337124 120974.574622782 82979.0914808797 16954.3608738409 0.44182541944028
0.648984415413463 0.796050137974099 0.814342082917305 0.673295208014141 0.543837262318384 0.432026385112439 0.838915420239803 149664.314749921 111334.704198215 88354.1478454224 140513.89281924 0.583184444821072
0.180612923847401 0.677574857002406 0.620364606912557 0.577823534080809 0.157585028916299 0.225942914923258 0.327495410124369 154524.196657934 102878.392410564 79349.2834005923 57930.413217816 0.395188697959368
0.623921642484383 0.603098248607036 0.763633330766598 0.563027415375164 0.377116913575357 0.435365921574844 0.663479207204214 136455.077462221 103395.609918052 86527.6154323622 129163.05902386 0.513492033951056
0.0877619158482446 0.846521979436374 1.09327981027378 0.416411882748283 0.099245000817414 0.170429798393855 0.257496108620477 251101.380442699 243412.494748558 67769.665484186 78601.0482208153 0.90929365654632
0.592488217941636 0.674988846443127 0.736133179547282 0.579671485151683 0.34536351819326 0.408359971907277 0.812398411346629 90780.5812033456 63787.2594546018 93211.0386737653 139643.310834991 0.538852126930164
0.605810061206322 0.72413099395631 0.616430741768077 -0.2757988083062 0.270492520289969 -0.472764158038733 0.658458595222015 110508.669927249 62874.2121302564 117128.131825535 136550.158623909 -0.017456865410038
0.374101500782681 0.991086811425199 0.639698763916919 0.925776657958385 0.271353140155963 0.281512812550777 0.356083030957145 247307.870165563 186512.249053933 87355.4674905012 86889.3554498214 0.588470561796293
0.535133911310167 0.679424032215633 0.703215349699565 0.555977053929061 0.3395452745834 0.393813361351815 0.784385452027589 117590.644604418 91787.9378483765 84019.8981362395 129488.563583317 0.500764151673266
0.770623268437497 0.786262032519153 0.795712981373035 0.678875996758974 0.389888270527764 0.478842183698997 0.756063321002193 169181.949897871 85642.8271489488 129635.633932271 170728.395014874 0.955367722005136
0.394873101443739 0.727453672617716 0.552292604889421 0.493117815745301 0.244446548471703 0.374491267992585 0.406483297831196 143464.00058827 101411.075785225 83833.8820725902 87409.1942267099 0.763302237363661
0.265691528279356 0.865771603409678 0.727766166418363 0.454329501434346 0.203662738398688 0.159263793450717 0.4144702659628 115904.399150853 99555.8283494938 80776.1167535228 53696.9529982198 0.389637653145194
0.426659875531009 0.854905100373544 0.578510777125488 0.352729981486841 0.43760950130222 0.253702899129492 0.404134928799316 192829.701954306 112840.752316385 92099.4001294115 49807.7922320789 0.710433919977806
0.330008430044392 0.741629982213972 0.750100082155634 0.475156160496245 0.236128249800873 0.30204640456959 0.326593790096302 117289.850236926 98376.3079504019 81365.8547827792 65981.905422754 0.492998794338005
0.374480540689307 1.01969352552605 0.662974944886847 0.976745535726343 0.284335265780517 0.294224105056072 0.359111945477487 238819.431804412 132244.034476611 120610.165063063 94505.8142357987 0.425069067707269
0.357477860425054 0.680351854047561 0.681003094139755 0.659054353723907 0.188816198876044 0.256807393813651 0.404505295747022 103332.67269834 102918.021454049 86229.7940618998 72223.6148644038 0.491530678334606
0.461017734944088 0.855924332620452 0.79408374666694 0.524045264767433 0.243980651365962 0.20645887918247 0.55693776006657 161889.844492151 111013.79910403 73708.7655855607 77027.6023533878 0.240819994914546
0.472231173656094 0.766143397483753 0.630427532981176 0.520523309245423 0.375738574911776 0.424796965637832 0.521762684283081 120414.519540828 96016.2661843844 82071.7474177268 67872.6942154626 0.581602802491778
0.172747006669774 0.939236679125069 1.01559927444572 0.15423418040437 0.125418117406096 0.0746992291004961 0.177260857733278 112063.665595912 94712.9879642962 77731.1578733552 42506.1847301348 0.0925330668503456
0.293425006844443 -0.0159535690605066 -0.0739092067424926 0.666519170909541 0.294745003140371 -1.16913619090311 -0.212267429803816 238572.137854963 85556.796227943 195252.873218194 250622.486535314 1.84470083459535
0.275260724513973 0.767625133786332 0.528539475071278 0.637432178683632 0.206259398281799 0.200107315950933 0.220381024714304 134014.855596656 105441.920170102 78049.1411611578 73208.8709433021 0.242564611566188
0.257499317986289 0.423648634758069 0.174971836530566 0.459386181919461 0.194678511299302 0.19816300830836 0.260389789765681 143677.925324982 122676.283791014 76870.5791167085 51787.2278452847 0.29212648775756
0.236158174279253 0.851982190801885 0.72757167123651 0.457729454331728 0.177071584136757 0.232359856294901 0.329292693620802 102712.061530918 113181.648757826 82224.9772184612 96315.0697921105 0.517750466148288
0.315122451662046 0.810613869598092 0.469131602225804 0.64318473928251 0.121057987577721 0.165768739519527 0.173400262758438 60789.5201745199 52050.0253610865 76542.4406363314 40105.0040121141 0.868337485079736
0.254264984730359 0.52389156018202 0.461208021742718 0.490017235961793 0.162159865864197 -0.789269043676779 0.287185342205344 114222.450342331 97881.9018927 75190.7962682375 43290.4792854949 1.29454949190145
0.292938249173011 0.815012953915084 0.569435169275257 0.602345828739683 0.207085989291853 0.145178259519499 0.179650655771542 156340.994051927 121660.1157098 82289.5510880817 98634.1759712443 0.324699312374115
0.34937990554253 0.982040549972237 0.908397646361736 0.488843204185304 0.213132892559417 0.106819992272316 0.143829902607817 108979.024091151 97506.5029424737 73509.9049668283 43113.313814525 0.456783287066642
0.311351234885904 0.779445241308085 0.741792549971768 0.507542088518111 0.29887181192471 0.189855759561622 0.370095778234625 118884.649851546 103491.694152515 73759.0523594307 86914.0564609092 0.381121611839807
0.171994241481202 0.850660214365755 0.936886761360609 0.209043203668649 0.135435314730528 0.198199659751778 0.174551691894452 65560.5924447914 56205.1874080472 76831.6151185226 34313.1570235463 0.241421525831021
0.932754265099656 0.655835835942311 0.684266886321866 -0.477452922178638 0.321651894262975 0.362636342268167 0.635160016403414 115428.541781394 85806.5333640262 88787.2860879248 108377.206631531 0.660732151276912
0.337498389994228 0.816940948789078 0.486409008152184 0.535004940052209 0.125663192398858 0.215367951940721 0.215406147787731 97608.8320889478 84073.1749666855 76211.590846861 59367.8629135584 0.953550547663902
0.310980666641521 0.73790434641138 0.660855505301311 0.408139862015446 0.263322963262392 0.163568980466864 0.34704765021953 94700.1403915854 91079.7370886958 80776.0034250159 46028.2876710757 0.344879432968395
0.297366126222943 0.721853407980377 0.828337610671421 0.683794321511798 0.180892191423721 0.265262085975151 0.45319995339163 146693.567332095 93991.5008824898 74435.8463451184 88626.8216353535 0.239133182106781
0.367719370821345 0.888120105562124 0.48632990367922 0.512799231238249 0.201771523441428 0.278538826670338 0.56984804336456 126625.450672675 83096.3781483069 76672.3386986177 66941.6451050463 0.375739451951684
0.204437746299815 0.810757864430028 0.396855409899749 0.496623191377247 0.1872564257384 0.243654094825653 0.420382989533809 143813.245454369 96146.2765110634 82866.9729759263 70231.4482230553 0.332916740345431
0.369482297870033 0.804961192975749 0.626512151918887 0.533947962232473 0.165415038034308 0.274196324268694 0.307646200168957 96415.961775961 119778.214663742 79839.2826188721 80262.8044659597 0.614943278317191
-0.0851930378184195 -0.10369601638004 0.110936438575983 -0.0551365472580433 0.0453004397913033 -0.661705156172255 -0.0467556222049526 261790.850988797 259448.328529402 66136.3671771476 261247.741389728 0.979034736368542
0.250745639926354 0.708537050192289 0.908034288738299 0.666573126603521 0.193704512879584 0.370042355914322 0.39055518022902 111096.679108859 121625.868874716 78629.1824858708 71955.0566187454 0.283079231485886
0.494755607405035 0.639476583699118 0.683332861469648 0.678881692733416 0.256664162254491 0.613397482369167 0.58596827819302 129976.053209544 111285.014437569 76559.9675394549 36062.3961476988 0.853386345193413
0.525813325238379 0.91088252114022 0.575439492532543 0.88554124626128 0.19005281219178 0.195666562934633 0.256595895447853 151352.208413861 125713.8662608 78882.7929586819 46031.1184581396 0.33261175712754
0.316968421414479 0.775325075679939 0.665966386801871 0.592507890034711 0.208220615980452 0.246521712517982 0.358353315684058 140949.507414167 133875.932726206 77742.9470853811 65377.501696114 0.256445175947445
-0.216212437564177 0.931158240504337 0.97621568893697 -0.151632554740059 0.231508852877273 0.217826861697039 0.349236610060605 149080.518852201 83455.7105804362 112434.730166478 78500.2811105039 0.730359393667489
0.306020220915566 0.0761368853654872 0.123970346527554 0.354251232480475 0.187800431690185 0.192741589891591 0.290026917764105 64804.7737750747 57310.4297838284 71225.4399115615 256281.412781263 0.710339942264058
0.396230823036414 0.640860678538242 0.487698895743833 0.573018340387309 0.164626623255808 0.0917003294564801 0.367824610983436 122315.989049732 106948.668768215 80847.9570873494 76187.4083530229 0.408410758453561
0.333794300935687 0.862606629206598 0.881546172756314 0.380378562518828 0.214901617148494 0.213156438632904 0.361309355316894 141023.758594859 114193.343472432 79373.3665849596 60740.7082371216 0.236079292667334
0.708047464063294 0.810196158179465 0.830388603790098 0.660421542685303 0.40336824837632 0.461728595909077 0.833872664850987 204563.68125707 145096.043008489 92600.3310099218 160632.800408805 0.744747651310358
0.391194785703155 0.725909654074546 0.749042277895881 0.515428652778699 0.0810948733923617 0.231731218086938 0.452315131564983 174666.081605574 105246.195014851 80786.1101092187 49344.2239891502 0.541108517698087
0.554674812364413 0.968492202322143 0.765342506621217 0.649467549129164 0.284774042493699 0.0916874057606168 0.265675907808565 172980.076153612 136517.621176747 80418.3268816383 81281.2467046484 0.256034621824561
0.38922830952245 0.639001689087125 0.82080350604967 0.562806734465916 0.224707741130501 0.105945294234393 0.276436717571911 138423.243007174 104810.409171865 80294.6180000174 56748.591276485 0.467776637468051
0.645550760689361 -0.595073578797502 -0.887014826544029 1.35727147527832 0.728835429186182 0.870174531397854 1.15779295077582 119848.844125879 93666.7109048964 87897.8984878364 241480.161917267 1.28331881627291
0.298859700348075 0.376036178590582 0.263458775673976 0.327946025914352 0.165701828253785 0.218631371744432 0.276421669678643 161200.364920446 141719.260076848 74763.8406834918 81993.5737204178 0.965736514469523
-0.408473867710465 -0.270671358653879 0.643343227898879 0.316837845719439 0.219377274171607 -0.337644711555894 0.275318743847484 69496.9471810426 58111.5643963527 75089.0178668728 76390.4127621615 0.0535697040887867
0.368842717620129 0.545137736384294 0.340718705498585 0.589774620457009 0.104702807984273 0.175083933015517 0.570076905951662 135392.244115714 88351.3969764497 81155.3753311331 22314.4720651567 -0.13924113367716
0.420186150037224 0.950193791706121 0.988281542280277 0.466691095055553 0.121398787005848 0.202919382691921 0.319519640223559 98836.3711666354 87694.1587188996 73243.1984288442 47445.8263012739 0.474575887673236
0.208441761881328 0.837125932184425 0.76780063516094 0.51602339791964 0.201075287040374 0.277347528410605 0.329576540704008 113248.937143851 106182.788419126 87800.3997489119 72363.7667349368 0.327999153005313
0.639171027221637 0.289061887226665 0.371450755014181 0.730546322259332 0.377643717532683 0.539185759177659 0.598292347664372 116747.740736294 87017.2071182593 85215.6490386632 152903.04982027 1.03484196774152
0.358485702388333 1.04395323127045 1.08565282829896 0.674436991732892 0.256942157817711 0.318905643939578 0.369193119761623 228874.006763681 122713.791653171 123751.331565708 95445.7743127452 0.428931336469842
0.406605195124301 0.850970658589107 0.652698272719673 0.593737192791983 0.231175699832741 0.228771043457442 0.288742776770129 136820.304659448 101983.525351246 76696.6981624535 78916.1282062383 0.421665520579308
0.624063616892527 0.757014181336851 0.698060330974683 0.763221131538406 0.647440697044202 0.613641775386389 0.644860619780779 196981.482347071 157914.669664183 86468.8066453297 168196.505590408 0.72130872671732
0.369661575448512 0.717902445534536 0.634132887188974 0.504621393076874 0.0715431602528489 0.176664836673031 0.517405713803634 129723.134676216 112218.967285062 80673.8813414552 49721.2043276341 0.487876339002397
0.183131620905583 0.747775120659972 0.802624240615029 0.638952195248861 0.201261175899537 0.292741088869942 0.501625321791636 187482.337499297 102199.633154957 79925.1480227446 62612.1931906663 0.607283677623608
0.251178016818359 0.697527810222671 0.793185704301144 0.542695123148282 0.132880113831554 0.253322056340994 0.244657970980988 160364.191609052 123244.686097958 81892.255121124 89460.7264750166 0.349830364253546
0.352293793090776 0.789397547458151 0.744901643645595 0.477407416858621 0.161299613721665 0.296641122208975 0.340667021069605 125583.961945406 89213.0638072699 75610.6142828405 83978.5075391973 0.353347848979014
0.39146308300615 0.722292531458902 0.789406907842353 0.585106028955172 0.142711838416027 0.142758881319102 0.549542145138105 136007.317329198 110048.397583952 76477.3622707131 76571.2918326382 0.247889984014273
0.051273814745898 0.907740971078229 1.02359232136909 0.389342126845912 0.119970258291267 0.252431793401819 0.166529714734101 104195.3142538 92909.7477266068 73452.9062116371 47274.6542103455 0.26637679312917
0.656437393556844 0.310548804145706 0.388183855341486 0.48261382170453 0.178615182649214 0.27909916635805 0.348394163839479 55809.2333146327 46778.6520098881 78094.7249899064 66960.1116374415 0.865182367086959
0.271884708449518 0.710792121687836 0.676904259468915 0.500673744916445 0.225673183280956 0.32367086920129 0.288813076853998 122001.199565403 102960.304143266 79075.8607511963 83759.6694248864 0.332124650173967
0.327801825960324 0.920557341747386 0.823337053708995 0.379285800198074 0.235133057397159 0.183444278815891 0.27631413583023 150162.138819169 119929.049725171 79742.0390889473 90645.1760584079 0.19874299203749
0.351246156891476 0.39360187938111 0.202924730088657 0.410522521275248 0.162059862738478 0.254179552755734 0.261096476492924 112346.863678774 96547.7321749874 76424.8136665337 76028.9438855598 0.991091476277763
0.441824657380249 0.877141393003415 0.657984511674177 0.32892292988807 0.154289786483032 0.223275527167959 0.351816897616945 82804.1809809498 117531.321992041 82531.0270030155 33451.7052438126 0.462629407490618
0.294640160748709 0.849308555517878 0.629139661608225 0.279198192217222 0.182745123703513 0.227892909174999 0.342031836004635 187564.748393717 104153.001942323 78729.3707433071 66734.5923714873 0.633046103642669
0.599865407503518 0.572934444002444 0.534812467895369 0.476202755705427 0.246052633786473 0.313470926777049 0.5463418412581 63314.2763317166 47801.0483455145 86812.7682407089 76994.0310332645 0.516025792777502
0.23885331661326 0.572965903298528 0.714856469434333 0.592228821225518 0.222152736580514 0.21541510710694 0.329244263556565 120410.121363366 90733.061364493 79203.9958793152 44319.798593143 0.412233231780485
0.425582032001296 0.828949572108296 0.677906524112791 0.617384741172251 0.1646523160214 0.235026346559681 0.326556221234413 129601.893739413 111122.013713888 72987.3273291862 102419.954161636 0.494033771366817
0.157139848724995 -0.0281245733905578 -0.482972807016526 0.348151169641716 0.182756164699847 0.194258613117522 0.119344409421749 123548.202131103 112795.326149995 71798.8050877692 45910.862686939 0.267304839574218
0.300508039787946 0.705639701158632 0.75355432801684 0.368322271297328 0.281144066321635 0.332240843963482 0.268002385115771 150051.003806381 133234.368188608 79824.7247433648 540.174104514749 0.24773303482374
0.280407204991468 0.809176270894112 0.685121424609713 0.484857324799805 0.213917116763697 0.151537675136705 0.352319211971441 128725.913218352 120171.692631371 84744.7176236914 75144.3509755104 0.309821798415077
-0.255247738594395 0.764160901867761 1.0012705663799 0.157904190160265 0.147123352772633 0.271793152841131 -0.180864503147625 151651.385718168 146075.20031094 68203.0406449685 62765.3351749719 0.912210801103907
0.289394451569859 0.778118692636308 0.672264184559276 0.548641715075932 0.188299861495117 0.239329294317903 0.3831148171394 155457.440514837 99683.863903623 79593.4072254907 72417.0880017562 0.394377482510966
0.162436399730428 0.792251052267727 0.912045885702848 0.540186601850237 0.199148683738815 0.282174969658352 0.384914874969687 131049.269058509 89419.7582202442 84190.3895360927 53665.504763728 0.371353702600169
0.172219967595589 0.515276475854456 0.347773970036452 0.0852703796157781 0.117153044532967 -0.0265303268186149 0.0890725898642354 97538.257039105 86789.7394132602 73180.3514831363 45155.5624670145 0.109316081622519
0.378970216376692 0.440625236762826 0.268127031780271 0.266956857797266 0.12373435266807 0.15808525263813 0.206138185795803 70966.5282032717 61795.4910037869 75201.8077020306 47899.7108160305 0.852982501332947
0.335028480306947 0.918209389627386 0.604564276860768 0.438295941073486 0.186602286310342 0.287549436280347 0.310438827775927 165618.983440166 98070.268368878 79148.5454574977 83725.7222070229 0.480959545841525
0.36966605227727 0.847427332230992 0.726494113764189 0.485441363701884 0.224754983105211 0.0242418536850201 -0.193033916303384 79887.8909257342 166784.406613823 70089.7783971087 153662.229423448 0.19309784335332
0.303655077771529 0.823256690579414 0.652371883845095 0.608292574082039 0.12160518165074 0.248052875755938 0.39672334066619 104117.536576301 98377.5102096471 77968.2546432654 87950.3039487932 0.345567498041381
0.671475265088935 -0.570317349578193 0.0516247179309168 0.426848119363841 0.530240519025868 -1.160215591899 0.178505448391488 261579.497307989 259398.776120845 66204.1133043405 261693.842587571 1.79423070419015
0.723398907592517 0.862486212719448 0.698673291427802 0.560855635724559 0.438239596709957 0.324312409710653 0.515589832067434 134257.045372879 104431.089531126 84714.7522542707 93066.8602056019 0.435889349652466
0.245279352288704 0.821414268733114 0.689230089068553 0.564764466286208 0.197046143033967 0.293704341453169 0.366201360610535 149081.361394068 106484.676401939 83198.1096977607 59495.1860245958 0.370803850423251
0.29588258875658 0.632949168250877 0.669548169265202 0.551096990937501 0.161047272782173 0.182715357070509 0.352608495576606 120376.938334613 108067.758044193 84280.911014131 84138.0773366736 0.567125415865794
0.389356894686239 0.929351574148783 0.766531242187669 0.595747222575415 0.179164148717425 0.135447031835001 0.421844082607081 127767.299142826 111265.557034337 80052.6498981172 105369.086429839 0.401713699616046
0.312524053407637 0.742571833188489 0.696703384081988 0.592660551147412 0.165108354667028 0.232882931387048 0.400799399750868 118979.635197052 96991.9864495172 77544.0577478707 66538.5871374951 0.555753060825543
0.250446865270942 0.945414316315288 0.606514929151899 0.534668711392291 0.141617100335052 0.198255138903654 0.239060626626004 126208.513191961 105861.437375136 78203.7187245495 49918.5339912645 0.270990295923574
0.598849160302433 0.658056698987423 0.566897570679431 0.534265358253981 0.245493638982657 0.303205842887126 0.407195953747497 216078.146660477 176705.08405163 80279.4126061163 94819.5083670769 0.635248309414989
0.203366308511491 0.866666109862977 1.04513734439146 0.396720145960571 0.117602418084372 0.194996132517028 0.230554402006483 158663.889724169 143012.154232074 72895.7280673636 60169.4015000611 0.967451107357488
0.306229786934401 0.783306801253132 0.75154996060634 0.51075192698999 0.198445872215223 0.245378114678866 0.379198076399322 139219.454616786 114815.214390224 78210.5876564026 56006.2692376285 0.240459025234425
0.295076329966524 0.702340543560974 0.656852321189186 0.494680323761643 0.242692461996512 0.192310313111594 0.483486089582182 104592.089898478 116441.07173706 79888.2727468082 75145.5234379143 0.187805948733183
0.577577802814141 0.807568676373176 0.6636058438186 0.611491338858847 0.437771640666084 0.416639510262753 0.819101075503178 127494.120504674 96243.9097234295 87044.8757841188 169413.436044671 0.579657245166124
0.436458255214347 0.824424236810715 0.679661298109113 0.609765577598258 0.226069189857991 0.354447489701212 0.474061088374252 99408.8202648674 88692.2832147731 79582.0607212626 72979.3215032112 0.382261501800599
0.420077250041134 0.814303093844142 0.761513059937082 0.655730096415591 0.185979973108161 0.124085172824771 0.609479810554243 75299.6540087403 120916.972411214 78169.8762946201 81690.388094485 0.424092700982039
0.222713825889208 0.830093068686279 0.980654140148293 0.252804521568761 0.105989844977403 0.153569853004385 0.168208928847871 61484.1613886505 53239.3831052036 75669.4401671161 37103.6061062555 0.837341273570117
0.363151524936334 0.996717338891088 0.913836022348633 0.749691775217662 0.245613017771792 0.287800482121946 0.3690006603628 262003.047388249 239156.959669316 72305.6257407317 90014.4904533574 0.547516482912054
0.217131090776166 0.811624909145533 0.965821940348991 0.632651299045535 0.211197890478196 0.260810365953796 0.486457971101618 69703.6428770725 85969.9211574426 86549.8314667281 64212.2551530587 0.493504254851451
0.21940912406135 0.662957052095116 0.414799778804759 0.45732945179003 0.269796628766645 0.254249279962715 0.293635923552956 132798.636683407 113986.170698308 76488.0626178296 36994.7999376417 0.270561765482349
0.597201061325311 0.6369579124862 0.524265071725051 0.501471664078834 0.14102553473035 0.193146390486022 0.355862353691974 172770.723886182 121222.211171762 76990.8622779476 56128.5405236271 0.630836798719727
0.137361717170843 0.828474287057634 0.968194088436777 0.378021515588901 0.0829287923646185 0.0501496121155546 0.213505936541724 228358.916321829 200072.811959457 74836.0587316693 35213.3232246298 0.213084997477772
0.300650135661885 0.735061398884376 0.679317802011337 0.45629367228786 0.191056432454825 0.299521190538772 0.39797075314077 124047.058574996 119595.731855234 81344.6976364874 83143.1792316195 0.302389816373824
0.760019502461128 -0.237357385862144 -0.0269061145119939 0.86360021500433 0.812746258280727 -1.18799139817835 0.858286972750931 -205345.305997132 252177.419666616 6645.48533280214 256554.520019375 1.89793760370467
1.31643114020764 0.692659010864504 1.05815421237394 -1.09187854066052 0.529054247256253 0.238711818088539 0.740996698978696 102001.586971028 69865.6832609239 83392.0962500662 105148.515370126 0.767106903086238
0.459873031200883 0.779851442175552 0.807794190031588 0.570351570961159 0.142261813300746 0.229285503664361 0.481715766678642 126994.663341279 105487.659197014 77145.7020302194 78486.4453942495 0.429055255639253
0.597826835618217 0.918759858558235 0.923393794450175 0.721136379124033 0.382361353827006 0.425139132695194 0.768084969511818 261781.224029339 177178.548316044 97970.8621409221 172333.149949085 0.611199895072653
0.27476814280632 0.842237970238864 0.782540860880318 0.551457531611032 0.197755687513385 0.267688340200361 0.150895549350369 120136.381278061 101869.196659277 76907.2364163564 104259.501693309 0.43051179169958
0.177375019599816 0.842536732803367 0.901832105035899 0.346915451387393 0.198415004033884 0.316848575394542 -0.385277713772837 140789.191655032 121067.981368178 73139.0605661727 78574.7603846772 0.832620142891346
0.205769333715818 0.924371875317937 0.579017151094364 0.482264185495376 0.114256104813022 0.107523535616692 0.220158046063065 190992.291553818 165247.399582634 75801.3494907299 39906.6021339013 0.229151319314567
0.316217027474625 0.795348656045786 0.879606754583404 0.552674256894791 0.22409645645328 0.314414111382676 0.124708521415633 108835.813412222 117848.363563705 78038.8968381554 39470.9209892248 0.0584632320774997
0.767364868257167 0.571549601496321 -0.113394203637389 0.778064492149769 0.870892943059335 -1.21178897136975 0.821331936791616 262069.788295504 259668.91310309 66136.1088462288 262003.77179986 1.93024254757963
0.650559629036799 0.584091708744392 0.66079510053564 0.669236875644891 0.466676487068383 0.852217475088721 0.732418165681241 257700.302105841 255790.827612119 66966.4457323454 108251.159725271 0.691303757729553
0.233051769450876 0.912161862845895 0.390163746481283 0.466581910270987 0.159475892984189 0.0797581541551367 0.479770963905549 106279.846994983 111129.296523847 82374.8874106631 110796.225462278 0.4061647798468
0.381696187036738 0.342479424204503 0.00612728505031436 0.576827263733812 0.218344786976577 0.466918606636411 0.414445108719299 135210.2817477 115474.838604115 76937.9036614246 49861.9517849505 0.609546037804495
0.19613744930543 0.939660788319125 1.04059613846568 0.393490300429367 0.13333854280418 0.215718848489136 0.232270286217264 110362.39942019 92839.5106453841 77954.7824926427 49547.53927237 0.242382421796191
0.32887367324686 0.998221077129626 0.629336240947612 0.701233650930031 0.229649936785619 0.331202251684263 0.364665120846307 136136.582197922 99059.365096762 76112.7822602465 65083.1131702378 0.0651523374347462
0.248636344860167 0.642724709133014 0.655903395327812 0.243929762082527 0.267226196507018 0.21630941755693 0.313319365285981 106579.318455579 104561.199238321 81697.3692823218 36594.3986789522 0.28881009324296
0.733530075330503 0.602145295512063 0.623984522274718 0.661135037935278 0.366119426457188 0.4394707915518 0.94578443832655 186611.318953933 132000.241434144 93234.8977927331 172650.970079859 0.641149706838652
0.199744875854299 0.908442126843009 1.02596483226786 0.0658601878397952 0.135555688748819 0.209188605733777 0.24159149556278 138005.415269432 115157.971977201 78725.5145713888 49497.8376436415 0.274010682553624
-0.186491603488377 0.92529817222813 1.02607554941104 -0.271173062712504 0.0418237510845264 -0.47416527629279 -0.226729796141378 123073.106644461 105610.458195502 76704.6413633237 44473.4205287492 -0.708358458973323
0.495558984950507 0.717763362501831 0.767979736965423 0.533303786615676 0.202507196754005 0.22094549129836 0.464033342728373 60231.2442297592 92623.9885361641 81906.8910338501 64154.212524207 0.309417574562832
-0.276227896413388 1.45404680174097 1.28815259215846 -0.0958143983932962 1.17725061153706 1.00119989738134 0.662940609917354 178555.036527865 135548.055342051 87264.8512526409 77999.5898477974 0.58160789522959
0.617918190918536 0.80668214835721 0.672796053516602 0.501332796737199 0.357830486336692 0.349753757164725 0.639386823841198 110841.73375563 90050.4460762115 80678.9088497809 85425.5678663793 0.373017247422871
0.433485307721768 0.926868061220653 0.795220501379645 0.689435228323193 0.190411832856098 0.219894284941092 0.316350697237795 142241.477820307 86639.8645917689 89207.9126962872 18994.4770523951 0.3513147369163
0.568375390055985 0.708922735173869 0.701439447137743 0.711125560744569 0.162086309740479 0.202580771174987 0.449423535423193 119782.692199801 123704.020942641 87428.1545721936 61461.8932559007 0.474147117991947
0.374151288715932 0.91653237912328 1.02610018519061 0.583638840717497 0.185684402931063 0.507838297768874 0.459519084526485 120599.954184059 102640.090308698 77201.8073659342 46039.2900438404 0.647639939222261
0.243099171778628 0.309751654653147 0.148514993404619 0.429822035942245 0.155271455775053 0.124369724250837 0.234785481320307 206078.480055873 182245.842356234 74101.9116152018 45510.2532566301 0.246225111160057
0.553844683623245 0.775601620687614 0.675500694801567 0.567155721415366 0.386861832896381 0.415983546916672 0.621175297897654 105116.122062921 81436.4784075069 84887.5486777896 138312.656713208 0.525114431444455
0.000430052734458598 0.463494947435243 0.451580510386122 -0.104567158761225 0.00363117985742137 -0.0188639343407569 -0.08092021329399 120179.792244791 102192.212774215 77038.0752340392 -189.782963746554 -0.742536886335004
0.314031672472704 0.753243375251522 0.623941785366292 0.616663047054542 0.172908610293019 0.197067782390314 0.410276922713968 96856.1097865087 99687.7447874773 76477.3758727785 81811.8172566633 0.19471105565647
0.328903864012775 0.204125307703621 0.16168578605713 0.14950228051969 0.0511673940104063 0.0427618233906825 0.107145667867674 43716.55542976 41664.939483518 68724.568164783 12187.8744963293 0.361733474461434
0.602095270949692 0.651451200867875 0.719905561118048 0.671704749379367 0.357585009508924 0.56187582868894 0.811865374173256 134144.549255893 103393.192074767 85170.5168131909 119999.918405379 0.756704165895333
0.427022722551447 0.914735902843139 0.58263970636458 0.827469117276321 0.219863827827793 0.531757409711814 0.492727086932322 140501.181433716 119620.432242629 77219.8246568551 42401.1321691403 0.694536201833869
0.388858715419479 0.785405287287072 0.652589826971233 0.538103129467422 0.232275453684874 0.300086334068246 0.365231697032312 132755.381002822 98563.6081755483 83833.6858395663 73332.9171574785 0.253556538585962
0.665398918937448 0.618544076989737 0.616749342592009 0.524917213030976 0.330147771423665 0.442305101178153 0.869234997987805 69136.1250109725 51221.0018869607 88927.9345558618 102031.379679889 0.95629656779467
0.216172264018496 0.861395136369427 0.669952952744972 0.587534879653948 0.0768645045338275 0.0985474035936347 0.239306868134828 261989.432148292 243586.888063532 70582.822292698 41354.9315840596 0.276056287943164
0.727430931235449 0.878535122845373 0.826672933644541 0.729780446832359 0.388289351261275 0.441515312352973 0.68123546368052 261559.984397094 151330.694363083 114950.898931868 169483.876913094 0.828147957277792
0.478687238483315 0.512551177365468 0.442661359596974 0.498748021671919 0.284875824216379 0.44045682403055 0.56183832987346 128995.555413612 105829.955516741 80486.5123262305 84985.2244037587 -0.475698663816612
0.365859682470351 -0.373072258144702 -0.498551785309549 0.234135503361144 0.195147748779707 0.255564046519714 -0.119972557844425 102828.717638254 101123.840214006 62968.7936065143 59754.844495102 0.877389002523749
0.454132948536941 0.758476044261121 0.880880682403447 0.624735696616147 0.300735494561369 0.24143984535435 0.251891985748205 167726.298223169 111400.153883861 76139.5874938082 72607.1363863346 0.306103049494707
0.191606544817241 0.85781023492176 0.490436948033649 0.86238657803439 0.126431223083782 0.0636425137321378 0.204634806928796 216177.46072596 188582.62860953 75160.9609167771 36621.5031354725 0.200309482889395
0.423151449681682 0.823792790634601 0.583869651592737 0.409177941126928 0.216849726564412 0.152653070769336 0.230521192085571 134856.816844591 110660.539783874 78608.8223609272 86662.6482700526 0.243420556620657
0.189805918406153 0.828499894758333 1.01179378030254 0.351910692690924 0.122255278658817 0.184017668437438 0.217037067017916 132286.771339564 117823.636195909 74088.3075485186 63496.8099460666 0.81388489931899
0.336941233360373 0.829762375107009 0.638484901500732 0.65806754699971 0.172483996943365 0.248880209812215 0.324768365568712 145790.500518239 96611.275148443 76856.3764904777 61846.4368641748 0.417973011928019
0.283212351167882 0.43338506260403 0.421227539718193 0.310421556029594 0.16749899182467 -0.0941422655032344 0.210961682952412 160429.745811122 105042.59973452 104548.031878039 131332.058566327 0.479098487291084
0.432004362013707 0.832947976339932 0.525478867835001 0.629437541829625 0.242094463416196 0.294487021783453 0.332432425396501 109827.109269809 110910.949229105 81959.4258217201 61471.1296898659 0.372582307643408
0.383251607279577 0.815557974665328 0.657255688061985 0.551449740410867 0.192913093800417 0.233696873739248 0.173304859395817 151653.358527052 116543.271614914 83938.6935563701 29157.3636416331 0.283772622402654
0.111355956973906 0.866779267094848 1.02289510513066 0.0877548142333831 0.104444342060248 0.234994824484033 0.165493138477459 128395.854440387 114946.533179073 73633.5567375554 46293.780223394 0.952548914087004
1.12874567361891 0.721038547064116 0.754046469031035 0.683749315500337 0.359859265586177 0.387206862329042 0.808726603509707 137912.794480137 102847.668628354 88213.4183459095 108609.274587311 0.512572963683347
0.157341820553508 0.643571176866309 0.537951327553323 0.418441722121132 0.250120217451676 0.206949500928849 0.402339880283658 124523.16521549 90755.623989422 75950.5164162202 59782.0233084515 0.311061574129754
0.182430120228372 0.887066784915734 0.352942071942314 0.950978079246775 0.1907894606179 0.421137346568619 0.226331443180999 112818.170617995 100138.724028626 73997.9878475724 43728.871305278 -0.943467746327789
0.321495569570849 0.762820930338215 0.650247990315626 0.620351973233718 0.196474409202503 0.179496008164864 0.349993941008127 90149.629769033 119263.752126534 82173.6376858467 73288.8229045343 0.26281165561711
0.434601301757973 0.705758911235948 0.650913099213176 0.497257229482328 0.166881804123016 0.276345605274141 0.365361826333298 91029.7659094439 114594.145027223 83121.1322104074 42438.1418517093 0.495667788855156
0.351089980486513 0.84494833256276 0.764478139389187 0.567430698157286 0.149922293954908 0.24204549582874 0.391194867277171 137484.976898536 117594.10192946 79889.6528060716 38836.9135944316 0.441998820320756
0.286059220351924 0.938990591263961 0.593819553886268 0.912330023345845 0.185107861737003 0.242376404061507 0.250029353005705 89995.4961754993 69678.0626685851 84463.6902873984 58006.8771927232 0.315436866445715
0.365143922991919 0.758391388886805 0.57816435356752 0.644313660667018 0.175747199515216 0.345107730422742 0.354953387474062 126667.306030502 86971.7629401414 79661.8371939475 79518.0190049937 0.299288229893194
0.432493162257277 0.854154916795951 0.682102740817427 0.804036210754264 0.210889577832582 0.0428863503754685 0.32226017989326 87253.0517218591 115458.139277389 75521.9677627262 76895.7618753509 0.339739174019677
0.403836089501267 0.685612561984493 0.656395701272793 0.527698110187043 0.18001923276307 0.199151430063206 0.373120673401856 155871.189720488 112921.465135371 81935.33330051 70701.629039755 0.329719504984603
0.349722028721023 0.691942941632941 0.702017752084498 0.588588827703372 0.176282926007146 0.307307116531179 0.424798215468139 142323.602202974 119751.707716334 79561.9725536126 86411.2094312248 0.453822590714561
-0.536367951677117 1.18600486348024 1.23361700438073 0.399509948257023 0.637951524215326 0.666009734649476 0.0950737656528055 243775.275966274 144958.119022484 111565.158626987 178743.211566959 0.921480830511053
