PE APC-H7 PE-Cy7 PerCP-Cy5.5 APC BV421 FITC FSC-A FSC-H FSC-W SSC-A AquaAmine
0.398126894539759 0.967461762323561 0.880186220913413 0.997982980006294 0.519910727095057 0.22969176391541 0.734159216110454 130778.941820079 102295.467247956 84798.6512352852 90120.2588218833 0.380130241998477
0.420179768296407 0.538129559254186 0.547481303113195 0.433654831898212 0.1892884925259 0.247070053312442 0.339430307471283 59335.1825925455 49799.0438597134 77969.7812273779 42980.4679872902 0.52669610806906
0.748038090870943 0.854591235424352 0.850444174684165 0.631394783316363 0.376160713750313 0.312964935656731 0.784517942769139 166539.754047534 124985.703739418 87548.1759334642 104906.830591384 0.53300361766732
0.701596536314605 0.895061177675711 0.840883765234739 0.586777845768678 0.407909917004763 0.259190391639493 0.587619663963646 124951.676404321 95034.162601236 86270.9051745638 102591.21789856 0.410700655700668
1.05803985944664 0.652266211215218 0.742868698426397 0.803153138100243 0.297921239988295 0.2719952558654 0.657940410097849 144049.600206349 112950.399413159 83975.6446490648 81310.6907385963 0.528212128364383
0.199981194794206 0.76598601975 0.692006285218626 0.43387385462792 0.27798195276172 0.188055065265553 0.409918886109528 147552.756638283 119085.700187707 81403.6748747308 73644.2257707977 0.297282296365714
0.795975052330267 0.720341498916405 0.759111645846253 0.639813350051468 0.343061860975708 0.416919085943602 0.564095627062574 92399.8661104451 77774.5065082351 78257.9388311532 88671.3481981991 0.945356952144547
0.240397199463565 0.662587519966986 0.610650148169165 0.353526058367535 0.177197095637822 0.385779012492773 0.270947592183343 111538.222692716 97008.5776764001 75626.8169598632 36703.2686236737 0.532997657446113
0.655100621646102 0.934777201834826 0.968805273835438 0.687477098221657 0.368490680299523 0.544934959902071 0.540431567778246 202766.028197079 145755.456273081 91254.4387480921 148198.795947667 1.14704825112619
0.525725631118203 0.774552635746972 0.778876043923885 0.5597349405859 0.353435497020635 0.324009072863409 0.776791003459904 122711.144082446 89073.7182640042 90312.2325387803 133022.020730819 0.48723559374916
0.359574552982925 0.789539257031971 0.801091484449155 0.541572551080531 0.289742956050317 0.266357478689222 0.363908867067422 129868.43024639 102298.167209421 79033.1287628235 69857.1099245031 0.296755897192195
0.126545107442533 0.84677336701255 0.703267372407074 0.610296490352212 0.270414001807703 0.0957623708511892 0.196279269955323 94628.1927076206 85443.3306881444 72645.1820694296 28792.1785033235 0.323757501898389
0.227750031403496 0.499501668522222 0.520666723700922 0.292762977992011 0.131937874220471 0.100325668816216 0.513632333518762 68966.8019608633 62665.0251794647 72310.9749792375 23050.6121983581 0.351425809929744
0.555030254318057 0.730681017603718 0.93689706941711 0.735424825810858 0.355808281260051 0.237403730939459 0.412754899443065 161707.877099234 101344.194575696 80472.908465144 74221.0790032912 0.417182204264583
0.435621898769525 0.516517522934926 0.625423889932511 0.52112950792525 0.244089670416996 0.467372791409543 0.464290644408885 134747.846787901 114945.119029632 76835.0320627924 101909.597195317 0.997376367433133
0.582578410500997 0.894953074779586 0.825224375303771 0.712679134222199 0.690768257718985 0.484699000517933 0.692373847298761 110626.135517065 83164.3990478167 87896.8632450774 121121.520125716 0.914524392959302
0.478917586822088 0.68691422873195 0.727740843600305 0.588952239877666 0.325387655037176 0.331962525988271 0.831228627347232 152318.692360924 111337.221249309 90156.6983359192 87819.0197318939 0.506228380008498
0.520010712789871 0.953332488919026 0.95484301838757 0.721698675040761 0.379309005550856 0.491794272887504 0.474918839384707 158437.492287031 95401.9453782828 107670.385262253 125646.245429349 1.06081383150573
0.141402290526593 0.676826701077046 0.574682183711378 0.427121090691898 0.261784058800448 0.19043594580644 0.345888178512138 148761.393978772 128006.980596884 76423.8003707244 34621.5743675312 0.266798925176627
0.370480775454071 0.774878619254812 0.764389720637623 0.432907950712367 0.471831910887263 0.121029992529924 0.488380109679207 139328.280266546 118636.503562405 77444.8622531655 46563.5732272407 0.24943833375692
0.261080458872475 0.952374535978629 1.09987779715488 0.414047640002997 0.270725622212551 0.306675630171107 0.287360147051121 131681.492671214 115839.954841507 74884.1818480062 34749.8679680999 0.239479309263329
0.573935209656328 0.883125389994847 0.68922219393824 0.409525488175063 0.273122212643688 0.299802855829597 0.406051391274568 106252.228303082 74328.2168728594 78747.3705450823 76222.6913345774 0.509383847659706
0.537201944322278 0.760732397834137 0.784095188934979 0.566098769054335 0.325989937995512 0.489659845840628 0.841001741578837 66989.0188374829 47524.1722505948 92722.3188525683 118843.642824768 0.780602374781314
0.159707793654145 0.98204665015937 0.83203766720833 0.966463502411671 0.488326769829045 0.128786362218051 0.259080947551598 128828.294492639 109215.946839886 77670.0544270752 32102.2704482867 0.190202882942056
0.348293087873077 0.977142609414688 0.914856252299965 0.619940026699441 0.398268554724392 0.2886825978757 0.222090356929609 128180.579302818 107077.588321579 78723.1504788687 75429.2830589492 0.328638804186148
0.535357074445287 0.945535266666776 0.869639040663426 0.542091254740791 0.405876529258702 0.268570565581606 0.78090082065055 140969.740671613 113112.082760917 81802.4524670646 89870.8270290828 0.402264718591837
0.564285402435967 0.788037062653515 1.08323661906799 0.439172854266958 0.487366592249099 0.572028981807971 0.243141575682221 63671.1536948738 55665.8752948056 77210.2630606286 33144.0865866504 0.537317057820329
0.290419113227842 0.882609103329162 1.00133060603734 0.401360240593009 0.207129818481571 0.121850600084704 0.294417340337052 105602.446160495 86563.9478677673 80368.6629784567 42785.4437616114 0.236139290099307
0.376751184889147 1.1037580731403 1.05015819799116 1.00521191135357 0.552142765892034 0.256375125547999 0.430289976091043 228427.998466167 152543.201810233 101410.440364041 93823.6083125119 0.390498550062808
0.4387343302245 0.606207722301044 0.698666159680772 0.528397001350952 0.233243424080293 0.255743419057619 0.527325735137147 108181.09654509 74330.9569568094 96461.3046140967 101241.076974033 0.457027086597209
0.415208770799039 0.863426420663399 0.755039006085166 0.488352727448643 0.31416675283784 0.171883936906374 0.370794662347815 138561.916883663 99637.8882486145 81626.8618047063 62686.1202889286 0.507560261190503
0.397717489038614 0.775760621784025 0.724495873010988 0.413061930902662 0.263326434043188 0.143577762504483 0.624405659785637 96842.7280678002 83957.1956715161 76089.3459300109 51310.6204951573 0.229801314717754
0.743599814131681 0.822719399143267 0.805403062427028 0.589298601566985 0.359688263914199 0.235836022992841 0.531108649076857 70452.4660443029 53488.8888300657 86200.2321905425 87438.2338837356 0.48342996720257
0.157024881071605 0.473735063227615 0.403772231241074 0.466405360148036 0.207217651045647 0.129743371107678 0.325450680526122 157412.722305754 135130.389056004 76608.9925960427 48532.0275936497 0.263267505754508
0.585645851045491 0.667714762893728 0.738874609586319 0.547006134125743 0.276485485139565 0.42933708794245 0.620967540228437 66229.2679419492 47621.3425797448 91257.008808678 80422.2507612973 0.965960332191037
0.523667228067197 0.679328643224451 0.789248954542665 0.590183078927125 0.326637266718988 0.331962921429118 0.847129714767858 168515.573399339 122634.082762182 90081.801826437 142681.100002155 0.53952980805219
0.366966219448263 0.626528685278189 0.66082079962484 0.463034355445829 0.218217389626584 0.17907757004604 0.41544846265364 160216.002133174 137681.032830189 76513.3823567813 77680.0930013864 0.331731522184814
0.458129686294797 0.818047683460127 0.959666801723733 0.513048199872031 0.384013156881038 0.234295672356182 0.476847991779124 153113.936238799 98578.902853276 79317.539740433 79465.4227385874 0.422945527765767
0.22481870054992 1.05554701926923 0.889092320175118 0.379818202360223 0.330198334848546 0.128272729437588 0.305503885013806 128555.265482567 109379.02351712 77363.0594576979 53043.0467269975 0.23203489850089
0.453541098400411 0.997157650654315 1.1061113630223 0.406521407126871 0.28899915405939 0.141421729712795 0.294222964023867 113384.354299805 92841.7218453656 80538.076803543 46650.3893578144 0.273663809382568
0.17274277169101 0.573811290341956 0.266277836082913 0.420814942415728 0.211815833796252 0.182606473310576 0.348276926003829 146768.827542982 112296.523682115 86266.9259934383 51195.5352197204 0.40851638888988
0.111883283358582 0.885285843737329 0.759431193682803 0.831076225215081 0.396467499349189 0.331276961736991 0.269492064178041 113790.584463105 98550.030076073 76354.1142192584 37077.5048654115 0.263149708141759
0.53310000909712 0.815017481315642 0.80607687281987 0.556952240693533 0.374536563070705 0.316422808335236 0.782244414880935 155717.352799269 122505.579261447 83273.2835883445 116344.175780465 0.45414340915694
0.574739863390616 1.04124809920701 1.04078432623754 0.751583005550779 0.472406108945306 0.349698137431524 0.729968670742646 242812.777122592 130895.782533083 124623.522341759 158666.135527274 0.539309740131858
0.267328838253524 0.894733775130612 1.06073340547023 0.409324242671262 0.214016303880448 0.42209455413035 0.302891402814972 104048.348430459 92625.9936721766 73765.8852828545 77062.8562891335 0.994772234682219
0.476397271852891 0.83199079620774 0.793892284058016 0.555835215812896 0.334527412318706 0.333014589606418 0.280674982468497 134046.875907563 101921.45595541 76399.7041068156 95112.7118032496 0.467436440145187
0.368089200029164 0.745220670047494 0.80884119202227 0.477699726157687 0.240242171516362 0.227410458226341 0.480104487951033 127715.640873383 107394.126249773 80408.5059732362 64670.7624369121 0.309736478644354
0.540328752870021 0.666089559632449 0.691478231324621 0.70213036095159 0.392930436527346 0.713053073636499 0.874680244574899 97743.1055074107 48190.6454270971 132054.019888931 190171.964556912 0.927598695793083
0.541168240189467 0.913897301023069 0.590565856639384 0.555641922246805 0.250087444569229 0.261057583190387 0.560518917662155 121911.193290009 88332.2572591296 82775.665129964 152469.240917027 0.64671266864753
0.661693915208688 0.862865280995311 0.920655510669994 0.636190299165925 0.363266959373058 0.528996528161487 0.746150013221812 163984.646630731 124472.64117092 86360.135697922 127253.348722422 0.898854704116932
0.792355739389023 0.845825855314386 0.903582660652809 0.738518431472556 0.416590393293382 0.513488277710356 0.850550177230341 193186.68919048 118006.529868433 107302.130862522 186488.734131839 0.99278119557054
0.117642230240894 0.875574662072207 0.740462123179229 0.766521724738733 0.333062858641008 0.15331594214751 0.329043106748627 121852.796637244 107492.607421048 74860.3592305697 84368.031328903 0.374242315486287
0.265940916135073 0.974310425669541 0.824892057010246 0.808523238121643 0.39706557889595 0.128328282209635 0.295819214455365 117222.247462391 98431.33737426 78219.5128045812 51558.4225896242 0.216617420327549
0.113146249020988 1.00223077879855 0.785285677183136 0.992799504106245 0.520913041270997 0.144709356586393 0.290598517904593 77597.8916816477 57282.6018383744 92752.0204829147 52478.3940740786 0.221750478206047
0.563185359287119 0.828720128780886 0.880145303340656 0.656705770542977 0.480029940464094 0.42789949825316 0.84708654884538 189568.692644143 137549.348837888 90873.4527611212 155445.346708607 0.594801243106998
0.478499160708001 1.18009780364847 0.800608000145083 0.528070884950497 0.354325894339778 0.267585833745006 0.49781294040069 96221.5091272141 151594.419562064 89258.456429677 49754.5198075989 0.812222896755517
0.375772894002682 0.910713657451544 0.82771493019228 0.530825425113958 0.281408274352792 0.213777148688527 0.36708922160494 126359.083910028 120707.158461875 79606.28541114 55718.9053622393 0.395672696769205
0.265512028793462 0.987037366405878 0.995597479375165 0.890068442491036 0.443524353292963 0.13800228007195 0.300668692042982 120228.882309579 101469.282569832 78224.0918776422 51999.9995100401 0.226545198814791
0.799920143635198 0.47338145947644 0.462116318448972 0.565587391671252 0.149911460522645 0.0965810116245857 0.313251602398979 138505.746579562 120360.392351195 75884.3020277892 41689.2283973953 0.214332818306636
0.335849711424476 0.853481365733977 0.913110296055286 0.638548448202083 0.324391044425137 0.200902129373231 0.474415779806872 117881.057913053 87336.2380734016 78696.6049472971 101265.94818512 0.405759506766708
0.474920169081155 0.757438645793081 1.02793364493393 0.490776973560167 0.254262519771512 0.235544247714996 0.482175363076968 113591.673908836 108845.235428363 76268.9879666831 96531.0550928078 0.572744925332088
0.0883990819849325 0.903824036586437 0.768647483752147 0.844129199038388 0.395219794455959 0.483818675480343 0.261497644290054 107755.33063059 95179.1005336565 74565.1907551211 34887.1472935829 0.960815612665865
0.216554286991008 0.992736798490626 0.831334716769755 0.438202683678646 0.305028761698826 0.132798058930177 0.296774577012205 95755.2716634873 74977.4111304669 84094.778908226 49828.0011583923 0.224330677565619
0.581957233585009 0.847889466072695 0.898950028820226 0.722410245670539 0.147691042686431 0.217042844672802 0.497137662753276 146910.226977377 116932.498975607 80347.4345337667 55090.3983950516 0.810398225609383
0.465662422663446 0.889020937328548 0.765999352165553 0.540530604115824 0.307877818394756 0.372868950661445 0.454973295006916 117428.788114127 120226.450800857 79783.2410190037 77757.9627275788 0.340240340547758
0.829152037111961 0.387441920269649 0.701134025241958 0.635716774289464 0.192215517100178 0.463170230534585 0.536806212214066 108414.444036359 90631.3791296809 78515.8828233691 115250.145595843 1.02770136880252
0.244484893078816 0.786712218072136 0.862820255474398 0.58091521767228 0.233806663242356 0.212108374842894 0.340000225289415 103172.590229244 95735.7262117685 78030.8455463414 104025.502510962 0.398573086357102
0.439964332924535 0.810016559244083 0.92026084509405 0.530086544039521 0.286724378298407 0.326773053162545 0.426270768942608 130874.253037535 115245.519091193 81632.703468857 93287.4039080329 0.42431699223937
0.288896234054097 0.954534547618139 1.10583942822069 0.427804845659018 0.263192845472222 0.225906793407214 0.297502963633235 117268.228239444 102413.274842922 75876.7464017158 57480.4771850043 0.58040350350013
0.687137740538966 0.805886274067506 0.862990488639931 0.669642853673937 0.378472740372607 0.356426734312686 0.808358169358652 261896.545620886 233544.318147992 73964.9228772435 155022.358493831 0.592991355624212
0.331241804667345 0.955126407375643 0.846601854258566 0.723398780372719 0.281698581293579 0.302952611778461 0.560853948167021 151413.779740123 98043.0277256252 80953.6255450108 53043.3270070094 0.391974080893362
0.179947038785671 0.892645425451333 0.980172097083262 0.758498721862436 0.327644838765304 0.451614236559803 0.258207598293894 129212.86012979 114724.579754866 74055.1496633719 38345.5525050509 0.976845355962692
0.89395742496697 0.839412494766158 0.839738981824241 0.678858325914833 0.361399569451763 0.268331237801098 0.612655011806529 199090.21775314 161687.571444482 80908.511586022 97564.3945508767 0.420351335283187
0.376519331049484 0.850997718330754 0.711605009679233 0.652263509340418 0.26732408435219 0.377684976215659 0.319697100782913 131090.2437623 116020.615294335 74384.8871769483 74964.6033245117 0.927027926483679
0.724574827876405 0.600384715152961 0.740368176205203 0.592156559487338 0.256537615768263 0.282813977373828 0.560407370379255 84370.6381581178 67529.5347701726 82432.2725663653 107182.987296364 0.554893641948712
0.461500863988872 0.799236176356867 0.840747606736005 0.694149831409079 0.289368980081512 0.213882277217276 0.448508044087415 139017.552728432 103744.182807372 80528.7267179999 75663.4983434298 0.435061742585635
0.497046871529711 1.01841106201517 0.872616015024776 0.621037825620073 0.394592187258507 0.147135973118422 0.473457083556855 101949.062375018 126835.652225526 87840.0848941707 37312.1053435344 0.187909777501582
0.315400300949664 0.733166749833584 0.895750723686779 0.475501211528471 0.398503249450971 0.16074027224933 0.315286903575557 134260.978595459 115796.223434797 79242.486330652 72668.152098367 0.152277736784789
0.328290266862375 1.01603092092814 1.14039032663094 0.451268782702734 0.296978526636036 0.144959010400119 0.311762082684437 90923.5754927966 70640.2926958664 84427.3701959324 52275.1461216391 0.228656980894579
0.354381429139432 0.778232071059656 0.797879143121593 0.614265592455625 0.344600934165992 0.234156615436274 0.400526129728809 128381.990368736 104419.853852021 81971.204664133 76409.3004129542 0.538977703363663
0.490951503140245 0.664482752931778 0.78895761065773 0.570174149656438 0.304239341639263 0.299091939422182 0.805345424373293 202122.896117119 156866.5770102 84478.2530540117 127086.497120448 0.505913848792651
0.290771551533996 0.803080238733325 0.832809687854716 0.493981707357511 0.32622760941326 0.124704213321623 0.424897113784386 117787.169551817 106537.537258388 84481.1919925762 92729.0348111944 0.592774921964211
0.205269889999097 0.551842103747472 0.460978963153533 0.439655318318227 0.181527182082776 0.112467190622919 0.319310013370688 114798.061643674 93470.2489503382 80661.805469061 48593.1846935849 0.241603299429657
0.511535017560371 0.892768655920469 0.834798785045682 0.757531973629579 0.382237967739355 0.266926624509796 0.379971018715835 104106.366889032 106542.931150776 77130.7623954088 104024.903812805 0.51274695507619
0.205398684759198 0.991832133196391 0.854893381768119 0.975698507770786 0.501378900726601 0.124745949409556 0.288880571705689 138707.579753722 120620.899767189 75430.3288843306 49725.9612010949 0.214691942978001
0.479658440006582 0.668307862855914 0.75954045708828 0.580797487171755 0.338847387280663 0.355287652995949 0.841355069295093 130365.690242137 89870.637009311 95149.6969261098 144765.221104848 0.525968219166316
0.390256998827981 0.708103765682272 0.616930460198736 0.661662406733278 0.341957135533727 0.158158843286798 0.369525388902148 155360.905682679 94480.7653124681 78033.408261782 65976.5489087853 0.548386000997104
0.513652004070386 0.7811218689233 0.907910661732084 0.525323466687401 0.237741910376073 0.197670785635604 0.344105788392142 122988.280863741 75668.9004350095 77609.6737382706 87537.8168200513 0.374728166671446
0.380626227667433 0.753870680715841 0.892716473933709 0.636737101491961 0.328955415831722 0.291028255815242 0.565400998288038 98854.6150733134 103671.562742598 86732.0778846534 66996.6692441497 0.625737323729591
0.636498847242804 0.977479156074781 0.846831108728203 0.927620780124824 0.728095137363649 0.156092539746978 0.463536089219478 129307.112645302 109659.762163247 77918.2405677651 44903.918853815 0.235740457604908
0.262973493026286 0.992916336047436 1.09396257415387 0.431425735131025 0.270620064161413 0.132850671396987 0.290380355122882 122806.420269568 103750.702460139 77928.0001958007 29991.1662700926 0.194852744948062
0.651294485782984 0.738711943970787 0.710314988385324 0.576913113964292 0.33750827812024 0.168862850637519 0.338494584220708 148487.63904068 102371.348642892 80058.3872359299 76787.6145771003 0.12916473253958
0.214537919599819 0.760284549058013 0.751111645028367 0.72996967207841 0.275587315470172 0.158137081490502 0.479511830997667 117234.491110869 101944.22231498 80722.5393523448 79412.9493832953 0.32616291461687
0.342094050169905 0.803863755870493 0.851944005897123 0.530157853560859 0.36790440964633 0.582086938456349 0.599973626736474 153524.714653148 119925.870855769 85061.8127884066 84140.4303088259 1.12223909165644
0.00729182998087662 0.706277448249467 0.590253468120725 0.358640318986325 0.837659153029733 0.124119881794961 0.129296662935075 54622.767468807 51349.0626404657 69276.7977840362 134598.843505734 0.0774023684201735
0.224070580185937 0.810315099707155 0.824857170085754 0.563177830491382 0.304694854761018 0.300247220828508 0.3475878789311 91661.240374243 99205.1890185967 79140.9495065347 86406.4479893451 0.371347854495893
0.208130322500079 0.868830112287969 0.723292648401916 0.572063080069289 0.26986668570844 0.420058915745666 0.308740579938695 104915.967452494 92692.3062633893 74313.0634146407 72974.6678408301 0.993139093252733
0.515484097723476 0.766927561555046 0.806656459561685 0.574773382288002 0.342889824114948 0.339152245082576 0.831255128823995 83657.6669489091 55368.7524524745 99038.680432216 139842.401978444 0.534002402010862
0.336418740566536 0.776224579493409 0.865953232385462 0.63757944835354 0.304151772377257 0.278269791221192 0.43068124474697 127867.674066916 100140.486012195 78146.6350003274 68648.2638855697 0.470563792513734
0.308392039564112 0.864390577628348 0.778751190241018 0.589834320915013 0.396084171309343 0.281604113602509 0.440511689842892 131732.384491857 103893.771402808 87101.4022391649 85884.3302047589 0.369684987972182
0.495626969460158 0.817009759307313 0.794177426582763 0.541716296689613 0.343533282086095 0.291675981537883 0.752979708862908 116780.442581159 83920.1979746766 91320.5463840188 128885.943699547 0.470821126244263
0.742215060473724 0.891410669904779 0.942882541621224 0.692776949308529 0.416837825229783 0.564608395132243 0.762754348675235 174072.899188462 86042.0436829803 132912.534706439 174000.585732967 1.05151910389427
0.262026967230222 0.88055304076562 0.972024348862799 0.314160762843905 0.212128197972555 0.0454894445590013 0.197223600862256 108857.970240581 99500.6991818805 71792.907556689 29101.3289576878 0.16165795861972
0.334253735593139 0.756252494000028 0.827697202792759 0.551673951419259 0.17260067984876 0.19142033223367 0.500240605002388 119834.127979478 120258.217672201 80545.1834976766 93230.0872559745 0.258831967552324
0.459811516716067 0.746479482112181 0.76217410264724 0.594994446996107 0.272015078712961 0.240855947797821 0.447757738061665 139577.939438602 106680.850812577 78636.8503094346 78680.2081939056 0.396881933046549
0.291717171636722 0.978830005006566 1.11642233531379 0.449044534483383 0.275046763833604 0.12867943579122 0.314388247611836 159582.62038571 139169.476220327 75376.0771869289 48505.147628871 0.238507721363633
0.503394836575621 1.01454835722325 0.976440896688625 0.852761199845912 0.470966329483458 0.499834952183663 0.6623814486734 260258.294483142 226639.440553121 76176.4312761451 142428.309957239 0.886808669010809
0.618667878248135 0.788399548983103 0.848414462009105 0.792931945875413 0.301198074330062 0.262041110356569 0.47054975372452 142185.278854509 92954.3631800634 75098.5779867647 44936.335602782 0.318150158686674
0.427060389147524 0.791481689956991 0.648062390301516 0.47211657868501 0.338103806441732 0.190334893950394 0.344227587246263 120410.026733617 118285.724763101 79547.0530758024 72632.7133007199 0.373650679593603
0.784053474744788 0.774474329265197 0.724985549948269 0.549564294942225 0.247671703411688 0.0553922967117619 0.366317871193789 109987.98310305 99350.9415357437 72349.0165251673 33969.9196243011 0.148349579721011
0.37926028506273 0.441947973537368 0.840440802790418 0.483582796873448 0.30787703600356 0.296315202215639 0.0838399091009077 104437.166773993 96812.057205122 62824.2161717967 112742.023344091 0.410014975459401
0.3498641409659 0.83280502201473 0.790860335249851 0.496694404918136 0.354883314175389 0.24952839703324 0.528304989375254 132708.119043952 90822.4242922643 76712.4862383211 70270.071766943 0.520535653179166
0.373230422320464 0.680086485197712 0.821287961961125 0.510706329413314 0.282937226014234 0.162051018054049 0.444732667124604 103915.896335105 109286.397009421 84744.2686491063 61457.8461872381 0.420514998603847
0.48822834168444 0.784942942074494 0.77621846417268 0.544813716501133 0.322212265468141 0.278206399451142 0.782127550038859 159016.952375074 122694.989837524 85006.434856757 122565.27137273 0.472452477174015
0.485664730812405 0.973186075166741 0.827548676118547 0.587314869539566 0.298294675502339 0.233061193251497 0.299769951459696 124790.166428693 95131.4679389923 80959.5054451994 68009.0476008109 0.25840766496546
0.286286115110506 0.539390646116007 0.44703755458314 0.396140354903146 0.163290625506759 0.10622723050968 0.300270402382899 77720.9801503422 58165.7891965667 87991.7931207007 46926.4861939842 0.225117106603284
0.323986555640462 0.714226098937645 0.820505454378201 0.542424247164572 0.319354229556235 0.250154963657808 0.474052029258898 135778.192960083 103816.850404602 79673.9195304972 70991.8350593669 0.41712824534511
0.332417207251829 0.729297467057609 0.83317437767003 0.612936732810356 0.420855372133348 0.261283634951062 0.503828237440092 119231.235357877 97073.3354404785 80213.0219442452 69405.7883272528 0.381391327626475
0.345978756892128 0.81724752667595 0.975178590323463 0.576199705940419 0.303364187276857 0.263487869346062 0.484608993406259 128902.03640374 84339.1060398934 79007.1538168352 65486.3321731675 0.513336870497637
0.453829257362041 0.797809482339044 0.78023832328329 0.811564915889377 0.182791984848332 0.111090994610225 0.345579303951446 112899.239055285 89499.2242550551 79116.6957001025 70107.3413752363 0.556912819663185
0.275756064563128 0.923626363197482 1.09756465872134 0.406907909706065 0.226278263228665 0.396120040804546 0.278461044457856 135483.125266462 120753.927104196 73650.7961453041 37711.921130988 0.970124319511589
0.533205804739214 0.671786062444448 0.804101817122915 0.65678554419789 0.322339496343979 0.373501773563719 0.327575897529233 121180.604490211 83519.7297664957 77704.3027398734 53174.7476449906 0.465156619619779
0.328602284124884 1.00970406396326 1.14101230889672 0.460560361020326 0.292159251085566 0.151814592030915 0.319029148507674 66221.4849978747 47833.7676124529 90809.2371056104 54306.8970886897 0.2456373846431
0.211655508078451 1.00528939062386 0.867644049892645 0.990021747426908 0.51459308721895 0.131036529261597 0.28949581280158 109470.58039886 90370.4635327518 79478.9007902662 51234.9637122654 0.213868739012218
0.300658155851172 0.830752755169717 1.0020917305172 0.515482351768523 0.297008167282873 0.268087586065361 0.52074533227741 133430.566419068 101630.643852765 77915.5918913779 38580.3717050825 0.510729320899385
0.251873264223353 0.755025900709367 0.734988608412778 0.559742002482478 0.387450263619357 0.234313598772962 0.300070344460295 119900.684367122 118472.95744957 81828.1950399487 83414.3372372307 0.433068212055232
0.587079102610411 0.396064711764394 0.679431342442537 0.561222819982188 0.196885088256707 0.491533889202752 0.523225157692202 159425.213975126 135296.641263661 77269.5227550266 119112.536135194 1.07481892358785
0.300739872916895 0.91926640206998 0.832736353120366 0.595738767025092 0.329402709095064 0.288550923392982 0.377142650825683 139047.526577416 96667.3942412643 80162.6657415039 71681.3400887502 0.495650885728965
0.299949868768014 0.848825228072106 0.81225818715255 0.441373694719856 0.326626629987574 0.186778650296863 0.332430902929801 134215.367761727 123717.78129994 75612.9343029734 67028.8748077473 0.238940372896774
0.363726692033065 0.797085937564246 0.858049935212414 0.740355153331865 0.35950520788308 0.284499189861951 0.498477777708213 145469.26042631 117440.144891881 78330.4193862552 88523.0935138084 0.715731784500774
0.445409593032109 0.893404493506232 0.632317544467921 0.614264435316582 0.341689166807917 0.252912345255853 0.307692186104268 138210.236835455 110735.832634948 78248.8681424517 77961.4950600454 0.431615104664263
0.370647514662701 0.744436049532671 1.05902773918573 0.504497783152833 0.294089681162991 0.145908632129292 0.385347541726716 152584.06250423 86607.750019685 82269.9756306972 66246.2882943287 0.549476224658428
0.340907542757498 0.955591727579823 1.09561286572327 0.421953742020027 0.268400223211807 0.410931837863678 0.277757807342691 71639.1468565794 59273.8138462319 79901.9691237286 36790.1224650937 0.69107650474685
0.413017905738963 0.868895573789428 0.822614433482748 0.494184653950079 0.210108902774329 0.155156031676362 0.373303819900893 129565.34389076 112381.949014616 76084.529295388 64431.0871109889 0.524830690580661
0.395257686674917 0.913228999006271 0.993348754997545 0.466997442408449 0.353850627577234 0.230951823900073 0.354645646610137 113358.297301955 106385.335273169 73700.8771918843 79896.8902815851 0.344542956349752
0.505200152432149 0.762913964534874 0.919203759832102 0.570425654502179 0.320163905209112 0.298053856557394 0.711639091250207 158375.700176219 115125.852572364 90306.5452403301 125506.268312428 0.498159001309938
0.420638306460289 0.346739684103249 0.442261018430569 0.377646195186459 0.116137426151239 0.311379067097175 0.312787484015766 56317.7015128108 52071.4683908403 70821.9518847256 43482.0609784672 0.80577462102582
0.570475847526716 0.485935766344545 0.733823489087008 0.548901131267483 0.207779174499028 0.481078816770872 0.499605406217759 105136.609596867 81519.9633328291 84647.0109614359 113358.796809357 1.05902882091478
0.452877127759992 0.825104312115866 0.825526149473571 0.580800643996362 0.347419011711114 0.337306034826592 0.391225805900838 131084.225706934 116510.889465432 76920.5167483097 60817.55575956 0.796188909879495
0.515071240397733 0.632850283446081 0.922188856202803 0.560042237208083 0.213756244261041 0.337598286326869 0.436428239585193 154066.275894657 94305.515542347 81388.5473624982 90337.2519037083 0.422642403356587
0.17091753103135 0.806616798859803 0.798731523722749 0.707660891632464 0.285120197387367 0.234142094085902 0.397092034779296 107615.442539141 86349.8882243645 72735.4054988906 94960.7584581999 0.428259116181845
0.880409295312893 0.89993931761248 0.977213238567855 0.799165438237601 0.437130096326256 0.628348426213137 0.7584333442336 261911.205565151 225297.22847477 77104.4802284128 207611.965588798 1.24017532908418
0.202961930041695 0.364751300364664 0.33358189508824 0.375012892478117 0.120010574413126 0.340539406294112 0.337869902164425 135733.592592298 120168.353442786 74676.2712965048 87902.0512550345 0.844225886125271
0.450595215038422 0.744766391635314 0.783964362891532 0.605215970375784 0.315148206474381 0.283157472953465 0.443166460063003 131140.043408298 93432.2147187481 78251.3527386293 86469.4843377333 0.667667519462704
0.323172791445725 0.954203021150869 0.821521072624753 0.906285651460087 0.452965642862589 0.295042281431554 0.316890723343837 105604.225178982 84657.871415502 82313.4848105836 51352.3318085826 0.603431164250366
0.733971909245734 0.757558585096034 0.988100424711912 0.47918165959838 0.334682457648099 0.287440188020738 0.317992456650498 120510.015941692 123332.621983638 77416.6778116293 84876.5423962981 0.723248252400735
0.388969029944043 0.916421631390418 0.827907232881812 0.677022449365626 0.297934941860041 0.252541283956966 0.439349997738882 136561.301126623 92076.0356396764 78418.0627655336 58122.4896445605 0.56784277518802
0.25457969021512 0.184653218038812 0.344011699462773 0.470698574697999 0.261146697925232 0.482516674107362 0.4753249607088 59139.7646064442 53312.6002903733 72041.1947404565 154586.016422319 0.538241326491999
0.346669081286467 0.761664219084596 0.808363712537317 0.491535755961151 0.453169939732536 0.123012128935408 0.406531533247124 96904.6624506386 117257.481200098 82048.9269137236 56419.8951883712 0.247076402982763
0.956457417318174 0.78539281722103 0.818455004078636 0.799254266418013 0.388809491495483 0.459790044144501 0.639037153864744 91964.1322453139 77317.0150233654 77202.0581022597 51352.3289374855 0.937109206085366
0.478063426190581 0.79690043580174 0.809827930548742 0.747766652655836 0.620240206524022 0.652534576142224 0.670751849235725 155810.000614175 117752.604549114 88435.9927244836 152529.485633504 0.816018751032718
0.395045120398851 0.811342660479565 0.872867427449525 0.631341729005986 0.279403208487691 0.249946361320639 0.440170317230613 122744.406463052 107599.460432699 79291.873341523 46955.7581555936 0.525189513596492
0.306798923164393 0.851317097014783 0.758244784765787 0.612785579494253 0.211714033570877 0.248570729398302 0.473031901464204 130025.546174987 105559.18139639 84299.1507096129 47466.9392254884 0.339511375814321
0.263453937743495 0.363417358767387 0.356980230151629 0.248552781313348 0.075594290652802 0.164484626818746 0.198243201651865 43133.4379753627 41989.6738134124 67285.221455115 14154.6568987361 0.600552367418574
0.416172798963316 0.850599616630115 0.71919400527369 0.546103120204584 0.233173511795201 0.278861859232366 0.413452241156534 112916.175389471 118659.794246635 76996.4083769849 68783.9579872233 0.206560245437583
0.391045928787888 0.816456222996512 0.82764381281441 0.526581959349178 0.264022817928779 0.213667121666571 0.441782074140817 145890.8495829 123173.239521497 77203.7166133727 66909.0127882327 0.551779847019822
0.160827261521388 0.93149188289761 0.547064132892852 0.740665934048711 0.425023762975641 0.255608385058914 0.544171503382194 151936.802128501 117094.945053831 83608.0794354232 33102.3576898642 0.252696647420747
0.43337560562058 0.331182666318936 0.443079516981865 0.431006155637733 0.130212136975038 0.419768531860553 0.358092273280121 67255.8904210927 54755.4378092157 80414.7260766157 90588.0973535804 0.978405425056865
0.412182944987814 0.753930413063002 0.856383544371544 0.423913006920109 0.332587227760317 0.237825044364311 0.505901164690818 101856.896666161 102640.264244931 80112.8669274381 65292.9900506282 0.361509797217626
0.335222196769156 0.746397590513476 0.70651521728313 0.615072215398089 0.293538750692795 0.359894979813482 0.510567571490084 131716.059707358 102784.48173922 80016.8054831768 101351.27458597 0.486260574111223
0.243937224598898 0.392318962471215 0.35456443667265 0.371571718181144 0.128801838253787 0.433779166812229 0.330954106066783 116425.442516743 101841.585001244 75112.5607519123 82764.3662214921 1.01004867056208
0.126376435368576 0.702100879581571 0.582141264903637 0.346542465694697 0.184963280910474 0.474705850374367 0.265100719244352 101512.959091262 88955.2633999847 75138.2244879534 33687.3968014984 0.944943879789316
0.636085721541531 0.753191261073236 0.8096536869047 0.677866285416095 0.391610767684198 0.402091947385396 0.90014092940972 233564.025566906 166492.632776438 92289.1550652346 177560.558120197 0.649223430179987
0.26748800083759 0.661444899990676 0.654301997107148 0.31977679126696 0.150453013301114 0.320567651717674 0.227399894763135 81975.5359256197 72574.8940028321 74377.4544308822 29451.2069910076 0.865659580508712
0.43554403827844 0.795388858775859 0.869957645691098 0.623883909529255 0.296046111532622 0.223209831333128 0.279710697158058 114545.463009279 94499.3802044303 83099.7849072363 83623.6653428356 0.33524483090971
0.908770513864267 0.76456280010395 0.807338847239352 0.688777738013609 0.322335646423103 0.276856509108861 0.60555575241541 123039.147169549 88134.855485586 91786.5740602101 107431.275206792 0.448267890650328
0.192069592359208 0.723625278794278 0.598550594945135 0.27392766514285 0.179281679170047 0.0489750909548311 0.205428210641855 109005.110984899 98928.7194484375 72292.4462631814 30711.2332345765 0.100617469300287
0.464161407126825 0.807126438363917 0.860646056997225 0.673994868465656 0.358766546422757 0.229536838107769 0.38936658459741 133326.721882776 86332.7359116619 83967.6348381607 77140.5580212213 0.493482703173296
0.539238970880549 0.829710411409037 0.817108581157825 0.562255948426394 0.353132075062899 0.276173119135167 0.784369909674523 202325.983734028 166643.020361186 79578.9273613585 99997.2351911052 0.451178748982931
0.367575131289217 0.872048662096753 0.859661399244674 0.567019924064698 0.368922226179272 0.296952671093433 0.545256502740829 115512.440554358 102221.084277662 75569.9916141796 38916.7274145703 0.706453682340336
0.513751520851987 0.758647601675911 0.816792501262433 0.637704135049052 0.312663403176416 0.291729605019227 1.12751499552442 149070.84835285 110454.951311457 88820.2111490845 126072.166928283 0.578512331924951
-0.076568032419449 0.0869060603805917 0.478886918051397 0.510256650747249 0.0227793879684161 0.175151437049577 0.0813478259165906 49449.8193916762 53646.8824887857 66746.3531997932 87829.0623292789 0.00991124168679135
0.397347942504625 0.884544152442473 0.747344108975912 0.692725124943515 0.402763232217259 0.221757787778371 0.580496799372717 120136.729215836 126071.044752547 80364.7457378363 51771.6631287237 0.68129255916933
-0.119742455591029 0.00851602523501599 0.0075189604167132 0.0524023301356574 -0.0140631708266615 0.27738506584477 0.101064633897974 41792.4420596583 42206.4302181907 64866.7989202424 52972.9192812882 0.0943563592402786
0.0855335009333723 1.02269439400651 0.948811613226064 0.451615775151775 0.31754390633897 0.138366581098572 0.300969050216085 117970.966083961 97071.6894332811 80339.123860426 53058.4181488117 0.238193553723709
0.340525373633334 0.626119433347021 0.711619806216079 0.427339984119507 0.261347516375768 0.178837941094419 0.317364955026822 131938.691430915 95890.2405521809 82167.5392141341 56526.7219290686 0.516876405565931
0.310008816050181 0.716561006366483 0.885005765040239 0.567532119306569 0.287476495043077 0.234516026505309 0.511085112434167 138219.865905469 110121.083045812 82367.4681405514 56773.1601765212 0.558203738414567
0.37828106214083 0.747588452209101 0.846025476368782 0.564922133467323 0.305860809151288 0.171678843584461 0.626531909573328 105087.25519673 91120.1303592453 81522.1648937551 78933.1088425145 0.366983902876994
0.370061351380387 0.846729084519714 0.658903295529046 0.651669759186179 0.339017484873848 0.156200407988319 0.620613416122825 102802.558194446 75270.4232918152 75837.9161254032 72999.1704909464 0.412110710207936
0.395168026359889 0.493267779190613 0.425277009152506 0.437628035565407 0.192103813029419 0.158487107762129 0.337198352877045 116861.444542889 94002.3414042191 81648.2802288491 58581.9546112703 0.273809948954792
0.315898336175162 1.01179436633444 1.12952880573821 0.433257507182413 0.288576496829311 0.120124342094042 0.289079691533054 129328.10856387 112683.144982555 75269.2833035227 47597.3772352472 0.201970278131396
0.506980969056281 0.917122914615811 0.692115905944693 0.583935725420083 0.206137570278056 0.306911973399724 0.414871705172594 110405.448738379 108167.443014611 80924.0006658033 68835.8634983983 0.308021457739827
0.510479346559574 0.891137224509731 0.712024351883925 0.643494433980066 0.357835757646916 0.150019089788383 0.548015649028581 138537.933050507 79381.4829511942 82441.212890112 91626.4232996958 0.489140128044881
0.357878693443188 0.80518144598628 0.872848768024743 0.526788552902927 0.326701935313646 0.290716207671849 0.505424552496359 129137.166144171 98568.3619088986 80060.5532662932 47378.7883744782 0.468714832694473
0.896143761174113 0.938465875008827 0.881118068123544 0.681638185489411 0.402700035805743 0.227564167518509 0.577602908637742 183869.710674504 149327.733231787 80948.361293279 82399.0938544915 0.389647066908731
0.304463636633523 0.844128987618433 0.702989047784596 0.599528179880252 0.262764292066021 0.377282006790539 0.281675747954092 63822.217407242 53628.1972354193 77796.5584580676 58771.8145634311 0.931957667467634
0.343846132660679 0.998812742842561 0.765245024870317 0.48715931540086 0.348969067831903 0.197854880777374 0.542898364519479 82623.4844917776 97678.7948454803 76072.2497400189 60978.8779032463 0.465882081997754
0.315330575906698 0.856900971172187 0.91563777842206 0.580076679049921 0.353569753031365 0.274040860915071 0.576445370542956 126061.184739042 133263.418029276 83125.1071836407 88812.5595524571 0.386336652540702
0.47082537273004 0.76950166493808 0.911380467219109 0.597391157442393 0.406412544127854 0.191666959368211 0.452769546130033 122270.201004568 114011.703024853 81175.4726589345 91154.5705221487 0.500916784789905
0.429487517961172 0.787576837567113 0.886429358541494 0.498991024203631 0.395938645540147 0.308164741015433 0.522303572258794 142145.948201978 98761.3952327765 83487.794166127 63228.5764280333 0.327757282868037
0.852432359978039 0.336094719376898 0.474921558929685 0.581819597199994 0.114269034566857 0.0599920258624588 0.29483479276798 65745.3135449793 61091.0284955753 70102.7886252912 17207.9653011873 0.288663467968661
0.440920042096482 0.871709069305208 0.886034343702133 0.716990892388156 0.276406193794735 0.262849952248396 0.402075483469532 137369.978750321 99250.1857866578 78294.1629798316 72900.6326829611 0.527256173573317
0.347518477111113 1.02266675581366 1.05914595202118 0.767333706389372 0.430633510305312 0.607429553410695 0.409643819838091 208220.795622392 159868.290658497 85345.1396986467 79889.5346446596 1.00468196816124
0.283719376365287 0.948543148225304 0.807627915721099 0.846619609037164 0.41407960474859 0.10666919743989 0.289309907680541 163420.334946763 146444.944678803 73227.1291891721 44053.5336838852 0.208864810958879
0.297108960503284 0.963202203043051 0.810616814258136 0.483342697918153 0.316086814798189 0.437134743811721 0.280365619475547 89408.5609636341 76992.8522588834 77121.400732826 34562.2495487167 0.645434984204338
0.384468379811704 0.798376195625172 0.985765490766205 0.613854206557049 0.33585017459065 0.261639166971185 0.429464846464912 125678.234026008 96574.987156243 81326.5218817787 74725.8249296094 0.547036367723853
0.428697321331452 0.736450079384863 0.775977131020454 0.578784950764553 0.319471809946506 0.26040690122637 0.446470094435219 154733.945580266 94117.8271673622 82455.6775306497 69577.1537964322 0.30573557649121
0.312965858414182 0.654426651852893 1.02796121125735 0.517656231870099 0.220747122887223 0.200874818181219 0.454616765014145 177223.419555842 140026.367456763 83643.8241933649 82443.7430953997 0.366441423317973
0.299458637503524 0.873007847316068 1.03879787221073 0.389525285489656 0.201233686291195 0.368416960027559 0.265256964164652 59802.067776862 51400.5271912131 76128.9511263905 59435.2161303921 0.917202139621569
0.430511507186881 1.07557957660262 1.19766672994878 0.547651905005176 0.356121295681494 0.243287610290115 0.433596573613671 206903.541390173 136769.839490193 101965.476744885 88308.8308202098 0.398582355461763
0.384805378488068 0.97852133219353 0.939589634554962 0.584845021733347 0.351180930341782 0.207174996085406 0.261984631894488 168764.724469961 110719.910984909 82578.1371341778 64799.0631357995 0.45967515892014
0.382119955723956 0.810521836871867 0.731473088499225 0.501600196196154 0.336255730116849 0.244614883038029 0.467100876584144 105003.62209359 94877.9069055951 83118.5317314921 60299.4960657451 0.592720186463136
0.782694873434121 0.63896498892441 0.702065634360362 0.837023264356076 0.117845953344572 -0.0306716055649435 0.626638651840312 117550.910429679 101111.705023493 90586.6064739927 57413.5556156287 0.511044190381689
0.368329433236263 0.787721159209218 0.712402428039721 0.464229135305321 0.363222514440007 0.196240517120912 0.477357103346849 111434.056094289 117550.177946102 81320.2810002501 84554.3157021394 0.366583339763828
0.212907402148751 0.551725745467705 0.463651708581751 0.463121444909248 0.184752866664111 0.108080442201994 0.316624359452306 159232.048938092 138295.627007471 75636.667120622 44895.7641808933 0.242109448888589
0.345606002171614 0.884798121878771 0.766034672134853 0.595924720973507 0.317932718104502 0.2023314068563 0.468960904932658 133497.512787626 87673.5406522012 81981.4266307444 82040.0117028756 0.592657315625374
0.463969715462827 0.676055148042816 0.866138235308374 0.581020285535789 0.272503928705223 0.258631482658049 0.409349200622793 132874.198006038 134106.690898855 80336.986532864 77880.7388543628 0.534002032916236
0.285375011955191 0.674653151088605 0.982078129935915 0.603152847589153 0.390054226511435 0.248293263787334 0.480920417822261 91476.4939977797 114448.78821682 77858.120302692 51026.1864947698 0.563569646195415
0.147395912658776 0.972403535992389 0.81023866580091 0.452122297196946 0.293563489874682 0.127825954622493 0.290351781261978 146549.990193354 126592.047970352 76136.9514380124 42025.5236097722 0.239266891051583
0.343749703262807 0.891160519752119 0.791502614870339 0.733184111879295 0.184192421619312 0.2654632605246 0.417783653557916 116040.619949448 104794.529235271 76862.372216248 75222.7724632988 0.445624835864208
0.319859317858022 1.01548388329871 1.13754340667188 0.44401670192744 0.29324553583749 0.133142307003235 0.300067091443246 109437.571167104 90864.0974981112 78992.3263905139 50042.041474004 0.214523412466078
0.449235846243978 0.863706643535716 0.851903881002968 0.569539621385236 0.271901535230123 0.193076526836338 0.535403966587803 145294.78889928 94625.2519685995 76244.3608470392 64131.7225008666 0.46386244167583
0.368937883297388 0.663476168052634 0.840091234101819 0.562379268178301 0.298380751454501 0.379474064508156 0.533361730354241 133775.06417287 81442.9148188819 78669.4994001996 83229.2351980081 0.566434389595511
0.0947814385704724 0.0152201558938041 0.0729396942040544 0.320432436908067 0.0358873444179941 0.629219641168079 0.466812801377078 83910.113229355 78159.5715399477 69724.7724567361 203035.978770532 0.59354130473295
0.472405153632628 0.784558716871172 0.931733865075169 0.541436999803049 0.33911206152512 0.305879587403306 0.332630576243797 141306.520669995 111002.156689785 80373.35840199 78996.8341966975 0.513302621494704
0.179665177558347 0.693420875878027 0.679242062760323 0.820011774920222 0.357456940237917 0.319894701832391 0.507190161939483 142493.091041079 91358.5664015634 78848.3927945488 83972.2440559197 0.357408001497741
0.446136053959811 0.827711674679257 0.84918362324804 0.62377354980992 0.348489242024547 0.23857419981669 0.217661140589663 116640.62518192 107139.012280471 77657.4472762467 76951.9779635284 0.52287175294352
0.421635073247362 0.592490585313065 0.779585895265122 0.50554562808161 0.193412057743474 0.498985559030089 0.473198211467277 161579.712971429 129701.562279493 82086.9202800503 77903.7168005574 1.10079130158611
0.534376362903567 0.70572441442686 0.83417208243334 0.603280470360039 0.334414767486139 0.34280253365364 0.84304908301997 136922.319894159 91533.9645233891 98084.884635804 152055.6881574 0.558235990979184
0.220500199138447 0.640371639241215 0.756356811333888 0.499648948848464 0.270810181060894 0.257377792983195 0.487691843653172 158379.811703662 121335.978072089 86152.8961871637 113366.962975933 0.431632021225968
0.86959715554371 0.486509009538439 0.700410337515952 0.644714637244838 0.193883110511522 0.396285349177254 0.497564446714394 61066.985570974 49754.3475596485 80532.761166949 82334.1323515475 0.925552562887738
0.394397436218208 0.868311206609028 0.986992668529307 0.738812445644123 0.30527534360678 0.271382488423621 0.607580203597742 115159.263773269 106456.057044628 76789.2607070612 75272.7642582688 0.442298278945801
0.325665596627562 0.45573380671678 0.375485758025399 0.361684858898163 0.140581979712418 0.0884247562958811 0.280952071719642 144433.588688677 126445.107929049 74978.6173035298 42226.8848833161 0.201887360813142
0.515826215323745 1.07835863824097 0.987473865810362 0.603644506697127 0.409250598176387 0.108413924672907 0.529581399769877 100863.586526415 102733.878019379 86074.2040361245 85869.8166638052 0.429492908450851
0.0233494375317136 0.0366424469941659 0.116902181567676 0.308547357352994 0.0365313266853992 0.154438613715064 0.295985136798434 62020.4235260983 60978.1900956494 66085.3937228755 47127.9953263022 0.25476084119225
0.363926372811585 0.976891720230427 0.739762653956487 0.564976638795872 0.398795368800907 0.293592946214407 0.460582389784256 117014.792768235 108209.637802399 84387.1494427021 97365.7103768488 0.509367443018899
-0.107139530373232 0.0324201141439072 0.0283698041694459 0.00560817899461116 0.0271121232814091 -0.0530223111326261 0.00816935026679958 43823.1625250061 43745.9245882061 66007.3236527503 114925.483024766 -0.0739183530050771
0.717710532799047 0.719581835245719 0.811963916953126 0.671013181395475 0.356570979768293 0.42004582695999 0.903672048826891 179488.224185527 127022.370212765 92802.7983819214 172989.940682648 0.791522420024806
0.255332420979401 0.859179574468133 0.717778108303898 0.698071365940494 0.296374053558301 0.407279173360938 0.290358230557524 137664.725549585 121598.812379537 74449.5184049716 45243.2778546559 0.987710910577909
1.20074050393141 1.15192264221702 1.24166003722902 1.22337127489508 1.06045593837052 1.06057183441218 1.08238969022139 57332.0138965302 50871.0944968492 72398.6427691483 187042.069836661 1.44381520610971
0.503177911600503 1.06430140441829 1.08586138563106 0.637137090870573 1.04486253796271 0.394697277062822 0.916582526239941 136328.912042485 114492.648130488 78600.7442047318 47012.469272714 0.445378617797799
-0.211620237425965 -0.0714646651223814 -0.0261929794930014 0.248538200986413 -0.038347390583941 -0.130286214600746 0.134251658172214 133473.5769802 73491.8405480042 127456.84066003 35979.8188056845 -0.15309682697946
0.407853483798303 1.07141578114001 1.16452567366662 0.57186999721711 0.3912603055685 0.266309148318933 0.446940618820311 260028.26944516 189487.044903901 92432.5925802319 92639.5350318902 0.40886778890907
0.302069385800185 0.967614924530198 0.841335068023585 0.552764636149546 0.211970735693064 0.343156173438909 0.339598079664035 130598.46077006 126578.397110683 84205.2376938997 88965.5027526336 0.348780215549401
0.374407254514188 0.308086379708975 0.316403526865076 0.260058359283657 0.0627491705641797 -0.0480164411733374 0.150074200343035 47835.7508599437 46752.5488088647 67004.9722527892 9307.66600791556 0.057231133319646
0.419164676268335 0.856522339934273 0.730827854555885 0.585969787638622 0.360445709532435 0.267711329975451 0.285060200947486 118816.543664949 95317.4599938882 83682.3333537595 86648.2611467033 0.423289969941055
0.361283344098913 0.931962342383405 0.85326872767349 0.478543398567505 0.32043283483918 0.171338417170753 0.431131835525702 129621.391366036 108550.706884791 81076.0578001249 60770.2726200542 0.32011627988675
0.285733498285781 1.00280227652167 1.11437245744135 0.431379029792288 0.290725524046781 0.13822235655503 0.229229508569088 128529.465105745 108801.680013747 77823.6057792539 36487.8340764099 0.166051128851573
0.36765457102775 0.889171778142381 1.05500142338842 0.440410489160195 0.216295226456656 0.384563847669054 0.335648778980065 124761.27416812 109557.786439571 75019.9715672095 77615.9162957812 0.928261120280074
0.495949305716929 0.914030612111812 0.890439073904134 0.590442139696738 0.209066388539329 0.228260621735421 0.401612090009162 134320.815348117 97625.8356428471 79544.3297700352 68753.3789629954 0.491674591823148
0.523306663612901 0.685928317289905 0.728354726211479 0.679776199471961 0.330308758593148 0.338549463945398 1.19739715123276 158088.418076226 116903.61066296 89035.8969985647 141365.806215958 0.637003161576858
-0.159675851008433 -0.076003773443406 -0.149983411005078 0.986576785613553 0.0110441015102455 0.0253064075145978 0.482046222245119 207434.318411434 126543.437578247 106247.866170942 135544.444963494 0.121167587727696
0.392234853605777 0.789196182642953 0.924482696615394 0.649076316394036 0.364773942217362 0.285604715752333 0.350996591577548 135245.430978804 103894.62454548 78995.5074177469 45060.8577188377 0.478883107880949
0.394758685574898 0.807620742120265 0.990516204057655 0.580327552022183 0.305434842742726 0.31837220721392 0.470158234694679 115930.769984534 110286.750111544 81260.1218156637 63697.8259773868 0.531952594747148
1.35206020444997 0.661279830405292 1.10955410705707 1.2998261331249 0.368354013131353 0.287577462821956 0.900569374699828 141069.217012626 108816.639566542 85560.2114562669 103376.014776491 0.54459994614511
0.40402912034331 0.804095911878816 0.868361701738303 0.645723087074378 0.310677225782469 0.305507790065786 0.510907047830216 126916.849273841 98518.2730267989 81035.7130683678 81533.2814829108 0.390488483316896
0.358484841794243 0.802215640738433 0.803798431963088 0.632449078584446 0.337541832250282 0.3852695983543 0.399765252793884 146659.170492338 88079.0314772606 81381.3840255181 61561.9867295446 0.547470671002652
0.402972511965466 1.00686239426055 1.11312116796622 0.458237118438842 0.296582058716598 0.153300045485103 0.331374971572852 130246.885433544 110529.959548062 77465.6292475409 55438.77460014 0.252473523653151
0.860844287722368 0.617539751830863 0.752707336288834 0.710486828249074 0.311794813366577 0.563321849951284 0.633281637642269 187619.124682542 120305.663142594 102759.692774799 186402.835144239 1.16231129624941
0.33511249547438 0.796860278743056 0.847415110431242 0.558815764746616 0.278571174975844 0.288233258315456 0.394559335824594 127911.969172757 99756.518498456 78957.6773402575 66024.1515747645 0.37928115613312
0.208476861063618 1.00492758324736 0.865293886272195 0.975728546775561 0.504893936123365 0.14044268114714 0.297616480141214 87131.1572100967 66066.4188499093 86660.1269943893 52310.6491065899 0.223639853022976
0.490392295920549 0.782378384518876 0.796244250081966 0.683821416301229 0.248696205915157 0.314436709257307 0.299533498003895 93798.5305545975 98540.7479342588 80708.6796487015 79660.7852370176 0.431768358154434
0.802118625661171 0.836978585141094 0.845101653932193 0.64602055244068 0.39408502924252 0.291508373063245 0.627368820396861 175688.718389516 137931.017673745 83751.3926175981 118384.386432635 0.482884887093865
0.248335765952094 0.937733652987779 1.09708796711515 0.397528421697472 0.245228411058313 0.548101584251992 0.266348981162236 112075.14677255 99215.4263204197 74303.652515981 34797.5210597438 0.985512632909722
0.224495269739831 0.133594793746188 0.117616327982107 0.370040694913249 0.148481616376773 0.222209308750462 0.382512479306548 160764.703942468 83185.7460102126 128908.062136767 261075.985113821 0.268725796338921
0.547428444467947 1.01931526519224 0.869759317902199 1.05013105904353 0.950802724571114 0.906079139728432 1.48719296744324 51696.035033096 48910.9337397344 68999.8165122131 86655.5347625787 1.21173038339327
