PE APC-H7 PE-Cy7 PerCP-Cy5.5 APC BV421 FITC FSC-A FSC-H FSC-W SSC-A AquaAmine
0.50422286191837 0.532873213446808 0.906454916859572 0.537889777067668 0.418837370257271 0.451938293131839 0.458575146559464 96692.7620187114 72873.2895766494 88054.6435069133 77379.3605075571 0.393382881020737
0.353031009381934 0.821459205766444 0.513874850070675 0.562433425280831 0.18230044935928 0.253224053928537 0.325670534897134 145287.418828581 118005.939736653 80560.3909788359 61106.8937471529 0.546636188217028
0.194206039499713 0.922880039823777 0.44757775040384 0.871527472978963 0.353236471151097 0.526200437834537 0.980099296330732 98503.3882213694 82605.1576010646 81222.8240103951 70289.8633416769 0.16673798772043
0.616478791397761 0.587283795162577 0.401300575138142 0.608213183734851 0.461121980005677 0.520356023592313 0.767754953752498 129489.866469267 97874.9859945681 86695.3924194822 140306.25469935 0.523002336837398
0.399939289348464 0.856862457015268 0.827684046443602 0.261944428469494 0.247803618902781 0.257628487110378 0.273845159878362 105924.910836444 87851.9779770707 79201.808259102 33350.9940213573 0.171167571019039
0.879311568369566 0.378724059520355 0.35238634161833 0.618512352427259 0.345389344462681 0.349439183574805 0.541223241025616 120343.143172395 98898.8629252001 79833.5274137954 96077.2704942051 1.04461842535192
0.657812361080216 0.530034401800586 0.405462019268747 0.510103508544567 0.376932585756281 0.462140462416404 0.766046259877853 91552.1137059042 72713.8866074901 82714.676330274 82921.6316847617 0.35966149200648
0.274984476072349 0.913918498660507 0.412309981887071 0.609677325369984 0.291651976193348 0.38697833716615 0.312701593796683 83994.9058463917 66921.5205755615 82893.5065921027 44111.1152250082 0.215297129450405
0.433398122845613 0.745474333732141 0.569322382869592 0.633725535344461 0.273861035943549 0.262334356764659 0.564411516950259 94047.2394803294 93147.2799932326 87729.2643437562 85455.1126100106 0.431835180902086
0.391887480289736 0.619154702416031 0.481744793014257 0.672154884695491 0.296968418309487 0.260176333005177 0.515992218403494 107195.070334157 99710.0346148378 82616.5007610296 87504.4125972447 0.446755320582983
0.682273498911659 0.460971367571343 0.324319345435969 0.555778935747937 0.3474400414495 0.389569308567745 0.474243290699536 144368.711877688 115369.942192131 82147.1277715174 87794.0548639126 0.413994931614016
0.785121122809752 0.869792348415773 0.500113888714724 0.845400459107176 0.346133023932371 0.391122623383494 0.689077529932357 199168.099162027 158838.72310215 83986.6283890952 105789.02104131 0.889626145765069
0.29302566602903 0.910522003481489 0.362053747559055 0.469570544195841 0.174466459814574 0.133746856071956 0.29979463236488 166831.676099852 138184.047899783 79235.7025817417 34943.7887783126 0.231812153737914
0.336848041465288 0.224439097203273 0.135898462826808 0.408305014177674 0.179084927741388 0.246501936219501 0.305139772605792 94970.8505240138 78949.2642520046 78903.3432045072 70632.6488435834 0.996341930946457
0.283706405193237 0.902315443351465 0.856152044565026 0.424650516626803 0.210120965182283 0.176439904892297 0.275395499238959 138116.985919909 112608.61473705 80411.9502874766 33216.2915841885 0.182058652576407
0.967826886576664 0.844142176485792 0.536932699660208 0.847980883049971 0.0988986477344739 0.411111102564839 0.733281321947106 140639.692653118 103059.916889379 84252.7061855211 66235.0237418277 0.560639313101084
0.315861793344942 0.893114487777393 0.455284808399607 0.911248434702475 0.313097594683278 0.287991100908542 0.335575629428199 103288.931246771 83313.947848494 81394.4472752599 41178.8801045825 0.273572025199418
0.707024829457504 0.617125897417988 0.377516023933627 0.560645546409223 0.481169764103522 0.511656899674822 0.679356793488146 81376.8301186399 58379.5470118358 91563.8250036645 74166.543930234 0.382322391562531
0.291362908126359 0.917740821513302 0.175908492027682 0.891331956253621 0.0968617746152526 0.224939460817624 0.262623963180297 112589.355001317 91374.4301232162 81033.3610989443 37479.6957663771 0.169207820604233
0.570241419344575 0.290088198176428 0.169717847963002 0.33542225623378 0.178818077143135 0.206063850871707 0.350701866247484 91815.0240059179 77967.7556640628 76486.2857288739 30867.7315618916 0.19716138116349
0.423596892908639 0.937965679885696 0.845525607355031 0.466289940167204 0.509585147226926 0.490724461575863 0.736652942249473 77547.147758552 60899.4813755376 83303.6473656896 49416.8287297965 0.200963756968199
0.260345399161449 0.904043195681282 0.426105759381131 0.879217544733349 0.227014336323476 0.210689419994992 0.263576879555031 123852.508676748 101416.420244985 80045.9722017467 37368.6051545056 0.168558630950557
0.26159643199052 0.798957098313821 0.343190592792441 0.766599508712738 0.246145522108204 0.147957456189255 -0.013889076973796 110777.602890859 94268.2309179758 80525.5189295014 31111.7566408123 0.245520375344493
0.318706968500456 0.959766968956156 0.928376186946045 0.446303895968639 0.234123685178927 0.287472613545798 0.290334270457266 94217.6044773147 75143.3401716064 82275.2609976877 42055.8944558841 0.198144312423244
0.424962528357207 0.702487404804475 0.411841123672758 0.664421905486928 0.295431654761509 0.325879225174059 0.578265800522004 93477.5673448601 76724.8351214955 82722.9742960286 66868.6388545665 0.440489535537685
0.656351724168629 0.581241368857964 0.507817175450636 0.603342721318495 0.436474010566084 0.48319449105925 0.860374091141621 122648.57253971 90319.5156256187 88974.4061068698 145452.615364949 0.533163907490466
0.333429334701936 0.77527401180532 0.871324332553565 0.404224014388926 0.183833903793686 0.233784467191471 0.261312263643014 69991.1063344936 57647.1853422915 79713.1730756372 65043.5508048236 0.982039492075115
0.463269630575742 0.582181968306021 0.592570311580547 0.569741447519403 0.326634922383122 0.336975900772914 0.329560242897587 94572.5265199654 92725.7673695172 81682.5802164057 81683.8924415212 0.465597586381819
0.366187214258205 0.675559659578048 0.4319121637137 0.63869826128913 0.285913644640537 0.272578543554021 0.426843495138413 115987.179947993 81013.8138874942 81269.7804402854 55635.972803556 0.378096559856926
0.470608999399354 0.252328219005576 0.533144852017505 0.495425599966286 0.264306196901385 0.352906812935109 0.393368850509491 103363.925527852 78601.6383306585 86697.3326809086 113476.139295185 1.09358708375563
1.01796437602813 0.739340210864229 0.611363632026095 0.767415471644728 0.40370359774146 0.438583846517599 0.627929885916686 89307.0753199505 68209.2190284513 84081.8913844598 64946.3229562423 0.971523785068028
0.354727239510921 0.919718115502077 0.412176069437624 0.815211042516499 0.261824047528649 0.209935643495786 0.312676518789682 129953.636123834 105283.081939585 81028.2084482981 35403.8311296729 0.225537011552296
0.728586720672231 0.629230349050541 0.380640818762389 0.572485433963173 0.502622695620515 0.507021151097719 0.664174901285962 111906.608438091 91394.3795079739 80310.1736731699 72510.8682831987 0.400447368494363
0.341619998793551 0.82745822955372 0.3646451001472 0.669330890232462 0.296782038026003 0.283738626425473 0.343180729078645 116267.343945842 95629.7479693194 80019.5313221331 43894.513387153 0.285505709290728
0.353460976392446 0.65398396481303 0.632213251292088 0.573522837677271 0.234163261575031 0.272906226869341 0.490513353825207 137003.711871122 85767.0215357112 87171.2363004462 68601.399564285 0.331161813581636
0.459546908824829 0.756629736951424 0.302522698486385 0.698846653506725 0.146757312590025 0.274998061636119 0.468686464384631 61426.9587032804 101551.094120636 74114.0075597316 111706.15003482 0.553038072797801
0.424265189730955 0.683576943246832 0.313913571303273 0.579369692218627 0.27552758008301 0.346333528696863 0.463469794056264 113498.286836864 94333.9340455871 84989.2596283589 87958.2807905101 0.300534672515224
0.435646740830157 0.306086026536724 0.112849692341833 0.39357622737171 0.241765854701782 0.228613004324236 0.27179699092668 108342.229675198 88936.8597915701 79995.817986622 37458.4231560548 0.19901029343295
0.362544268736639 0.903700595172006 0.884222052267608 0.471819640903432 0.277083173526691 0.283796148287509 0.322739246369609 92982.3768930536 74837.7427121966 81527.8881738796 41079.9947128641 0.2557150168154
0.451781709696542 0.626772040386543 0.490026211146415 0.580318607437623 0.281430370047211 0.318239374496659 0.309112579930146 133104.085136123 84673.2633200571 84164.1508688436 54801.6616985005 0.667023806500841
0.757038276833814 0.250388006745338 0.379787467340424 0.563385267802672 0.222851202313956 0.320996678256095 0.467829936693314 93381.7235504161 74368.3719747354 82359.3201102717 101950.432189102 1.03943004103837
0.313423201576549 0.746453939121459 0.271141150323676 0.49246479898694 0.082214369250104 0.0187242467728641 0.202705998955021 99070.2413119249 86642.7632385677 75114.8141995355 30052.8688888291 0.82120171766546
0.47198959859545 0.590457875784062 0.535391878268127 0.615000241398074 0.412672219617541 0.424696907453589 0.513928314597991 130535.080652036 98420.4049283754 87369.1327688182 100322.658025063 0.519595132200184
0.332350860511488 0.970471920180356 0.831077713471668 0.252505776973918 0.339837687195596 0.786603626991379 0.326827857856579 79317.2589930102 72371.5489650428 79613.637292745 24607.8700788795 0.299822949911725
0.612177167496342 0.586766929376856 0.329317515543787 0.517510160184015 0.442730623275951 0.556796093731472 0.567903186967229 94041.509908131 72461.6467485834 85746.0948004242 79785.1978021203 0.32624492151651
0.440910065191983 0.685553069695376 0.697603479176039 0.566578779309156 0.224062921758587 0.396057101034498 0.269458260747894 127166.808315206 85819.4953149191 82767.623883637 70725.824867752 0.479560328572576
0.386486485100989 0.623058499117089 0.461985383120645 0.651349991861992 0.21550958148881 0.378092928690659 0.488756346017877 105107.176555245 97723.103556845 77353.98311411 90235.2866050883 0.411087150750741
0.629449208790803 0.695606068768904 0.65849959495408 0.698008361739835 0.210823097224486 0.374450123562134 0.506850055123077 132549.190804892 92690.8183646183 84863.1226687824 41086.4850951007 0.575356160976401
0.27510267999431 0.681044818727526 0.519077873152585 0.718228993883491 0.282907096714904 0.289715198129449 0.522560326086995 95692.741605619 112533.031221074 83678.8746943702 33570.005376901 0.389508636828908
0.35583482389503 0.898316816719177 0.82658235062351 0.468128391598812 0.299349357802098 0.323097817613542 0.330557704501503 94986.6727333421 76315.0755707596 81661.0509326062 41621.8066728327 0.254584831417989
0.464187461770517 0.665545856530901 0.542640067720588 0.552172376726506 0.345428015369953 0.247310770942628 0.402863328996513 140897.159844885 83420.6562988553 85114.8753767806 81891.2248185146 0.316013275954849
0.460297335125591 0.692455921842079 0.565298976198604 0.619867858015669 0.301959241064597 0.253502980997121 0.458899181697375 145888.650481995 81598.0974057763 79761.0737724746 77471.4550943179 0.529085549892275
0.350961636077511 0.399193422515797 0.175930235342012 0.521506507688045 0.291189910631195 0.283875129271259 0.361853710765065 117125.333851677 95326.7762156336 80682.7920116281 44331.209232614 0.31189531201853
0.499999722591608 0.719946524403195 0.393564563570872 0.596098533429982 0.314184593842697 0.355045066639952 0.494699823990126 119052.425847674 86342.2295332212 79604.0622794207 70824.9185158735 0.613384169065589
0.417045006650404 0.611191168417573 0.536658852878077 0.508588112465563 0.415262630927705 0.294533814073325 0.396100958501509 102367.615933023 95231.3870802426 83483.4457767866 76906.2119208279 0.340074406008174
0.563709914419058 0.478741236273676 0.0733220020737946 0.539896773185143 0.276325201683415 0.144663212992295 0.756212443329976 152701.463054956 67739.4227520002 86175.1690937839 100720.718657925 0.876784880494168
0.271873246373051 0.787675222617366 0.863086790027841 0.250029264624288 0.141339561289534 0.149853177274609 0.21992875907739 114215.486750448 100955.372797953 74486.3404440183 41528.8154618386 0.870879372920199
0.578626623247011 0.69134921885962 0.534248391552987 0.586811812117358 0.357217386713382 0.297102115627513 0.517776601915895 101266.272073562 83919.7610447579 81590.7184858104 70323.9615665423 0.394848229679248
0.437240506707736 0.666682724500889 0.743220444788976 0.624268127260154 0.306841196852418 0.36739611532217 0.400308291953669 124399.164836866 62774.1021139007 81450.7252601155 73065.3402944744 0.181324830818341
0.955819811762192 0.89676670288186 0.416486224396218 0.879391226565976 0.773111613137734 0.382314257736709 0.659050361210983 103508.289137989 83674.7930933201 81633.6088191344 42925.3502413792 0.221745862273432
0.290527763435702 0.874301921869719 0.759218076386833 0.418768903619441 0.243263549674883 0.219723305193823 0.284551726183838 131839.197050582 107787.319076971 80183.9216517843 33832.1335446874 0.188829953736381
0.807615298958379 0.266740847978867 0.501041183966812 0.353445329050349 0.25037629210988 0.295260033867834 0.479439028029697 95004.0538502296 76335.7790344291 82597.8803321275 101711.313911531 0.952699275946242
0.568245896654888 0.648488597656747 0.685780797240133 0.59008789924789 0.440836588829418 0.333766978561012 0.506725270639206 87654.7361969811 100067.473624841 85266.9175937969 38110.3560003693 0.376952639640688
0.539416515386289 0.916103699638327 0.496516661184606 0.582312575089814 0.489849260151751 0.281828706017769 0.576706335635837 151331.433076591 122310.767464653 80768.4099610169 47174.52641157 0.327834524814149
0.265313456457152 0.670949475405769 0.600784317381148 0.598313545316921 0.358934460149926 0.355234157842305 0.37906716678222 117815.595765596 85547.3169284974 84845.1777962772 101562.055372932 0.476350137495212
0.393105551719436 0.62592850635881 0.495919305208007 0.59363005558901 0.313837588423756 0.278292117877476 0.535010960975521 106551.306510677 93046.0316631555 82357.6424469304 46643.6133712803 0.416411392593134
0.53412021954977 0.549794194103756 0.371249597135708 0.580553586532209 0.290744537162566 0.299475398150466 0.3679137787659 88973.7220040648 86487.666017925 84142.5064977973 101995.050328774 0.354263050146878
0.433877604038346 0.929236565566169 0.5077827467923 0.684495935451884 0.24529865495325 0.249496606632914 0.378854018967233 104281.485501706 96472.629779271 85293.9446066717 74332.7730327997 0.318094486600924
0.381117678707356 0.657614927794012 0.536584561196633 0.733469865005362 0.298561242389321 0.344794630328174 0.600677275932937 103021.82565481 58150.3797785377 78173.3997108664 57496.3220281759 0.462707826708449
0.362014807854107 0.910452731134701 0.58329251248811 0.58570642232617 0.320404815256393 0.253879135147488 0.629207601831487 129553.767908348 120057.35322575 77476.8825968129 142012.261425152 0.479951138451655
0.594806860799653 0.723281122535205 0.673869746205173 0.626697353483129 0.220897300011088 0.33333411990351 0.391533266799178 95753.791604957 93724.4338558732 76820.8322277245 87005.8986106838 0.248672963137379
0.312581380517735 0.970874628923795 0.427874364065016 0.473381241188559 0.266165387130236 0.277853253492612 0.308991038633643 99144.07469913 79206.8095464119 82223.4773691379 43575.4270125579 0.227472096630256
0.506046898114107 0.597132467983497 0.415270893408102 0.593247870130238 0.283632982696344 0.359578093021058 0.520905769247728 122430.638371949 93438.2629255889 85773.9208792878 75501.6274201876 0.463058877525424
0.348816697928003 0.696342959800008 0.326780541283212 0.494212732980747 0.321644652979057 0.33735807771911 0.285504308480835 118000.534138947 96269.3321371188 86313.7061494969 90508.0654622931 0.343200566586584
0.300347268093488 0.370737548181024 0.150555663618652 0.473209692311356 0.290052923911254 0.259842080401965 0.330307204696565 127702.281693253 103631.99606859 80902.272713707 48412.2036252361 0.250314874765364
0.421624363298102 0.761445060736898 0.363120003844189 0.53423851696054 0.28085228992471 0.310458294473191 0.414056390484826 133249.889248808 112285.226715993 83799.5650575013 83508.8266887656 0.545426472216675
0.26701304655764 0.873898752655505 0.965576269606881 0.442615943470281 0.110896488275395 0.222892056709524 0.28747665048585 106987.380378719 89667.5295653692 78538.2893713514 65634.2329903723 0.969511804447384
0.37603125630828 0.617420673458605 0.523653571763213 0.71678013091533 0.271004213942094 0.340511431953605 0.471200168205839 110736.277241623 90078.0588013156 85880.5106250429 75377.5062695918 0.435314414786877
0.504825141014522 0.244261775581375 0.267399898198918 0.487274748510102 0.209501498617522 0.307276881920849 0.404506491225942 165186.638346895 139215.123175679 77724.525837912 96297.8417938852 0.948415580525008
0.399397549991498 0.742566219385573 0.485484735527074 0.490724919665501 0.370258879194913 0.320356916330784 0.561575780140694 107858.605936766 73564.9948736847 88426.2527978754 105954.935720271 0.525194059971403
0.318590304666032 0.77837746860652 0.267367544384061 0.558673430792224 0.163092899154267 0.219830950380753 0.261425020719329 81089.6694583899 67905.648793327 78353.1740996305 52854.629773927 0.958263972443091
0.327450047373745 0.726725850449889 0.682106312463225 0.521953866429639 0.351119756507085 0.29597208933105 0.343167746859617 99579.2910863513 83134.8010985636 84393.0851551239 105964.280586619 0.64960597817948
0.475705221652923 0.748374619838148 0.54800869191544 0.650001108209875 0.314488697771594 0.278093029926702 0.469468022824121 120056.28040789 91631.8004333085 81565.4526947057 66217.5962410687 0.41701340190788
0.288285919823135 0.776035442300333 0.594583688150432 0.56052702130814 0.321150918496278 0.344216533009609 0.49163677223019 107789.236123078 85102.7504382805 82031.0153634211 105036.299991922 0.499335967927106
0.396715446987383 0.79609181581436 0.920171056660036 0.448411913496409 0.227061790358072 0.261507927595553 0.285357584081834 105377.889708665 89073.0608196018 77752.0493080821 71198.7208594386 0.968375511366884
0.463823840894633 0.650935167120961 0.535499430022292 0.636268417964121 0.361091058289006 0.268870638039798 0.523211106405481 118055.070239508 95070.0941935733 87643.3924506593 62988.2230449116 0.621191866071624
0.472083392631518 0.832018717917624 0.345476326395416 0.646620683248284 0.244067582516635 0.252741669841579 0.270503472040613 111054.02527116 91703.0909571159 79662.2022006156 35919.4997077483 0.17087743608957
0.372791405929542 0.779045697954949 0.62026303646547 0.621891932011765 0.303166255975939 0.376127653151484 0.394110962286664 120443.622115249 80412.5029136473 82909.4276688532 65808.4813245996 0.387463449885729
0.471272299957941 0.388499522135796 0.389499929042891 0.634246294231257 0.368198684429254 0.27285415281443 0.587636376087749 138875.660850787 95106.8456492496 78568.6547325089 97305.2679340178 0.480914535174183
0.459580987513053 0.768851367838866 0.432011277234586 0.63250287739571 0.279657507156261 0.317472575901702 0.314175033542265 96938.0166619789 107475.878582457 82661.6840334408 80637.0078839537 0.538027136163597
0.222874606328768 0.804750669139925 0.770285676722138 0.38525011665135 0.101280579432314 0.0701627520794441 0.2477965779647 180777.468135176 151310.120806568 78363.1147243905 31105.2988388653 0.16711527887128
0.387672336358045 0.639332821877144 0.677301672751026 0.601669192698602 0.196079526482887 0.354527930753404 0.282233727310006 135722.894553752 80864.2581273869 81183.7507064725 67313.3866864817 0.525666559583114
0.369093770853745 0.741694130836648 0.569440937654351 0.736597025524915 0.166793253370827 0.353686050842482 0.618626694887364 110732.598985969 74946.87566575 85396.1572378849 72253.4440209186 0.358770511864161
0.436472463299546 0.740429453438386 0.547623867432004 0.56471036199916 0.268267274225601 0.335297110916858 0.457290558203193 106028.98615621 87154.3260650126 83172.7504506123 72426.1314917094 0.425676074300236
0.452458713062543 0.765559449904239 0.601378649826394 0.57935343066611 0.205656269019691 0.28208106644077 0.631950770086647 125241.732040528 99018.5425333594 83060.5043054159 91961.6706709022 0.528955289034159
0.413265364870345 0.696726172785801 0.549028520985897 0.657044085408005 0.280147303785127 0.382299065565707 0.405912550024889 115887.297696432 100965.5148269 82076.4524003456 79059.2890962187 0.55602860023615
0.388291474403388 0.827894950012267 0.547873020375449 0.588361562565012 0.341062786131754 0.244476731253198 0.35608256915841 147806.932511042 88506.5267559069 83173.9599843386 97021.8773797995 0.488245993425948
0.25927368278411 0.731463690221742 0.569424987381891 0.581486203121837 0.341299476539865 0.333410545137388 0.434397551534583 105607.31663102 93254.1717326729 87399.6546256394 81701.5235734271 0.472707479126962
0.510698173534066 0.8348139858837 0.725455014390457 0.694595287826395 0.271398539545939 0.311750586420312 0.198575686540743 111021.426452743 80997.6110133772 81093.4119477487 49442.4987207518 0.412779029648184
0.43483197903976 0.714551869803775 0.381889670808373 0.628901386867691 0.29106346899089 0.275710795698299 0.368231812838703 131155.362294543 89033.9588074227 86001.8851171397 58109.6151645228 0.350969715901944
0.582630478048035 0.643165853910598 0.534318893949948 0.521345611534132 0.233229856168809 0.261213423493428 0.631904249610576 102018.858549486 96439.5254145633 81844.320875658 65465.5193541194 0.565535409464572
0.277036670404137 0.815664900591115 0.856802906633483 0.427131421293797 0.190985325930283 0.302163682038946 0.303220324219936 99738.0689255069 83891.8560175977 78030.6340711779 67760.6460124779 0.927004681205144
0.417593964766575 0.485213080795763 0.605198813819702 0.5793253001218 0.3944627106228 0.348074532757257 0.46085184672308 99237.0893345284 105667.571362036 83311.1320199466 67139.9678218646 0.629892279871111
0.356177458675745 0.704131616916852 0.513690554667304 0.662920612981207 0.265643231727614 0.325098136626421 0.467108307569412 103778.404906704 102796.998232556 83425.8392027593 56258.4079467348 0.423890285659009
0.378996968728204 0.583941560434936 0.51479227800579 0.492512743065575 0.360797854179032 0.25527720004549 0.43311636677526 85444.2915324031 82788.6055920816 86352.487262165 95388.7826310735 0.388350684249684
0.716203751102049 0.235067927264951 0.393139733135155 0.572021029048657 0.230025427419048 0.323865549366887 0.486646607040547 142292.383878273 116279.921836014 80195.6893366761 112409.439729478 1.08456693538853
0.323464278985091 0.404171755661156 0.155821970439541 0.484351226927051 0.301750489343035 0.313127941835424 0.34203362944246 92175.703032112 69874.6028794177 86635.2710132319 47568.028988676 0.269070339771626
0.474923422893298 0.399568030324808 0.435868162726813 0.59363237634417 0.214748262725316 0.381393537238008 0.335801688820829 105451.398517142 86280.8413464687 84524.1933550076 68985.9524210926 0.376708631917
0.661862740498586 0.592077271862015 0.32715192458178 0.556357314824885 0.525451543649846 0.540360493200686 0.549698179579608 87785.1797681725 66654.6636158151 87064.6271265058 72955.0377759481 0.387188603855455
0.432453783256719 0.727577751827754 0.461838938229041 0.579314584001069 0.285905099306821 0.348963212029574 0.519504023348696 112213.731772931 77070.9218312944 85794.0199813978 93554.3805385416 0.309385263626813
0.636148709191856 0.569943042209161 0.48789943465014 0.613093274289001 0.439161230889831 0.468492497262607 0.815109779755744 161632.540529876 126032.215437583 84062.4788919067 135886.8781087 0.539986871271433
0.497757940000973 0.691809053794787 0.436457351810128 0.582766743135394 0.282784900622727 0.270108845240321 0.403094360005093 115433.650735463 78910.9651340891 83320.5949290241 54612.583740463 0.415937375558177
0.461706386021831 0.704767378104665 0.507539733476223 0.640637828006367 0.353812655529829 0.287618772325527 0.581152407149611 115433.539803931 65061.4812014109 82393.7780158425 47594.2235983202 0.387293245977368
0.274451587562298 0.594397686140599 0.443217157394451 0.585007860432581 0.320736065274098 0.300284101036982 0.365070395849937 87815.3267676286 83527.2926143239 85544.1379731037 59737.5020496129 0.388060471965832
0.63128913366429 0.901321588604109 0.816314162965868 -0.223217877898715 1.05929459952188 0.399003744277447 0.988745734790344 93415.3883544612 70083.0095478638 83027.5067201465 43862.7484003589 0.259599598256501
0.284991748895088 0.929627691143928 0.43542372621917 0.87989111441155 0.248952986723435 0.290404626724377 0.275160973762644 89112.8422731946 70701.5471427532 82658.3352421913 42381.4475472719 0.170484340879679
0.477773319150587 0.832801383290372 0.686023193874945 0.599829857544894 0.25507293419569 0.354452268322402 0.369854881454302 89075.330679932 81737.8576363903 85805.8265361092 61398.954534459 0.405228524512965
0.614085156584109 0.638530000907791 0.45233291574431 0.623440140242461 0.497868603162947 0.489137671709703 0.784617605529599 130820.040176575 102699.761678957 83458.4984809506 123689.900590709 0.552892363157409
0.600614990986732 0.82388889493682 0.50260280197179 0.604445938570865 0.346865133194996 0.395678159421982 0.477776267851245 145127.214565138 80998.570814949 81651.4481477036 55435.3218467336 0.517061012620386
0.21464931436016 0.781634146106813 0.201976238213366 0.536905930276915 0.0719483571451274 0.0619343306705134 0.234088358269283 184329.888452081 154277.712069042 78444.0177679929 32830.0476650527 0.185544938725424
0.293607066148276 0.75729424034883 0.481677853379724 0.555237709337049 0.207010623864099 0.343608103235185 0.434830636626228 122394.370002045 92307.4874412817 78336.6052514215 51322.498103364 0.529902828858068
0.375738451565736 0.694067650147442 0.291902101607313 0.492391697219088 0.239146628681527 0.281402366106977 0.522396407457897 90863.0230053973 91965.1281182637 80847.8943352633 95398.4990760671 0.440627596687014
0.242636170173086 0.893001639755628 0.283551440887625 0.589936481341668 0.234532445751079 0.225527423294156 0.264794384215438 119647.136405182 97480.6111503581 80565.3299816802 37494.2093517637 0.180898189776707
0.48854358718264 0.683073628850686 0.418794298832128 0.638413804023114 0.262547114199098 0.222468031304156 0.492727813976201 76696.9904438967 76503.2183777445 84763.6214903668 56792.0733794323 0.388602596084743
0.382949689026447 0.749512847834502 0.565999258350676 0.496904829341398 0.263031297312924 0.368770976973019 0.522720847157008 138957.019840118 83538.0953553106 85074.2677793252 93399.7001683668 0.386970646469863
0.212597368144119 0.913278420252183 0.689586680901096 0.371639132349894 0.247147800565034 0.228013772214571 0.610537694985109 117147.851023456 101972.287769927 85210.1310599703 86788.0671544095 0.345924118778308
0.60305476376497 0.654279164841113 0.44736622405352 0.615316138339315 0.520061808776156 0.501155776523233 0.766211152797494 101582.710859232 73610.8633280741 90396.0966613719 126800.178491817 0.540040857727866
0.488801830947256 0.724851440757978 0.578757871139953 0.511436107326066 0.360724000692456 0.347190185082111 0.460246288910202 112449.669694591 71384.382761508 81205.0448287342 84302.757776923 0.640205162051506
0.5153444248362 0.614142605348992 0.437593986009188 0.611670473186506 0.193385741786829 0.297970322288015 0.44011618114843 105607.19687572 94541.5038869377 85685.078578827 53131.2459083876 0.236078776696317
0.574617188156463 0.818033695755799 0.228644611444869 0.557034071992828 0.260485725561703 0.351067789297516 0.37296022618631 119919.107649883 104374.257795676 84984.5227325891 48742.109638708 0.444945752064437
0.528712994368356 0.552296933002597 0.334293694786933 0.596034222236292 0.38036832726943 0.405102615491097 0.410029673866196 99015.0795892129 74642.0297076923 87354.7229963674 89285.4063350345 0.370158797180044
0.381427847467682 0.706688321968359 0.64877391656366 0.55429031305531 0.293309654125401 0.346696707121531 0.157771105465907 110979.251943706 82632.5902560602 83260.5531191604 47865.1772706855 0.45720990627851
0.481349580974101 0.796622131906642 0.171482353181063 0.589363908841639 0.304630598915678 0.405886352203396 0.346727471214461 119677.663164787 67445.5470343768 77817.5362727267 87730.9741202996 0.133750283369561
0.464986018346153 0.860959226598185 0.441155908533439 0.718499546651297 0.353252556211393 0.208674937669929 0.32711901927883 97795.2477179395 107472.015958067 83448.5309419458 78888.2406563021 0.482510588537557
0.503136583648459 0.64700759202748 0.554190382821141 0.563413790393196 0.222198186519591 0.281578534965433 0.422611933933308 128025.115407781 89828.1957147946 82469.5452827507 50866.5585295454 0.533822472110815
0.480582199822751 0.67843881396712 0.629873832274379 0.628213746562877 0.288503184857191 0.405463164840354 0.49699803734558 110323.545668156 70426.0340596043 84246.9422845407 37288.5287392215 0.401481880719106
0.327310668053326 0.552128120880952 0.758669052951668 0.700561667816894 0.297143452083996 0.309019677007407 0.474913885719386 115018.484859419 77091.9230614811 80234.7081874678 99418.6156215857 0.345335630714033
0.429913995006598 0.777011803715716 0.440711795212476 0.698480573687454 0.281674845400284 0.379553949214815 0.4371557187303 111157.352894705 83399.609165114 88571.6833274411 54642.6467140451 0.352110361885371
0.4926128370419 0.701761129053371 0.47443974198251 0.470088936626534 0.364928065360729 0.276449174048932 0.480618321467616 143437.205278361 119388.59378441 81052.3838834249 30138.7095762513 0.409189204273215
0.467471834044255 0.766098513129915 0.421616633174784 0.560614269377416 0.345719872468188 0.257790667601295 0.587028107766242 102170.71746323 88217.6770163898 84394.4919568111 73568.4089065519 0.55554016855234
0.252162651441316 0.925088107182242 0.832065123049186 0.404076955081407 0.235098450582244 0.297019537091896 0.265472126416446 88184.5530547609 70365.6511348638 82231.7413030832 37878.6093086895 0.136245631437985
0.559700127066269 0.749911042886294 0.605791124109087 0.414700549322081 0.28307398506299 0.342771357408657 0.374068112220891 100190.898742802 82654.4363757456 85778.9221254557 91061.5255626454 0.320845564563911
0.476421275039905 0.543403404276644 0.557277454496401 0.509410948842829 0.235972765249106 0.286588153354474 0.473995018376862 89029.6716792662 80722.7361620269 88539.2728117191 73119.6048357708 0.275828019965644
0.488168937092324 0.839140023339651 0.163601719029233 0.770504707268842 0.252923764756735 0.148516991540647 0.638504592407072 144554.918772554 66101.310281622 88896.6775229569 69950.1235594299 0.392142947852138
0.430985856523661 0.62994420228707 0.564788972466898 0.540123070595802 0.39923968430466 0.330495609429284 0.381896969051715 112974.324002781 88907.0086555102 88033.5748623755 77098.4145989122 0.294368778001178
1.00149234129808 0.501622272411607 0.60081597834771 -0.11867458578787 0.381630598728013 0.495628640686226 0.858158931972697 84563.5904401922 68472.1610012375 80669.6862205914 66535.5186322492 0.33112958328129
0.443060632443043 0.726821797947544 0.528927881138137 0.562757647804069 0.284999855728147 0.298992782461702 0.38944566214957 98458.0741261329 74049.2505334339 82159.0950134267 69580.3396130047 0.362654218258692
0.611049338179299 0.702235526406174 0.460943007466368 0.562266982754835 0.321340897632679 0.331444865720565 0.34473251601857 107893.998118705 89786.0741376758 81966.0214099709 55579.0612541413 0.418441298419786
0.324859054535347 0.270061167288971 0.140388327376723 0.474549101165875 0.218600621209019 0.185837038312447 0.323338470670773 162530.347937354 137190.180134894 77632.3532801643 40078.05867996 0.262073947950061
0.435557582735096 0.78338530803729 0.517799368156007 0.564103550281838 0.371850865535009 0.275548115880302 0.492740566137703 135364.465508445 87086.2176287534 84944.0251237847 62554.7662920802 0.386583927665551
-0.0971071666181768 -0.000443466323173972 -0.00364411659229082 -0.144167520626485 -0.0827060820083986 -0.177211330299451 -0.0371830705261855 72984.9870873509 70185.9214576471 67702.7384166508 13179.7508739554 -0.181165254534864
0.450606382042119 0.174268800660469 0.130473791396992 0.252576951116012 0.135615032382364 0.191884384903929 0.252941420306486 69407.0541937589 59917.6864438031 75357.9424601457 38871.0913721412 0.832772718757281
0.447689861396044 0.678551522290979 0.318630902582878 0.585962502224344 0.354184207182955 0.331648647733678 0.506327527367424 137441.030915831 80621.6019101603 77647.8786073925 75430.3627893777 0.425524539287805
0.539740235557327 0.926570572137853 0.491294269371258 0.585738796202235 0.392452067310131 0.289218316350018 0.54867445491936 133550.701159118 67834.8358336108 81867.0508208192 70160.4646994495 0.157484218306103
0.434397549289006 0.79448862313141 0.542744566972081 0.614629437608324 0.297883613802238 0.403549817239858 0.192353142499004 104493.145403422 93535.5036756969 88563.6542301152 69702.5986252438 0.345396426433396
0.248711148536234 0.853222369176136 0.35618157566592 0.846444662160907 0.141877600910677 0.0881211534054114 0.246659503089114 171300.348755323 142623.287979633 78773.702663036 32094.8635812886 0.167888932806451
0.283594086625638 0.764629381973745 0.27888701647571 0.516355634525954 0.310997922082929 0.317360506251994 0.353397073042409 120700.336881201 96874.6366284395 82652.8776910942 70961.4975383343 0.396694975842945
0.327231380744094 0.557769907188391 0.296453109902434 0.553001272297925 0.384947446608198 0.365263627823638 0.404886775223509 120975.516902478 80876.2733335472 84250.3528554854 94194.6838669534 0.543673739869003
0.283078697650569 0.643227322622522 0.461717367645062 0.538200406090447 0.326740489570013 0.284363144444797 0.367286223032542 92592.5894344272 96146.5490511434 88350.0518745849 75857.2462446651 0.456520610503176
0.308700576054441 0.838292695294239 0.37979764827974 0.869876277714852 0.222100495681655 0.163668529969247 0.311531797233317 164640.239375491 137181.465989638 78753.3946244828 31645.8880761148 0.262393259079741
0.471558114156365 0.724635108931666 0.487019891643497 0.616377481670603 0.387825700393157 0.414211358912526 0.600094353794632 125370.840528384 77551.6370537985 86482.6444989861 70190.6723495646 0.41026176057762
0.559332843572874 0.662825355002908 0.662507662897481 0.538456069596941 0.287982987072816 0.242093597683794 0.534701797932944 88531.168097937 102519.360295288 84674.5662811618 65710.8579638542 0.565328440351119
0.258923161292545 0.181459263358677 0.0941476935478158 0.398281327253792 0.153268179934448 0.103029313765271 0.269416224311731 171620.596151712 142342.138225905 79077.9287182436 39021.1749713404 0.201710213428957
0.462342383039178 0.628527880949363 0.533538222065427 0.513937899532429 0.294010697304526 0.380025750720684 0.445855153033921 102300.826572534 76546.5104220328 80178.1964764127 50545.7816600563 0.244763549583749
0.339126278116777 0.817953359603457 0.564972885299943 0.573686393847078 0.292608690437507 0.316599217642992 0.433588915805896 123822.732060331 96531.2123927521 80339.5618274873 29924.1556841464 0.317321915300977
0.317803166026882 0.855135054969622 0.92397186417426 0.408908768348665 0.158173376211443 0.20855495919308 0.251821014202867 87427.8179932157 73574.0253571239 77970.9791679946 35165.8670829116 0.947833189640611
0.580318840808854 0.658447361146506 0.593912206123494 0.703247071205012 0.654588117556539 0.609351381806296 0.716987944189385 141116.956046274 112275.31176009 83423.2096973137 147502.521864013 0.717086432407147
0.471721237429135 0.519102503774804 0.945253740623188 0.509923123248999 0.389875942559464 0.407558969499267 0.171076961124815 89145.5690552769 97751.335505795 75043.7355828837 62120.7386572434 0.77092659658568
0.344522263522897 0.839687370991737 0.799286184350644 0.461163286580139 0.232731697042937 0.180512153302017 0.315820221369077 151501.703572706 125226.157375992 79352.0221330973 31117.5370122772 0.261484340305643
0.280469001777728 0.90512681825843 0.324245099337879 0.563947104628052 0.164383858309474 0.205667508044875 0.251835545241059 88032.8555907543 68435.6823726474 84828.1526902427 37031.4854591798 0.156141276387983
0.535942886171721 0.695724870420435 0.596305436866429 0.386522345104171 0.35496682671728 0.326944064853018 0.489482923030134 109282.166577053 85275.3560647617 77567.7402591446 69619.5528557165 0.466818917958553
0.568390741497068 0.613365768156908 0.521102039295559 0.503064262741917 0.37126398924965 0.338296348442298 0.510104653177082 89337.3005626553 92560.8379963078 85121.0924527464 57267.2262286089 0.494604043052011
0.838253559143549 0.334515391369791 0.443356546492151 0.584187192439711 0.237119778295302 0.369787439539253 0.498075675963803 92360.2553516413 71542.2048202873 84467.5880969909 104859.758112049 0.541988012156761
0.319486497405718 0.705845107252024 0.286398601638309 0.555646753610936 0.308204201188733 0.314250019532023 0.5239775553627 101890.255850552 92429.0650926768 87512.406124924 78260.1895019155 0.41084754351859
0.602800099585601 0.90956809272064 0.730443790258803 0.515000060545055 1.09844915783738 0.458453002532289 1.07484222711287 98563.4101068447 77540.9413514313 83792.1390409122 45286.8616830407 0.19531116225681
