PE APC-H7 PE-Cy7 PerCP-Cy5.5 APC BV421 FITC FSC-A FSC-H FSC-W SSC-A AquaAmine
0.266596043670079 1.03593227111659 0.182196494578326 0.624266378686498 0.113446927601288 0.104839104411259 0.341266725768424 127847.670145046 109098.479668049 76766.2011124789 40609.976925099 0.294916562813264
0.38127046745564 1.01087739679632 0.465110228633949 0.758685090504824 0.224868694556198 0.332693263191688 0.391635827820787 129476.280896492 117595.222629071 72089.1180411224 38969.2340189277 0.30933365745268
0.331337104923652 1.04782691244707 1.11865435197951 0.203652515073694 0.10759853111364 0.111400163688152 0.346560230317189 122001.561207033 103385.105618733 77361.5991011003 38412.8650372349 0.268498470120751
0.372542778150247 1.06688156147899 0.523311988402733 0.899390831677429 0.133573154772668 0.143008549525638 0.37757942858763 134888.543113442 118554.193663254 74592.1725685262 50826.0771401192 0.309295989659124
0.416708853442149 1.07499619656227 1.15560393263582 0.229921015569963 0.25646755597977 0.156722821054875 0.663410688206758 120765.997258708 109823.138060328 72059.1179207579 47486.9719579143 0.297938820433374
0.306427852479628 0.903772608978084 0.264086253878798 0.456976564109489 0.141546950389569 0.0994455937673535 0.300135747980049 120915.304782999 108742.523534769 72456.2137656049 45156.0592985931 0.286311152260001
0.303242041730526 1.06320781770851 1.18930070912812 0.210496776430854 0.077545852491907 0.129844414497345 0.34949419691059 124626.520458226 114094.493102554 71557.2342024392 44021.321551685 0.275472568660353
0.313505887879364 1.02443908984718 0.451352141286336 0.879496313542888 -0.0686386282948342 0.044982511310425 0.2324076090422 104197.694445193 96098.703235879 70738.0425705703 39098.0674455733 0.246721725536393
0.281040911843274 1.05988792549201 1.14495767649745 0.212569502794592 0.163249448548791 0.137886237262688 0.303374131561992 121198.352280464 105990.734460997 75137.886052996 44190.4863517859 0.233750925719389
0.353296125332821 1.03648517698501 -0.242245524911117 0.913757567267386 0.212091253183213 0.211277180189234 0.340326777345157 121850.745268745 109236.038402999 73026.7416739823 49385.2088883758 0.362042094164608
0.34325265893429 1.06051530675359 0.550444705053425 0.96032681618562 0.101578442405623 0.10782749352664 0.350834108359087 127760.48697043 117316.821738953 71351.4423099155 44249.268539812 0.290384521000481
0.375642759138724 0.973666606532647 0.859250831716864 0.452979247127366 0.264180381118371 0.13966280472185 0.415253976773829 142428.321419444 112815.212750005 71295.4597198849 62770.8844106696 0.443148122181847
0.260739554843809 1.05842857129572 1.09016826477831 0.160362011944394 0.183829167309459 0.112849239064959 0.304659728525714 85859.3742402927 78878.8604259952 71314.968817335 30797.0849648546 0.221226763475297
0.372516988442686 1.05739178386831 0.756931632638726 0.356890919591019 -0.0439635497475829 0.10976385300204 0.627469109338244 119137.030625637 111888.223740614 73842.8693277427 48598.573897698 0.456455391185948
0.497919971509668 1.02581808783089 0.767308513232997 0.353351169937881 0.105782140574391 0.141482741532795 0.415268619067599 138645.018037742 123956.60832179 78405.7914559938 79935.9420219153 0.385387242338754
0.58475471267206 0.953980738088113 0.742550514860676 0.122714002788539 0.295031919816366 0.239863238393966 0.49593038299015 129699.587738891 87461.1445005372 76049.0539260264 52048.4941571772 0.511172941575918
0.990005634601639 1.06132654597196 0.565787818982925 0.924798530929945 0.867784704667712 0.170386113153046 0.675909476906049 125133.442541743 114761.590488623 71372.5082289926 46473.1433946973 0.286853628525205
0.139225218078483 1.06214144140259 1.19738600237664 0.189780466039081 0.0529472268939378 0.12626703840607 0.280060947990406 123303.278512166 110679.41711622 72905.6666850598 43246.8247134532 0.232969817532454
0.167449544052802 1.07028334495153 1.16978218071481 0.204812970723502 0.0449302145245393 0.0799898739836628 0.315478002152318 105361.734431791 96646.6691145342 71254.4707577978 44335.9621170788 0.168118057942888
0.346899008951944 1.04322718007873 1.13752566293927 0.240591784296684 0.192992920405964 0.35872735044432 0.376656795593315 128917.839543352 116568.17053364 72405.2473482689 35912.5675186427 0.301761524079122
0.334063456476568 1.01587116465636 1.07709281076968 0.188257358348544 0.133792736329886 0.11580629273556 0.340115744427036 119195.763172567 107696.50373605 72511.2114378588 40172.9014389592 0.279446672980451
0.366863028022944 1.06368980001912 0.435193527337127 0.464368929411495 0.228228979811927 0.178777638042795 0.534052905414886 122148.29981566 130888.694738142 72427.8810752596 52582.6923525468 0.411014067640775
0.342973871544974 1.04678497766597 0.202551358128559 0.568559869940053 0.0870817265067478 0.103530181185002 0.347491699508366 125250.386717539 115011.55346655 71338.0641493799 41174.0008932261 0.28228282228251
0.386315179261204 0.951547541990984 0.748795467808903 0.30596489860264 0.156069213908986 0.220457987275052 0.556644567371278 141151.027759544 106075.366377228 79260.1712142138 62514.2465234462 0.425894230802715
0.322141371208566 1.01075673540843 0.724319373390592 0.527491864501708 0.155698949801773 0.204894930207032 0.444254071767344 134030.297953293 135799.338236158 70040.0834524825 46325.8380251456 0.326835007712767
0.416814796572619 0.92581026828645 0.419563813046293 0.455143885400138 0.195870229631424 0.113585541056238 0.489238756967765 136644.65724311 134092.411065132 75949.4439081585 49643.9299118065 0.467749659713672
0.307601000280308 1.06764494737771 0.675284071426789 0.554544140111844 0.121329169975804 0.214063774765104 0.420249037903558 150819.657647913 88569.9382847004 75031.6956966387 76088.2033044278 0.480135937289353
0.474001117717077 0.985008089613387 0.937982260123202 0.546208697361047 0.21606707211319 0.159586250802201 0.44064121113739 127552.516845117 127140.824651045 73768.7526800374 62950.1425258083 0.426397863289665
0.578994553729598 1.03032349045656 0.662808551035774 0.462415121488672 0.193999630797604 0.176689225843618 0.677359341483641 134847.518726981 127654.82571871 73068.6309576113 71665.4869444168 0.493775081382809
0.707734159344997 1.02304402972676 0.770264608499605 0.259105432686301 0.196236973131712 0.181874007706499 0.62060141458698 128853.859810662 125853.608266339 77093.2816609391 62157.907487138 0.493828580859262
0.483676656101988 1.07578241235951 0.747347958516578 0.395276392715678 0.254540771351324 0.197301454612031 0.657241731330601 143119.299737645 128107.808209286 74171.8424439346 21467.7934055619 0.355835243296793
0.250991947884437 1.07266121277949 0.407841822239634 0.429692616913161 0.123618966870222 0.191475418488855 0.548989389239316 149657.914852705 103405.771843585 73103.2626674973 71581.2339973264 0.476550587920546
0.304737754603683 0.995787185273236 0.490637600920118 0.49716606632091 0.0455806498140984 0.159699736310968 0.589292209163285 140771.067911592 130798.391709399 75180.4226630535 48688.268393742 0.454024555647589
0.266102178234525 0.989307112865447 0.427172883040578 0.448520405842827 0.173332961882171 0.0853967381379792 0.284086611481984 77118.5727832999 71310.3178153507 70858.1692273267 30584.0698318842 0.254948374768698
0.448189793495487 1.0959968442795 0.78070340672583 0.55452104786232 0.0819170456484977 0.118811746864884 0.258497353328456 162342.047548043 99707.9491303192 71916.3558072022 59948.3682775661 0.424871484544067
0.471729261372892 1.08385378466308 0.383510594551509 0.417425048867426 0.200181379629722 0.095479153525864 0.349964724578828 104955.684479947 141356.913200858 75376.6798085505 73299.751036384 0.381941539847709
0.341371083675002 1.0002987068924 0.507384323183384 0.630346600119491 0.285078493246862 0.184189077838815 0.38691689713013 103734.811805537 120735.904892428 78053.7565374818 73095.4919631178 0.212599074218211
0.344721163051666 1.13742737537003 0.339370686833414 0.244761820048692 0.0418031794957208 0.128604735974572 0.34831881469462 133255.806035505 110502.97120701 79164.2302985377 48415.5772640976 0.306046778036445
0.286729524508727 1.06740574892142 0.644217295859733 1.04726750569946 0.21073460966412 0.123459464258637 0.314949108149739 132067.368427759 117983.756121444 73322.6213834603 48412.9707196692 0.253106773428041
0.359699278967275 1.14701800993159 0.32758949207559 0.220242135030402 0.0432841911982836 0.125396933738134 0.348600787616089 131945.768253364 120337.767073527 71853.9290079968 52709.2781286845 0.302729696201023
0.272201407450492 0.985577599337191 0.841584269893304 0.278351393048527 0.152701534387624 0.138479587399708 0.624539157381696 114420.810870525 130507.59900366 74135.3080401394 61407.3188166103 0.472925651803927
0.420733188969114 0.930729885114584 0.556210447531468 0.447655273502879 0.0655707127506284 0.213259505502533 0.475043377742504 143384.207555047 124342.449733517 71890.3333798513 57400.2637620464 0.453674121876866
0.584460463194141 1.10912689934119 0.60094295723137 0.385228684977909 0.226869633159379 0.191533929198199 0.503470355453049 143934.990573694 111339.317853299 74264.6512339031 79753.9513634458 0.440535157905962
0.368467628592753 1.01939969453854 0.560690174942588 0.226426798673563 0.276275744839458 0.168648872574767 0.362519744945407 110446.811418317 100317.261959999 72092.4272178287 37505.1931793572 0.234293181508171
0.590219135533507 0.972139481992204 0.485839745925356 0.470656672561815 0.347581430073092 0.104742872101378 0.528694898466575 104708.602602611 132260.614783111 67787.753641166 59197.6819065197 0.367942132806652
0.336952002385041 1.01789524092216 -0.0311971595245938 0.933828036605433 0.194856835049307 0.105701405019879 0.33708431206615 123776.889556122 111827.893671771 72526.4251386314 43293.1527106482 0.291152559607234
0.33647472416265 1.07425241295839 1.21766719114685 0.251346152365986 0.123620269560575 0.170735498995407 0.388771519281807 141929.83724381 125781.11595319 73998.2469342741 57439.0509006544 0.324647218485022
0.356211040750386 0.973824266717177 0.881013624128235 0.350598278455952 0.19617740241064 0.0944454888067818 0.441356930489025 103484.089368317 114269.568341154 68448.5228816684 47963.3291550333 0.328374141023717
0.675701467212054 1.09052847344714 1.03921641255692 0.565990630823989 1.27626426366917 0.403137734150897 1.19658616535267 118468.736785701 108133.848851175 71868.2341723253 46285.086534565 0.31411893253587
