PE APC-H7 PE-Cy7 PerCP-Cy5.5 APC BV421 FITC FSC-A FSC-H FSC-W SSC-A AquaAmine
0.45651372389722 0.767803757973706 0.890981865859635 0.397857899796833 0.198159231979128 0.195338522403302 0.434358354077289 139894.474941468 113774.860513412 80202.8504431289 45618.2129065109 0.185375915876412
0.307254277773333 0.974586456705087 0.0793003966793649 0.957164820806987 0.165137178526397 0.162953003606073 0.286979627453109 106544.79009301 87635.6312506213 79640.9056107519 47535.3981452963 0.123904728089827
0.293765016025937 0.934133955303513 1.0525665111491 0.428754669818237 0.136635124914146 0.0683471149155895 0.296208132507729 142636.802138635 124368.363308911 75124.5843854447 32411.5145315439 0.120896948970265
0.289995531512773 0.970145883882609 0.0613063478456763 0.962059359572129 0.163533048886392 0.137194962748097 0.271022767532281 118951.835061576 102600.266647564 75989.9376067625 41622.5858895654 0.110461272521657
0.40046671131384 0.977167501566558 1.00443837788977 0.479747256302319 0.288554895518282 0.404238405217151 0.480625546545184 124392.923063688 103996.302621521 78448.01661212 43935.8702764406 0.18722818336361
0.387532322478092 0.979881260885375 0.10595214121121 0.852710916210323 0.165604526023357 0.125876758024424 0.316151670200517 136894.176948035 115452.278127096 77791.7139660414 39423.9322575421 0.120925697941159
0.474468708356846 0.90855057415825 0.504877706710013 0.56781111148716 0.181111997348542 0.24178471655336 0.368252674286019 142053.033952978 115956.230798542 78036.182516999 52818.3560379419 0.427761785900227
0.329506039269724 0.997955723375052 1.13081436263987 0.484710056558151 0.198098938289044 0.196877825886855 0.319485730705263 115115.374437743 95817.5531447133 78722.9485456665 52267.2002135852 0.136821899834918
0.540137512248334 0.810643882862794 0.745015428517348 0.622373185387134 0.269867012768504 0.187837313043423 0.303808086148889 131048.045646373 112237.458573531 79714.5412117607 68491.0461879825 0.271060588149093
0.470612976186345 0.693779373154051 0.624366263455169 0.517203848293538 0.156302428046808 0.178772699734248 0.342764730231133 127975.207126055 108595.193236946 80848.431409609 55167.8556588417 0.178803958618711
0.416456751876916 0.794931441345479 0.797080593280246 0.623922981466298 0.140893801646148 0.215095996572647 0.235706509163915 129771.718812546 103975.452495298 77091.1034264939 69561.4100139987 0.152639172664346
0.434116483397361 0.757427316587478 0.34339653585499 0.539786737342737 0.22049286805186 0.216071218529813 0.409528092659146 116523.797848463 109953.524125094 79562.581335402 53138.293574962 0.256585643899933
0.889229971259051 0.934910968272613 0.0418756512779671 0.915253295172985 0.702402691199685 0.247557659767509 0.49253239102055 118814.004262713 102907.963593751 75712.2210052737 40454.6860859901 0.130370643292872
0.378367095582052 0.784474133201108 0.550216907400463 0.505614597114574 0.193384616464562 0.281346948302266 0.377448153988149 135102.843068135 116954.178098066 78897.1068976734 58508.5238537485 0.356472822320332
0.5213956821899 0.891199015459424 0.46083445771295 0.529168695596942 0.207388298116557 0.220033459064409 0.39645777826783 138918.2145392 114021.28452028 77077.044667909 70973.0021370565 0.220612136958773
0.284761336928437 0.960697794727331 1.08074709588789 0.261681219363431 0.156715752223678 0.137733707434618 0.244863423003387 105048.684531568 87582.616212583 78836.9294729227 36827.4398604441 0.0832258457451657
0.514705914931911 0.851521233669392 0.850394287748588 0.577897263220625 0.174031411095225 0.148504390572682 0.35925780155897 120037.692814419 108463.729043548 74267.9400561836 60374.77603653 0.219742362900674
0.280629777126306 0.957073743864997 0.057338078980721 0.540245727088947 0.101154854683608 0.122559659275351 0.269378524076761 119266.32615623 103157.457323695 75770.2261698961 38627.2946127458 0.115043229329462
0.482125317801992 0.912005811248043 0.775593922376026 0.636549985889453 0.227364701746426 0.235599570866429 0.424981592473211 132315.948864778 108785.925497107 80515.4112629297 55861.1033933419 0.14267727384664
0.451426736440957 0.760923161672637 0.318782534342894 0.567182435362706 0.190130140618484 0.295684366861905 0.449107614271033 144823.102198372 115234.518037653 79096.33956954 39537.4048093516 0.173516073494542
0.508491863851578 0.924211053556072 0.559741263438105 0.540252386360321 0.201975238517955 0.149720392519599 0.433501375564512 130745.865032753 113611.656508994 78742.6850791732 73433.2147399287 0.225810507958289
0.515943698713608 0.811247490122762 0.593862986508146 0.551215802488343 0.233426313224021 0.233680028863238 0.329380839571004 141823.599413214 93902.4702898198 81675.0415036114 46392.1504618702 0.170571919392944
0.476398047445614 0.888096073000613 0.777361549776426 0.652415348768707 0.19768842445899 0.190358185309449 0.434022560119422 130318.514756669 128605.895345505 74482.5250556374 51332.1337841967 0.304658358926639
0.385521612061791 0.876121613699011 0.567267587444442 0.367502492502305 0.239770647024074 0.192164758525425 0.231493631285989 132312.276329676 101697.898250864 79600.2122348114 61842.5786869647 0.303311370226992
0.411325756292114 0.852180056664261 0.586558486176558 0.598028111296683 0.195450783137835 0.259459598643736 0.403405876962081 124918.318421283 109297.973328099 79489.8226942337 53555.6133488457 0.126569643351066
0.340567219636161 0.928487808076877 0.281065839206092 0.585794997487378 0.1363073592552 0.127946011898355 0.274405439416779 83664.3510806787 71540.2049229749 76347.0981473594 42199.2373949794 0.397996675711189
0.474827868459682 0.815966610784322 0.690589772913572 0.556680509359501 0.258906782386399 0.219140031288745 0.409972934905418 117353.82999793 108657.138599646 80822.3945702444 67004.9613622857 0.388357377852895
0.38430729164886 0.854795107283949 0.440474932602036 0.628589987534871 0.184258893585173 0.151779758709105 0.444065006418547 172567.97560629 103022.717589725 75580.4846521696 57714.2229009526 0.175040022777645
0.302878874901474 1.05896550348943 0.0410094990661575 0.478290973161268 0.124283471947058 0.147038919458336 0.294173280272528 126321.111925066 107888.648290009 76756.4568527369 47609.1331700371 0.124519148942943
0.483552151017244 0.674995855609884 0.810815053843366 0.550265974581621 0.242738588682321 0.249323970853826 0.402304903820416 131123.262802588 83206.983134345 77958.6302334069 45117.2175328714 0.164986645965582
0.524555684740846 0.933655687754574 0.439574426857216 0.422099930972169 0.0992508880889857 0.261729518483412 0.364435811489679 160209.565947349 129842.787441002 73027.2169817175 61329.8477065375 0.290665698546151
0.465438980559044 0.866448785043124 0.49562170395923 0.605501970812566 0.22425325890489 0.260912323937176 0.450508615936076 153081.264169714 95883.5944791315 78733.2391126337 63231.7283263862 0.288582668449061
0.286618116439158 0.978457450731038 1.09650549640818 0.449686016857719 0.163833528603356 0.152845918896889 0.275235023166095 116815.05584794 100412.696501608 76233.9269117022 40657.314633476 0.103941166144977
0.441815574939672 0.816229467714968 0.732807817188192 0.604186236544517 0.231143778439685 0.240415324918364 0.237990133917585 164844.90992713 101666.462729611 79626.4721114743 59759.7947309635 0.0416573198394669
0.45578610826583 0.921140966645286 0.00242062307176131 0.630846235847353 0.263919541359328 0.155382783330221 0.304861404240576 136991.075008084 113921.674599445 75995.6136697804 71106.5704609561 0.176573401677945
0.48985533646916 0.816763895441042 0.885479364218978 0.653879545209645 0.174864887794425 0.18141209325805 0.340051201918266 158576.634020006 120851.89334479 78153.0157869838 57888.7521652188 0.365129915414218
0.527028764175275 0.882691214222186 0.778471293201736 0.47564356018807 0.149946096582901 0.15570091893516 0.447581791858474 138213.553165512 103736.384673682 77285.0188032053 59281.3189068623 0.142678303388373
0.43260038376282 0.764021862890915 0.600862480846668 0.503242768344218 0.234732538133782 0.231689547910875 0.290459005985947 146426.664769592 118127.04491961 74204.659505627 40190.4076980081 0.34958037212909
0.482183953374863 0.870659871360815 0.860876799038073 0.469022587414185 0.188839324033597 0.251651428354073 0.394702796680034 131516.518841796 127888.6969841 74850.69044226 57216.640538899 0.18394045247168
0.526799978302057 0.813201519169356 0.500608969523441 0.277786751559257 0.230124566133715 0.235701619589373 0.538127449922374 129691.551672034 129020.761522854 78597.4731273674 40714.5385341676 0.361174362404544
0.241489958523431 0.920458784898583 0.985347927704095 0.38502246541981 0.101098935239336 0.0710172065444073 0.159600117856632 79061.1727208499 70541.2396040789 73394.2785973492 26865.0688131014 0.0473704202207315
0.530730545612883 0.702705764970234 0.643507510356624 0.724378760473399 0.229499523514919 0.223547188823468 0.432231892343915 144017.980684155 110838.241215034 74314.8248068715 35684.9661434781 0.142165339154567
0.623555858922718 0.916313120691161 0.960961823921332 0.54121182585372 1.22803107490497 0.694796303536878 1.07787994437754 124015.565189987 107345.258068303 75769.6128453849 41804.998210953 0.20193645777435
0.423476658882815 0.89189891404689 0.564463503937882 0.604911609784682 0.159177078746325 0.216151898032481 0.45365091222864 95580.5504260028 124464.767753765 76369.3669568542 66876.6408176831 0.33371562619571
0.602776232025015 0.92885949412831 0.456844793729494 0.567983415090927 0.197590266446727 0.145249060852661 0.374852733596391 136091.86578978 116358.90866619 79726.7301584031 56235.8984753953 0.109618008461091
0.323490420723288 0.876924052758095 0.382881412904101 0.478605362962194 0.162847565471017 0.292998469242945 0.289717024825708 121527.233801424 107925.353157552 79839.7297103787 53197.3870046223 0.166219082826475
0.608775523124486 0.93579877925774 0.915262303028595 0.53956532599524 1.14969818467582 0.12589130153008 0.993478689830079 127287.716107639 109896.300200613 75916.2203242565 40263.8850233343 0.178219703756607
