PE APC-H7 PE-Cy7 PerCP-Cy5.5 APC BV421 FITC FSC-A FSC-H FSC-W SSC-A AquaAmine
0.489333675211439 0.840575506024029 0.384881799955419 0.611891904699586 -0.00342623962466587 0.153717146293902 0.393860689335647 137252.022930441 133875.265239939 76378.1306581152 76666.8332655217 0.591047249598817
0.33775365582013 1.01259822218024 0.112907582203174 0.474998803635652 -0.0309782724167601 0.0222657545380049 0.186789779634449 155379.737009615 141431.159745071 72112.2381996293 40371.8706516816 0.105211705124219
0.524771662515179 0.866024971174946 0.656396579563282 0.683688815983433 0.0338381916980715 0.310111677999813 0.383350300803977 129016.779058258 95152.8860915357 72220.3064620919 60019.1787941195 0.445901244220153
0.481794150154272 0.858603397297562 0.821494677479241 0.63482261553752 0.182815501767059 0.25563259649302 0.425257728522967 158078.823556262 135889.302994063 76478.2702386494 105202.103497093 0.394235465327169
0.492920867795699 0.893832332322872 0.417683151579392 0.51536003140744 0.063562416329613 0.0109230389652904 0.211052054397683 145230.697260669 135433.950926034 70363.2413260293 55570.015779045 0.327747000396979
0.865260482785354 0.725010440321928 0.684243827579366 0.611004235762443 0.198236970022168 0.219430447085147 0.496980625753891 96360.2849809083 89545.9815684873 70513.4777736355 86043.2012447642 0.899113002298029
0.357564691090094 0.925842441170901 1.06912246927613 0.419160711565965 0.0583623462891807 -0.0432222622621442 0.20896048869032 138337.019085913 127227.02571657 71335.3563372873 72910.0259426956 0.947682513450274
0.668764501203008 0.804589774354616 0.84497736340446 0.640709284012611 0.200123166032555 0.30684483895629 0.823797402988664 213392.501531553 184143.635891876 75945.2163989802 114658.07146921 0.447832549817011
0.662139241330533 0.816320202513625 1.01270587865121 0.613236757319511 0.193936902877915 0.281656154566534 0.754608424180121 171971.891173889 146720.190405156 76851.6363931695 107044.458629405 0.419366312632491
0.502942600226487 0.897448470743055 0.702743391418582 0.460346526307337 0.111752021207056 0.148370158470454 0.328714228653698 111483.927707355 103110.177836131 78909.0367335749 61542.5290321659 0.628488663547767
0.323725187436909 0.995186972559797 0.457462005929054 0.596534903125236 0.0909177271871189 0.125246448739283 0.206165835039046 129918.113889344 117729.257025484 72452.7338856634 41473.6188759828 0.115242289378851
0.416551677377197 1.01525378388158 1.11046491863617 0.489927823322796 0.0402784566444977 0.115651431246968 0.282677592741796 192083.259652145 165926.31143194 76276.541696584 79002.5735198891 0.482729925391687
0.404812264568821 1.03628186055978 1.1327869298663 0.457539364898769 0.00994603900696833 0.150173475697953 0.254594042918085 117799.958990933 104002.58529956 74418.525276611 49935.24398064 0.147397958879354
0.372683467483389 0.820275250869557 0.428753935999946 0.61845622421824 -0.0544309676827501 0.0902780759097143 0.315059637725182 117032.466830769 109440.73778003 73686.1327331696 47215.4169318376 0.460297140280386
1.10619098440589 0.932084066173811 0.795093835174765 0.707892110062922 0.149963770963205 0.270283804497736 0.80760704341113 138209.637336177 117587.461595691 77276.4437564285 96639.6616736416 0.392796884435401
0.534726987737702 0.822648446098707 0.602373135539256 0.620402454602422 0.0693559096154916 0.0976561481901761 0.285527661260345 129965.839138605 118809.830170313 70361.9685825817 57836.68006607 0.058727716381944
0.723059454560512 0.365461582124984 0.400306222230874 0.605901564019129 0.15526872139984 0.276969747963354 0.386032331193921 152006.952647071 142605.661419803 69665.5916788087 73598.6026639164 0.952787563247067
0.587289701697676 0.813792990972445 0.639746021067634 0.474672465350864 0.126962990285347 0.137704619195351 0.334519013356983 125335.713141354 90307.4483066918 75849.2604576321 59784.0648364678 0.432377278305601
0.333745379548531 0.992726585304786 0.176974614935218 0.933152793638488 0.0512780221586476 0.0173264783012138 0.178620777346707 162248.330329531 148798.204415195 71480.3670620661 39893.3433917729 0.0915931361666384
0.648162016307258 0.826943783329911 0.909231603379915 0.593630346292049 0.209824544350268 0.287725483896127 0.762142349186567 134718.78597195 113859.70157885 77533.8939102938 109460.003621126 0.385677422382674
0.380188509505964 0.792427935677061 0.221641870803347 0.468811127970877 0.0435497055178809 0.0619594830974558 0.213719803255351 96239.4459777927 82056.1317194804 76880.8158511334 47623.8489904994 0.137970445252044
0.519828270959905 0.856436736744706 0.642121172012957 0.620614742324341 0.105819039816821 0.060661305246915 0.32448083792903 83249.8112471585 113581.796047068 70345.9894457617 74329.584053135 0.553438504210761
0.60452097688241 1.02712255886887 0.548304358090017 0.560443146037234 0.234912697196794 0.161397480069858 0.527869601090315 138001.836705792 121475.364024877 74452.7547473924 53329.4379399578 0.287445266935388
0.301604785006502 0.979040742522916 0.410502560011236 0.87793010499324 0.0612828154396411 -0.0598361810286725 0.143887924707039 84906.7770926241 77642.0598087615 72001.5122883091 31281.9831245816 0.810330379554115
0.362902141692252 0.948314758755908 1.08426872629067 0.4651421629116 0.0754472188594667 0.136937702098671 0.23557495460062 103439.328850995 94391.1904629422 71865.7106851553 85900.9991246451 0.967058113839686
0.14888552422351 0.887591203080921 0.0668990725187051 -0.0175372906554129 0.0257933591084168 0.5099863145752 0.117248354830601 110293.543435839 101201.673804256 70542.1411025565 95414.4668884999 -0.400735405035384
0.696581864545622 1.06783292235713 0.817594755888704 0.531734423600922 0.363266991948171 0.221724438335797 0.667694087124776 132801.696252779 117231.565134354 74360.9316568646 66944.8296722431 0.207516874344921
0.808182558460607 0.474249274722365 0.711530488513995 0.588860369461237 0.0950874036788079 0.23160172475608 0.46733143070008 114694.710422362 99780.8944185708 75326.6421968292 116079.902741437 1.00256000875953
0.606316409677455 0.817937252579903 0.852309139029905 0.57626108770123 0.217879010927453 0.194109591805736 0.760695624890188 141425.745917792 117637.719229455 79154.249345853 97844.2438431846 0.418920483229185
0.845305451551074 0.823514127157694 0.749873531290454 0.607729587661454 0.23187963707888 0.278947342111379 0.555017060387572 130164.274843681 112881.42554117 75721.5412463603 107816.174409791 0.409052754977711
0.559081261100733 1.00408640406498 0.204408210961887 0.923777818340125 0.0897898899407611 0.09417611497807 0.22357810020413 139238.541446367 122440.326412573 74819.6416215945 46158.2512421201 0.198507654684197
-0.639936394037502 1.54842132554894 1.37519181161473 0.620638671013232 1.11619701315379 1.1657804981753 0.584014029255287 193425.750933025 180183.751039653 70681.1939715422 65292.038768275 0.285860422800634
0.25935425404948 0.956820733262497 1.00643886885868 0.169740096617912 0.0790404658218676 -0.0179861895092444 0.101792615324178 80434.4351829341 75351.036905956 70280.9065597222 27677.7979450227 0.237560616821626
0.409236435941455 0.907268737867245 1.00807057019314 0.405811587391652 0.0431678677795228 0.202736554915905 0.446601608416998 128117.317898992 141768.459894298 70315.1022598852 37290.8388671989 0.285849844556759
0.517737197917296 0.856057734335146 0.823069916395116 0.506150627903835 0.0851221218195909 0.130572369993519 0.440780336259354 140407.883665995 91651.150212993 74114.4616603785 93974.2796313557 0.58268146568688
0.606779034787986 0.701616652869804 0.306093584080245 0.508084141324691 0.0619169069267479 0.144765620905639 0.259707702222989 119137.989241722 104848.578420993 74634.6727200264 65504.7748985738 0.184555505109735
0.390918475577454 0.911725473453705 0.534083062568679 0.660808590249193 0.113842792804798 0.223686256292063 0.323371071812511 123360.375557836 120212.066050443 75305.4065190453 55528.4186041871 0.38417528302054
0.470097446079961 0.902735397610145 0.97813830866255 0.410963867864621 0.0923613462761036 0.159056764867681 0.141990314396602 97084.8433915341 138356.211811789 71652.6438256784 91831.2077283464 0.577260650602052
0.255978326767695 1.01973427544263 1.12350546621153 0.396038113164776 -0.0217964421173049 0.0570342132366456 0.197080985481771 110854.677326318 98911.3991248911 73521.8444876216 45434.6838798959 0.082817273317763
0.440981750010255 0.910752371300114 0.552513503474334 0.537510115250702 0.0429521977637747 0.0691377147071211 0.287539536951382 130550.422738385 127793.436721684 74261.9536677612 59550.1808898562 0.284440526546101
0.495471637514953 0.811296831422958 0.746046566256352 0.487073862730433 0.167169653513248 -0.0225048009868809 0.714072565242737 109357.607513128 99469.0782690264 72100.8508478381 87131.1564295527 0.937256217203196
0.801016226257957 0.559882475459774 0.680005606651574 0.56793188224257 0.0715241251528737 0.179632376425182 0.345144718396816 99910.8980259142 86225.8312167914 76041.9971079212 111285.630323726 0.979821875004035
0.44307884728837 0.852710562605346 0.772105363327861 0.510216662083349 0.101822881480309 0.151976965693827 0.351053574139626 127780.342798442 105200.250937271 73952.4912310524 65831.3917366707 0.0608325639480953
0.5885843722638 0.826519787359402 0.511209557724285 0.542248661882959 0.0275993648040312 0.188229728142225 0.326442230388902 125480.245106787 130656.64935349 74953.8065962548 50063.723733178 0.448547482311642
0.281828435741161 1.02108060170016 1.12139096392977 0.171503330444941 -0.00630605046339165 0.0567235668116441 0.189530299987519 101793.637442305 89142.1812664819 75147.376839887 44937.5783271238 0.0749106772542645
0.494491697786697 0.199523618883613 0.342004029613688 0.713632179116178 0.051726353914386 0.328130972537908 0.45071222650567 82181.8207852115 78184.6041179627 68600.5132083729 162742.931418486 0.448695145367546
0.413002611893739 0.834709441043555 0.0160946669965143 0.639361500811336 0.153265971175277 0.419745159423351 0.601621399079394 111784.589258897 97276.1057678683 72778.4724514767 79034.7474766144 0.532622361497613
0.26241298571269 0.843005279463856 0.452559839391176 0.557429374620118 0.13744530072152 0.118231808824158 0.370779715824265 125319.598938189 96139.148368607 74410.6644758585 52634.6381707397 0.2552340386796
0.439762783557691 0.842116564354073 0.740375910744671 0.585684643259211 0.100849997835258 0.0825592934421105 0.293064746274571 131258.744652636 107246.64113937 71962.3458512408 77839.3988378696 0.365339693039524
0.886899653273271 0.692229518989511 0.722162795692868 0.653147684565363 0.176262489254934 0.288931366593504 0.57810223083325 156510.370977095 136189.722404778 75387.2482787228 115654.315201891 1.0454734375465
-0.0572444750763164 0.763036390870204 1.24509233337946 0.521864664974908 0.165366591118492 0.122044322808527 0.360046671489252 154635.548810482 134145.373861556 75188.3349889564 68662.5972539095 0.213570489329353
0.465176584595136 0.819507727716599 0.7860742911172 0.535958039899036 0.00865721862528732 0.0375012440147848 0.326748259441803 120040.499431484 113842.346783431 72354.0327910099 74258.5147309857 0.231087995700885
0.402684138336106 0.811790235159562 0.96079069283091 0.600685109018655 0.232446028954894 0.179721562076753 0.218577142770312 73207.4163451519 154382.723835785 72701.313368134 55332.682246766 0.510545673083716
0.513634455361022 0.914348270147582 0.676319231536389 0.620628670746346 0.0112518604981364 0.0224604975904662 0.20556772062085 142444.434412822 102946.289944829 72604.8939325401 68672.7363390629 0.342367626437293
0.942007244822148 0.870973862707195 0.566245920439311 -0.286967217084988 0.415924855571204 0.0816389673143927 0.266382969084819 113250.548861258 102041.072210755 73857.1869670645 57048.5034858758 0.165533722393131
0.547772582284045 0.756556276549459 0.605764076567324 0.560942480247497 0.157850238468371 0.114901384939802 0.34307507531646 134300.086823235 110092.054457554 75561.0139985246 69244.9815026586 0.322956875946083
0.432224583031516 1.02429202818736 0.419339178133887 0.888908441544818 0.110629593318989 0.124495303368887 0.24546794752767 139945.162307257 125287.158209863 73392.084881058 46441.7185549698 0.144833073966038
0.350104341839699 0.951486880429341 0.622783140064609 0.595769547336368 0.095146213648803 0.122585826623142 0.504130742147472 121742.725092405 119877.620643288 76112.3445583604 68046.9568210675 0.435771491293331
0.45662499379325 0.873570375913456 0.492764792351143 0.512400503457762 0.177198613815125 0.117234737318543 0.379602847328493 123833.853582589 99794.5688423428 73299.1091537861 54210.7919521738 0.338028027178136
0.481920552096884 0.94177677957431 0.293988444414904 0.681021700315548 0.11896922391339 0.125545170084957 0.250274414674414 183495.066422589 170632.460384058 70629.4561120069 93774.7334965982 0.884385855483894
0.929081125605879 1.01166818314457 0.338579719165714 0.967076811774925 0.54566193043515 0.142111834227145 0.486322920349743 129435.869264995 117264.954530749 72455.0657734998 44965.0022217659 0.106907581209068
0.268509658363349 0.990848455010718 1.08418141225193 0.381729655171177 -0.0286811004454997 0.0221721991341932 0.190503877706133 157999.749861398 144341.220727095 71742.5266479781 39030.6770078899 0.0843529491596226
0.416123242207097 0.881809220058856 0.803071290161274 0.376475352210521 -0.00217213948614732 0.0141201871185904 0.359273806228535 102554.374191367 106869.011097613 75358.0733053505 58942.5172670106 0.484673164529892
0.490567513427778 0.89369560052282 0.386896909991921 0.341820049047414 0.0134476549590805 0.148181809007265 0.477616318098696 141574.632509323 108592.389365573 70194.1091821364 43362.887176511 0.444617977322879
0.565281139539819 0.647195445397384 0.327134917965602 0.468610117103056 0.0806122067956138 0.138945080131558 0.255894469594558 95898.2498372676 86393.1562285995 72756.019408203 85279.1743804053 0.958511458299687
0.47684380378634 0.965064971816855 0.907119789486336 0.573403932157281 0.0747445389199495 0.156771401603704 0.454468454480018 136671.834729005 118422.230789644 74759.564830509 58569.5369082977 0.580775041168316
0.397659602475354 0.818209548792233 0.698206239255313 0.600339922999564 0.110653620163692 0.202077248338858 0.327401736712582 117156.474365216 94073.1517624838 76757.8440969887 60102.1115582823 0.321814770297611
0.438228349396508 0.808316320049725 0.52285523817396 0.563445984608958 0.1685956198551 -0.00513767411331824 0.327122340778353 106586.474553864 128676.004894853 74932.6563417113 55078.3505565996 0.179623722452539
0.472043886480033 0.958245970558029 0.570426218544172 0.560393153254923 0.0262318429777049 0.263553535194858 0.37662157607036 106655.678828319 104489.461613492 74184.0516740716 61865.5186459764 0.539627815583713
0.474519774475319 0.903427454278908 0.838096646745701 0.446056301358467 0.236568091728451 0.0598504879068201 0.340546544648196 142713.714127304 82941.7059966707 75207.1129744991 92722.63325615 0.555918533441248
0.511880836125847 0.757813994075843 1.12382223156947 0.483078418625682 0.0627493414745111 0.0151857696973992 0.367285210263405 115136.488161222 107182.943055784 78074.2550497555 65785.2733263478 0.638364925928296
0.484291690786442 0.896957673505087 0.662196835681194 0.548549118389644 0.0605728612007304 0.0892060892590482 0.376236998651999 132235.802543215 81573.5863431397 73180.4201069634 62345.2086134885 0.533291569070705
0.49115780551767 0.787682459387532 0.722189329568741 0.464980916775501 0.191677550090764 0.118202154628447 0.461018980423157 125926.963822874 124225.310709984 74767.0386615616 33304.9952636939 0.299341354951863
0.418216538733078 0.848153856067482 0.601630661128904 0.44920406892429 0.00724432888823759 0.0792829820826032 0.242113714068175 118892.764346819 121976.150321951 77959.1298155231 57443.5698013492 0.686113231415961
0.437619907906605 0.734164265768266 0.30207988162536 0.513623349121051 0.0530145496487354 0.144372091027314 0.331332013966895 183060.174232465 158155.426771582 76127.0404654121 60763.2297094603 0.22128072690477
0.475292168843365 0.865609239987343 0.523657047046076 0.573581698282636 0.0351345864780253 0.213330465560555 0.493458915380818 117933.66695968 120669.645933558 72795.3041483985 75835.8634307675 0.488693931846506
0.425314334932419 0.84569775471316 0.686322529780124 0.61121071476429 0.0348836440895639 0.185924498284115 0.47880017274124 126340.572278942 103632.245769221 76908.320748421 50216.4804872304 0.280368152446293
0.485875110582704 0.792018473103357 -0.0855644118877466 0.414822693960139 0.15660478009891 0.183975612612629 0.158464722840562 152476.243873098 95991.251817581 74407.5614849259 42724.307003456 0.556280766041833
1.11853536207157 -0.139205256467414 0.656081571754522 0.891096569887865 -0.363285146162346 0.235757682010611 0.295070996044109 89875.4610117733 87384.8886377615 67916.0596320578 58464.2028744074 0.667045566548322
0.279850173107116 0.987515142991611 0.0887681417141915 0.627971851326653 0.0169641576134866 -0.0758935963182342 0.139374469709182 88319.7664187942 81071.309205399 71725.2059711596 30452.2928323598 0.820207871540182
0.500375487685466 0.729317082349612 0.624629244189698 0.4974557580595 0.011459219089962 0.199857715787043 0.507202295040122 131747.631110093 119332.81461458 72449.840939116 47492.2412673545 0.619887597060241
0.432510201168069 0.796088980015962 0.819983700464095 0.653338326971775 0.194405322830059 0.0571148959411016 0.411587601814217 122734.272034644 106603.562130271 75617.8428898849 68614.4869066773 0.538469361504177
0.538565867723405 0.837429250185698 0.512576508166783 0.507543829589576 0.0530784898547073 0.0989574895138711 0.367913955289614 88829.7320680699 96334.585991633 77972.9534760856 72429.6270056236 0.344500552502926
0.717293363280683 0.443038608450249 0.692590476146812 0.571957587280085 0.0841333625326912 0.172810942311022 0.443515404834265 183885.72330206 162469.187889177 74202.6816538819 117501.921304623 1.04140442038345
0.600341351661082 0.722309641200025 0.846144004216536 0.46156027040861 0.100291237528566 0.214656812227057 0.104038361563746 113459.649150451 89204.7965173241 71133.1304547328 38809.906109583 0.549650633691094
0.555282777159863 0.936786347414834 1.07776818968244 0.403370357530422 0.0739148455284101 0.0583759902315499 0.217577968393388 111104.597847644 101524.140239336 71872.0457689319 82208.1622089666 0.955628089595787
0.472563990606549 0.808105893285761 0.742035156339176 0.567074963222434 0.170041997841556 0.155290812435476 0.32386304754733 124213.302181029 96234.3302779896 75154.646568867 63120.6361236727 0.488983162791247
0.444567007286477 0.859568030667019 0.781525498375113 0.419693844409612 0.0224159727264363 0.168318085853569 0.350881396725439 129126.901324543 109472.549241948 75822.121439121 79238.751805236 0.41988652111002
0.489310526157512 1.00306673656598 0.215359787870317 0.569343041596324 0.0131470803665859 0.0598249502658096 0.196089123406904 145028.121846997 131513.450606622 72509.4790729203 40428.8164526812 0.110080271992977
0.514111355203219 0.7907065271502 0.888807105287589 0.579136825136812 0.166972196468503 0.126756640281326 0.431471606266624 120949.006741653 110651.456237836 74911.7326389503 85073.6139290411 0.610631807598032
0.456385833453091 0.863699984476466 0.663264768849495 0.575263257723202 0.127263147083236 0.184108691582364 0.357154367584236 107458.713335364 103833.773731983 78133.3594849538 70263.3495420243 0.517818285346409
0.468468309878404 1.01160749141704 1.10260016979053 0.368012778142492 -0.0184920704024427 0.0476666736430995 0.195824048408804 132583.34429752 119742.486718554 72763.8995816374 42423.473009398 0.0923930709067221
0.704894811868548 0.752969068325933 0.468170588010201 0.532809318500508 0.0903114465920649 0.200263422843205 0.321306209104529 144361.402401304 101866.857229472 76091.6178820201 88407.3227010604 0.363532255687188
0.720191732984673 0.595445579832595 0.72001351904 0.794641378842787 0.403722909432947 0.791400477563291 0.681416326329972 202398.783914886 179188.155670669 75285.8522109768 184225.93952643 0.85490755449407
0.566486999281377 0.412739898482438 0.390612518525221 0.249555216322389 0.052458449265542 -0.00862750635050261 0.220121987839768 102993.833363773 95119.4066849338 70858.400913938 66646.0267578981 0.877552248623795
0.51239418165869 0.895031154138148 0.778023215501415 0.595074956503669 0.038521054978309 0.134214639078878 0.301898717308398 123918.167010887 96538.9694898571 76161.6014825102 79422.831820017 0.459831253191866
0.440598108116316 0.784348860803608 0.797038318300078 0.601651421626701 0.0612610275703379 0.0830698777896436 0.299513744921731 102872.398649398 98560.3337686758 73917.5469904408 70402.8869642239 0.346243464926094
0.36185465487448 0.850397169632159 1.03770350898225 0.501634975823289 0.0631186503141172 0.117125110017541 0.481571828986134 123835.361335043 110997.81705733 76644.3327354848 70130.9260267123 0.495491861400703
0.533607384767063 1.07172465041189 1.15872871741939 0.651052613920814 0.105194741908003 0.0695249734572021 0.47757537307993 79383.3953830623 94056.0481365371 78151.2032263846 47143.2789820539 0.550027496999443
0.573698510138596 0.741528532104394 0.790565465132771 0.402049614392482 0.0730732037615767 0.112115860632184 0.245023974515152 129444.295537167 115808.2519596 74889.5656758825 92460.0732063524 0.109876076120306
0.410634180777945 0.64058768669457 0.861914691838317 0.588591724296997 0.202079513343046 0.10716650032832 0.287688339244527 113138.131048706 118299.923239451 74999.1134621958 102691.713216111 0.424374517419958
0.420033211363848 1.03782849169094 0.693517968465801 0.732725480363338 0.0784228700161628 0.217711753806878 0.535586130476605 109296.377930707 115406.667453015 73132.6224552132 69201.1195952328 0.503077783328732
0.509806212104285 0.937252708818312 0.682378607810272 0.546832343194953 0.0712686021835644 0.13296682189228 0.132334352891748 123601.267669324 113657.425024646 71423.9545612277 83995.0593669395 0.385058433443193
0.459403380191102 0.886265222585596 0.878681194695346 0.507541153446144 0.164818823824923 0.136065020955528 0.222275583528418 122554.430252901 109408.166218253 72554.0621457515 56292.6950689685 0.467786045799418
0.573762102980599 0.581279775265079 0.40732434381592 0.645922700924846 0.10548270104438 0.247822492268457 0.393184560118032 145800.719212755 115249.961926033 77270.2089287033 65796.5745469314 0.498666503562776
0.446849149712455 0.925909197827255 0.594367300890967 0.546860264505468 0.0805575697175717 0.0970414588993063 0.229955610828583 127819.947830809 96791.7440463819 71984.2092430738 71816.9718238746 0.284372380584798
0.370900546300148 0.832032215687967 0.739726240915331 0.586300733642078 0.0860386648820084 0.0964617227431412 0.27026877256624 93721.7774278145 93939.5287367415 73554.291130685 86382.4319302438 0.212642501843256
0.463419265383001 0.647728619391827 0.325412380297013 0.461818990797964 0.077395571369356 0.0226207815579322 0.244686221371685 147147.549988874 134772.801372813 71597.2168122516 82922.9397492492 0.965648951198443
0.296117271351372 0.862975058016541 0.292051377382236 0.338132024716094 0.099954358586808 0.00627082241632412 0.0934861073542532 93054.9722126445 87969.3444105832 69475.5684586382 28009.2893735044 0.0531265984429991
0.763736127293386 0.852493094647882 0.759941984394504 0.658927593699222 0.244460351289584 0.347394478394358 0.982825427956414 158246.677555558 134122.982132969 77296.6392791389 127998.79673696 0.498582372701347
0.486275985709054 0.806724510714925 0.567498282584831 0.408344762941006 0.125699389101903 0.116780388770359 0.311027927336483 96979.7080231126 96609.721141356 77561.9673994547 77559.7595249709 0.554956176191112
0.336019988996095 0.724934288638011 0.656443179041559 0.725663881743491 0.0826092600428955 0.105585030115376 0.401883891629788 126381.500340776 95885.1732803991 75573.8435866261 55300.5961619114 0.453950873802402
0.434847440293541 0.754953479565608 0.868683821267892 0.736754847117302 -0.00581770897680746 0.277602984576802 0.459667728648357 126253.047624683 115924.940363205 77051.4734931386 87994.1500185627 0.843095138427793
0.488252979244789 0.714899687521957 0.902099322686701 0.542506484584314 0.063520183139534 0.100506342088357 0.248772226309796 128240.235292463 115861.049764412 77878.9997140116 63574.2125446189 0.249106333230161
0.535849169621589 0.795342974991996 0.720961358926373 0.460015954461411 0.115868938718207 0.165556638095465 0.425874479911507 117361.21827007 114192.957843943 78192.9404622133 79796.4609458375 0.190327372819948
0.505081147276323 0.785166189805495 0.669626469320422 0.54756691688831 0.101926597853045 0.193770277363824 0.44957602386355 121208.231612755 108852.119210665 76335.9360942075 59202.3774083568 0.227359615696735
0.599363574443012 0.900857758473496 0.66319052776129 0.56533327513787 0.0545900024360221 0.232844503921701 0.299812473633424 134528.115861486 128062.966156723 74383.1530748259 60197.3597065835 0.544331043938189
0.0216709998641734 0.711139822385395 0.489319414583709 0.745898545371258 0.155263987441889 0.102380538918476 0.529272889739321 177843.132334762 137477.751312865 78991.1174268854 5668.70188913772 0.104438604217545
0.393999412474318 1.09800528272796 0.214139293877567 0.414338893979253 -0.0295681799771681 0.0835518554020052 0.229710301578893 110724.602506704 98149.2677990763 74078.7638137472 51242.8956505996 0.130926365105205
0.703458552050079 0.853862736673759 0.989813108949934 0.610111851323491 0.186190445079669 0.152963362164584 0.475728080588217 154781.849747871 120721.555855946 75197.4699152989 67675.6617086314 0.43387303864356
0.569221053899205 0.905829250789849 0.579635073905439 0.647498823582144 0.0363092379466456 0.104171801731924 0.198059066022994 144773.657083419 101540.861270129 75500.6364523742 89940.6726129667 0.314231062816653
0.608317204640231 0.830132611203573 0.500234681275337 0.804623902243907 0.02803728278295 -0.0438429321961139 0.0822167644262881 134195.014700536 85798.9177228225 75254.7074934953 67770.2625059704 0.348740540183561
0.585437964790428 0.838487563510187 0.60442782254274 0.589549827893993 0.0904280884319765 0.22292303668565 0.526381348889151 94313.3236843486 99562.3420803134 77974.7552360772 70835.6708869048 0.359873955146055
0.418186681934815 0.747428325410295 0.554275517171267 0.65865164774101 0.170584755747904 0.164289679750733 0.614087780474916 119170.600888876 125309.263471299 78191.4629213249 91071.5470968349 0.386650088947113
0.38520978924806 0.799619313778835 0.412053926161419 0.656624524994455 0.0449694459888469 0.186627818331302 0.339061562356395 107305.981474352 103460.087284531 72876.095354137 78365.146931595 0.534900538919685
0.490826230051289 0.974992345513283 0.676531805451235 0.651995557001299 -0.0528262765661829 0.0792353857743267 0.158655128204893 111110.702071655 89600.6348461357 74134.2868275358 45433.8553897022 0.364943685965245
0.476445584275336 0.920291914883129 0.209254830743936 0.595337551126252 0.053156432406839 -0.0127604032503957 0.197970858995733 122665.795730847 112455.882860253 71550.1958151764 66371.5292296942 0.942555388070379
0.514939620085503 0.804360519698483 1.05229255914363 0.590641828268181 0.0388522788991133 0.283041850136787 0.363987013804597 110049.959217235 121976.135346561 71395.0817687248 50009.613198624 0.305907138666811
0.381381606487714 0.881730162482215 0.546585636532482 0.582839097956165 0.125181954976567 0.178322236848631 0.211039065465353 129930.541329638 97970.1170144829 76229.4025836583 98520.1905713289 0.232220335504719
0.387332316787461 0.998437341284859 0.807858871428655 0.38454022627048 0.0569276090471099 0.0464745653438291 0.463890496313889 99021.6073272635 117131.813285424 69154.9485877637 67348.5142033868 0.598951680269081
0.589271627722456 0.715964805433674 1.04222192577027 0.587936373183173 0.191122262129607 -0.0539869078192386 0.362662719782308 123506.264452359 109607.273966203 75649.2778665119 73279.5858793635 0.553337327519237
0.36354069336085 0.981317855796254 0.570825784468669 0.578817887472011 0.0181178096095601 -0.0597783389918079 0.276468453655974 103119.270718559 113361.176455033 73946.6469942724 43571.7697729736 0.397540664765069
0.527852096213898 0.757585938123157 0.714499604284921 0.510072527094674 0.00883841386996073 0.122984207522614 0.385079391251211 114717.410376348 94597.7352026677 72033.1296007087 70870.3481262 0.534980658748948
0.518653750303229 0.95913690177431 0.755318209077464 0.549432700941718 0.152115261974251 -0.00200303982290964 0.164887092229209 112638.671020713 118939.327582032 74359.1831799095 70646.8091041551 0.467999354373836
0.370886055179326 0.793813544926515 0.315327608930127 0.541591657878454 0.0333199305945524 -0.0952679238737525 0.351713279014862 130122.924545421 121452.885637786 79054.161598479 100288.388367082 0.359588876044642
0.509768987577636 0.732716893933377 0.612570236964107 0.615880976763116 0.096819375238767 0.117019963516083 0.205974143942355 130473.148191759 98222.6356691494 71884.0231115105 92143.4853222566 0.341015176833356
0.597063290330285 0.846289921904436 0.594711840220799 0.481038393498331 0.203893197810708 0.244591952766517 0.49813898355058 155671.080094711 94080.8058141007 71874.4956666978 89290.1917907987 0.543772666564666
0.382284413664836 0.880112512797318 0.737756614571138 0.497818324658658 0.0288056266948015 0.0698426944514789 0.391680894161864 139673.868209882 126500.728210516 72818.6892011798 86899.2892480785 0.412859596662008
0.345866427431869 0.902969720677094 0.665896315326902 0.66535657517223 0.0857527152837675 0.0850242791913099 0.514728379584546 107892.795658908 125644.463785835 73018.8036066511 78567.0815615097 0.331188807783651
0.0340585770392748 1.02332300198025 0.816006286648279 0.126904401331698 -0.0277492255661689 -0.0735057457142163 0.149784375276213 87500.9472269463 86777.865400454 68719.4373545513 111297.398739961 0.756087345309366
0.522639766929096 0.493090028570929 0.18254932845257 0.404715061489117 0.00497808475104205 0.0144868522182865 0.170640972284193 160861.426079656 148818.358108509 70949.6136604786 38211.3124080973 0.0966436393402609
0.415172100174597 0.891509281836914 0.598815510343028 0.57078126808736 0.0833785233456125 0.155977276836069 0.443156217745245 111805.341525316 101897.012455803 73860.5225741202 46541.2030289256 0.236932894575167
0.327993636522286 0.374235924245842 0.477706586810393 -0.0833071319675576 0.207336368427378 0.291739259182624 1.03333533715031 136479.757145193 112114.540984042 77111.4149354765 73470.1372817587 0.12656469242094
0.454014506806589 0.824140979632017 0.273024241865847 0.594547553071699 0.0709974276978647 0.104010428066729 0.396704222632651 125527.733036073 112449.189612563 74537.2994975443 75283.4881674466 0.610626833421056
0.373229156035752 0.939255995286963 0.650244934070939 0.764545086714067 0.0265444119530732 0.10446221243547 0.288843730136972 115465.565201648 117931.452350649 75220.0618319866 73347.319171314 0.321283930239296
0.586492155858918 0.967211534827766 0.790496220663953 0.464894152764139 -0.00950939373173839 0.130789869208473 0.426335696090423 150426.201074856 116941.100313266 77195.5510089487 102284.595962346 0.464957518868509
0.261745152846756 0.958420735251209 1.04380640706027 0.0912504981866591 -0.0308176544472999 -0.0186383802659837 0.169730812691966 189735.570727779 176018.705593697 70734.538049849 32928.9545648779 0.076141605556624
0.440149027552522 0.687948350108314 0.609210318846132 0.529355617768474 0.0740159852606728 0.165979806014112 0.369562633074145 121231.775297575 106913.214829383 77185.8399039291 50377.1459924964 0.418604188412352
0.304200317514525 0.9088875424306 0.609737699700017 0.479026691453437 0.239876690638953 0.0806474839067915 0.507217564946675 145245.589595643 92086.133132869 78633.836819493 71416.185333086 0.333148511883768
0.510382434899358 0.821346766577306 0.570549670611204 0.483825900119628 0.153744889901506 0.0742904989265444 0.334546406090701 119085.831983105 103902.591250217 75535.1412327102 71994.6244322602 0.459943646951545
0.620725598403444 0.803346947347166 0.740402871397293 0.514782961421513 0.10660718298365 0.22751591935852 0.761723105373253 120170.327653095 104963.889821526 75179.6737186255 84281.8254331049 0.299074255702683
0.483232308837149 0.857314151557984 0.863622501436721 0.592874230432658 0.0814169106761939 0.197224205015279 0.345634165508951 116350.61659271 112630.850309392 76256.5237924592 64022.1278655902 0.446992647407728
0.504572990616611 0.869341035173462 0.644382276583003 0.564906547279791 0.100460896640536 0.0678796669259842 0.371772358879988 106907.071650615 95994.2422852716 75604.262305712 85879.2108541917 0.331168365472439
0.400764038831464 0.636276582074388 0.176821869740858 0.449203480233442 0.0339900998043888 0.0543689534606933 0.203445107232339 143235.935472366 129626.431142221 72505.5199853494 44884.0737660576 0.115369094475364
0.392729370727714 1.03131742368958 0.322167868292856 0.734450994463481 0.0864596994459443 0.116446436243858 0.211596203361109 111705.828687082 166428.679484554 72538.1318252142 71389.556346634 -0.214531223535006
0.436870098797206 0.911555682216084 1.03267962704323 -0.0793255713426854 0.0582805388394515 -0.0543547358279829 0.164194667626092 87313.0701374404 81388.1893596838 70013.104130287 54789.6555894782 0.855769063901118
0.396689767413816 0.901612457889374 0.612261196520827 0.666574514944984 0.0410714834277186 0.144804678031006 0.213102710260542 132774.285509851 126542.930855284 79153.5156553576 68482.6255658745 0.185726042105408
0.422295698674164 0.871914513902341 0.675335101322982 0.589456363450759 0.0830927497129933 0.138376689340396 0.404779494758691 103480.398379476 99239.7313336543 75837.5014960101 94917.2046334788 0.374943608280707
0.698975855496496 1.0148143384351 1.01688442041234 0.557688239088554 1.16431592581983 0.338701476152003 1.14054948609606 129650.532674731 116090.33451651 73493.8845667563 44977.3080145557 0.108347670042622
0.488136796942908 0.819561970603324 0.743466154633158 0.630030053747733 -0.00598857912189956 0.0512591136271862 0.17010414669035 140067.047533964 123262.533659384 72175.6356563479 77308.3172394676 0.179144711753113
0.566607452564022 0.820519022268971 0.507964119844131 0.703783898009945 0.302701506892349 0.112033014653793 0.42161910824161 100699.047114052 116373.139699682 75111.2557654189 112982.230973085 0.253966092271658
0.471627281611249 0.817129307970844 0.799271496698567 0.618920961041525 0.145200427662014 0.0813404359619523 0.372279594667093 103431.53788927 121922.148716041 75823.3487123974 42891.4818285351 0.321662641675394
0.533872570879781 0.813176531563657 0.617329273758801 0.721811391477189 -0.0676243096396106 0.211282028816715 0.416192083821774 122699.786115448 97501.5473030102 69007.5287663165 80108.1975484766 0.302543213531256
0.496979253944803 0.871535194126246 0.722534278548238 0.735570331581113 0.155285606027522 0.0916046238926064 0.185214105320467 120065.723439108 104971.211880902 77703.0746343849 79425.5546816897 0.366693705822292
0.215890968241323 0.929655149083208 0.677893274151301 0.472189461059902 0.106024191220206 0.0890422389902989 0.20239147889054 150442.460486198 95793.3735330078 72638.5708894317 83450.5847581207 0.187390720434292
0.541701408437742 0.861203809702944 0.847334921959501 0.5720967816421 0.215725236124011 0.0154257493721792 0.334827550091291 118454.74934495 118744.343312779 76250.9539634596 112702.52546832 0.387605240926367
0.319576121040084 0.900940967218885 0.874114238165603 0.481369158713429 0.198776541096684 0.0140348439417507 0.38507835770242 114348.70326914 114618.548195284 75112.4898229604 77539.1976077758 0.377992489117684
0.445964761066389 1.05496858541709 0.566613032646232 0.537479362020115 0.20094429558762 0.197062625834753 -0.121100738515483 176373.081821786 136208.377670105 66083.4127378152 56061.1982074281 0.484077664682283
0.495767955534469 0.850028852693478 0.589597729444806 0.533497723147965 0.0591679747069041 0.0888506792533059 0.422779658003227 137994.864257699 114425.962810399 75113.7781005739 63536.5926132655 0.356336312777627
0.258531072214778 0.983113972645845 1.11732155402789 0.348070473247239 0.0285966380036827 -0.100659045864239 0.155968559726654 88680.6375247953 81074.3829570088 72027.9845479328 30859.5388754937 0.81386599298722
0.341100276895227 1.01792079341682 0.186518550516001 0.956210500848799 0.0605020237376012 0.0518803272848515 0.183001909324257 116034.442127007 103795.860177731 73340.1737948324 46198.6541863316 0.0825554585980555
0.427850795749187 0.91275799546737 0.726061735956219 0.715996171896816 0.167485628637573 0.0951366611644384 0.310606598903355 143937.818238133 124456.581965103 72633.4791408111 69149.7178904855 0.385828939961475
0.477021755434655 1.01675107698193 0.191666335629978 0.944643086332722 0.0663592433088128 0.0545851923586525 0.176698685212826 121111.778168157 108987.462176261 73019.3538044373 44808.7913669419 0.0859904846647758
0.402737139403146 0.856539514924712 0.569560470711579 0.506344437516948 0.0727671231993524 0.0555344910031154 0.151442512609095 118063.599299257 136838.591239598 73402.6009184649 64332.1395685618 0.347779864475978
0.485660145084734 0.757260335581619 0.646537541475539 0.626111929841721 0.189916037419569 0.260636891957519 0.256690580584124 131771.190915421 92923.9896757684 71912.556357583 60505.5722861525 0.400305739172768
0.611241135845133 0.780919721346074 0.786109221005303 0.631444280489555 0.189320827909779 0.310607498755113 0.870721862570005 158384.828549482 136029.140957511 76324.4010010497 117791.981482604 0.398099609162796
0.469932354928024 0.929022954784334 0.729808607927719 0.543957123461935 0.0910661720437525 0.14180039149579 0.354601820387266 111785.125121545 107633.926868701 76336.8897498234 73514.0668345637 0.204343101616416
0.385334602659743 0.946477394690502 0.39353979557484 0.635224589991967 0.0948206156587133 0.0639117863839528 0.233303062186093 123067.471520582 112482.191081097 71827.8692944961 82466.0179954497 0.968274510351209
0.424421271098864 0.754034498947181 0.668558106573328 0.554344083422762 0.0992238491621254 0.166702448466851 0.353994219912605 127688.065639288 117253.651299264 76530.834690825 77504.5990939439 0.318773534961871
