PE APC-H7 PE-Cy7 PerCP-Cy5.5 APC BV421 FITC FSC-A FSC-H FSC-W SSC-A AquaAmine
0.282097404712597 0.373555194730183 0.0690366650846977 0.343144610742247 0.0261219662395769 0.0541446610908547 0.223832545131853 70722.4862259894 60718.2802799139 76371.1466688458 33980.5928574949 0.775934145585276
0.97550692262529 0.813697602728993 0.67098769601656 0.726973490515143 0.412841432694057 0.527636424195274 0.800082728433032 262114.619292082 228943.224224727 75429.5763610341 261937.355404233 0.888646321410422
0.517599565027015 0.822352300169448 0.497179892231128 0.448628877219927 0.10076261819956 0.210598514087166 0.462379138822358 137579.572549619 114768.988310938 80701.0126761731 96281.0402524882 0.174537675952395
0.451780113420897 0.955845113770636 0.347510469648673 0.704504969091292 0.0331993620420962 0.162971062118057 0.317770975870703 123608.274290748 101340.621880862 80096.2597187665 50776.9949395033 0.262722482546984
0.612963923471761 0.720061008446529 0.45784597734758 0.7017663910458 0.274176575334092 0.391196173697612 0.551707545137345 207524.95707185 152411.893918776 89543.8505428449 160480.478569349 0.446236318608363
0.470557708926903 0.29794212733825 0.0726593767038812 0.210723987975753 0.0337246041722504 0.0841165220488562 0.237497433517446 116083.597745287 102046.661175112 74578.6026806538 35289.1239032399 0.0607501790667404
0.518564561311487 0.230421450276926 0.339119275619388 0.475962320757749 0.119800637395611 0.17432935886803 0.430360411012406 140391.090882979 115265.164952483 80122.7175072322 133308.517469233 1.0572533028685
0.11687056172207 0.651892430929532 0.206217454963639 0.296911838038837 0.826352820074084 -0.0658009287333999 0.120123040218557 77644.4150906594 70210.7666922071 72516.195786469 25739.8102145386 -0.107947926151213
0.857602948277422 0.714321852301063 0.501891227669629 0.606594157455847 0.304128708684215 0.437872355276504 0.693974509186964 262077.923695173 203690.12521411 84563.8807427056 221347.485845225 0.64507233696607
0.854227461589497 0.851161361066892 0.524235924702418 0.757451654643437 0.305019609481122 0.439710412260397 0.679305087545551 261974.157052053 224940.002414327 76819.6837296073 217794.329207841 0.713768439229678
0.774333419694343 0.557479939963477 0.292929430025264 0.395432409394207 0.110250997558947 0.276862281164179 0.457019457492959 122948.682173494 83944.9842811762 96153.0392208103 97864.3098880489 0.307945696959111
0.349334671926912 0.832949825955865 0.329415160830307 0.525998277981928 0.00224581928754117 0.0122753637544211 0.181031192702801 57392.7517613309 49493.0422597752 75730.8124001213 43387.8128912382 0.831885300730704
0.412316181490235 0.871472806714846 1.01407460329433 0.454767875462878 0.0568978047739676 0.182395668008164 0.339653032487242 98515.128049716 78377.0901492808 83296.4966181943 84773.1633670847 0.710577390493613
0.56536219916142 0.693134133590485 0.614352176442842 0.480930487542984 0.0519411185324266 0.0549507170085993 0.38334128210748 130521.472333006 126023.954128537 82288.2314049968 77672.2025299416 0.0788666732227456
0.608552536749726 0.042480430580535 0.209732932708039 0.660752845186968 0.262988004198407 0.550438599364808 0.564943132899105 101769.509390731 81493.6585893687 80304.5444356938 53645.9051118881 0.832470469453824
0.461537559955502 1.04772580937233 0.761267704599674 0.893860175453035 0.0706005828398115 0.261924463972362 0.427902587697808 248389.170705296 128421.301803877 127777.413661213 89103.2556278836 0.296135179486098
0.373601217638478 0.991500411655506 0.377372456768449 0.871873259319602 0.218781957183725 0.752610409539052 0.29079958903969 127466.326584337 113113.801180402 76336.5226434747 45289.2545998033 0.119742266354989
0.71561082776402 0.899294283518357 0.550824714956566 0.792080669908785 0.213300984569226 0.355446817020501 0.556055553539165 230117.332393125 123949.549495846 122481.30631795 159201.884551878 0.852485590726368
0.342994383186147 0.216224573903747 0.146403245629645 0.353591571123406 0.0165861883123705 -0.0150925757614199 0.211107197736255 125661.074697718 105052.897452287 78675.7652741763 46881.7523368686 0.108615321793978
0.329269242018958 0.896884973456291 1.02221616578685 0.225769525044384 -0.176957106030958 0.131715369278236 0.266171792732254 127600.256229004 109159.751606535 75241.7020623304 232233.572306553 0.0657422563309313
0.325482361777969 0.916366542050387 0.987978645626737 0.383193785093084 -0.0183681379607494 0.0711670751899141 0.2716067348293 145795.202099919 127841.433319471 74702.1718027186 33024.9017501876 0.108101198438328
0.34500690102317 0.505661501858683 0.47047453470047 0.202593967632917 -0.0453191833197959 0.398139722511417 0.477089495528842 114321.015649455 98564.3831504513 77496.422452171 53958.9641875144 0.224664571836428
0.731926289060189 0.473203911770911 0.25655733727069 0.399390738866035 0.127854907296615 0.305095211042389 0.55920440741355 91381.1744511477 70479.4434704417 84937.7169087239 96680.8454494401 0.569795642057607
0.861088696495238 0.660348933856503 0.446138476783703 0.584837283128686 0.290170841111264 0.440544018685466 0.747400337852802 210040.762238086 139264.604578721 98832.4141266662 206608.223694427 0.77030266662291
1.5123625065053 -0.50013406299899 -0.472161845648707 1.29182460235507 -0.654193110206678 0.327495210288974 0.91370258869745 217767.116578982 155323.279328228 92340.8786370987 206371.229313569 0.570352030421443
0.571876055470286 0.804850474183317 0.631399163944579 0.370573813566279 0.144079141575318 0.25259283178755 0.418127327244935 115455.625153744 118563.828854266 83430.6997295033 131126.178372221 0.344892835418049
1.10138653782611 0.401559254638753 0.396011210831685 0.319473409496244 0.222969878264172 0.217928976285009 0.474913236867521 199764.511723387 134369.234049068 98247.4328760346 245935.245755749 0.264523507461647
0.303531362885925 0.943068289080135 -0.251275791922651 0.955788012376994 0.121053190237178 0.0842215615710956 0.302410311789732 198923.150531802 132144.58890579 98037.0249037659 204904.408871086 0.205139192041338
0.714296976647871 0.976968834597939 1.04956157801894 0.568712085888361 0.171507324979102 0.354737556619931 0.547046664884546 207768.12196926 119811.36448034 114510.304469247 149857.848006436 0.814287321010541
0.202547430612879 0.568053777419833 0.481518625156989 0.504574522349551 -0.0317725812037833 0.192036064459262 0.547646072142904 159962.35955667 112996.578559852 86566.6539934086 99850.6077544731 0.313535917187676
0.266990012585514 0.93668059770958 1.01076176930383 0.256585617240231 -0.0275012420732054 0.0411928635072912 0.198927674316613 116261.368702036 100536.342203746 75801.0636287996 36521.3923843414 0.0740685600296542
0.483756675984385 0.729303945004959 0.222400595038779 0.606592586640458 0.19928715137833 0.29859962218773 0.508879817012494 137948.614956334 113927.492513746 82293.1016683812 45002.4135873756 0.33703791948426
0.963710717019109 0.943968791520564 1.08515604632457 0.217313302334413 -0.18848105571506 0.282237124850327 0.29205213854063 99751.1747983328 87066.019951878 78542.6128005786 118316.157440395 0.828879753331823
0.29846029853986 0.950258845830395 0.287543120447082 0.936591538039713 -0.00235405311063182 0.108470892023724 0.268450916711179 128701.77359306 111998.503553322 75317.6210259869 43637.9932957084 0.0789135353210791
0.749935509088683 0.830682246378774 0.560814902128744 0.647771838969391 0.218080761832899 0.3449209902578 0.526195849888046 125877.726438166 71315.9964306254 116026.993094329 142293.069659254 1.04644854685503
0.413828575418951 0.708319497386734 0.577479031344446 0.610094009950222 0.0452599033247936 0.178435243972716 0.405679576247377 122203.252468582 121280.528742551 80296.7808612251 57477.0840910302 0.338656955400683
0.284536220205532 0.936269076530106 0.237208168738887 0.896333779974985 0.00308722179618941 -0.0765167800005979 0.267694457865222 125709.59887037 102968.509674545 80631.6295534212 39873.692158649 0.0846303304993863
0.152508526324145 0.059281425784594 0.254590020143599 0.459081651055605 0.161470198545083 0.920719219640826 0.43579373509379 116796.259442492 96057.5709435822 76980.0611079448 94148.6231422492 0.852996793582457
0.530015304374066 0.609192166810518 0.174454816693862 0.389262351398669 0.928772654081634 0.169098755247184 0.360194146551849 131882.393426221 110712.621842492 78195.6511703829 62931.7053262971 0.146351823235062
0.632121109963808 0.825068491902562 0.389950500432187 0.599614026661105 0.0947866836766312 0.165371203110166 0.391306845008927 133920.819968105 115870.664933081 85024.2409282719 83070.5269803184 0.254338740914407
0.627789911457548 0.368495058518867 0.242075374085326 0.364080705250511 0.0988137655645135 0.16029824702482 0.393765233338853 109211.122289229 92880.65425634 76889.4858159253 77196.5147244109 0.55763492843661
0.43465348296115 0.925267968730959 0.588946437573717 0.441076942874905 0.125153071417969 0.196094903631797 0.28087092197687 184924.031733881 72691.3604781801 87747.8266100115 108125.620238264 0.217850018603376
0.7671975830871 0.569860271586998 0.3209083825691 0.514099506873373 0.25186630869644 0.407665554766577 0.799029950709374 200609.13368427 152554.744054226 86145.5721552549 182073.023490834 0.471292360270313
0.317398949383969 0.839668411758645 0.932012331769028 0.597012428051895 0.0819468267456633 0.248933558786921 0.386238246771627 117924.52901087 96117.771440913 84627.4452756304 140586.339635864 0.186289005365173
0.299710372870079 0.819827527151317 0.98283997926389 0.399444083500667 0.00824249589098541 0.0365669766839333 0.216308717413854 86334.260685776 75956.4904426405 74355.2256823399 64117.0440389101 0.934399951254665
0.57040342670109 0.834779807017663 0.218061595719586 0.678065097727787 0.164531547730055 0.22058498202644 0.359653791934392 122220.631733609 98976.1857244201 80715.8404692046 75204.4511611379 0.433408680866813
0.304144307259363 0.767487920830661 0.329630302806357 0.473097098657815 0.151187799916993 0.186226853682193 0.45864221311245 129821.246262126 126475.404789939 72098.5047463087 120430.839871796 0.241488553585572
0.745631154642664 0.903385740277738 -0.0688196948246965 0.623636124869734 0.837859985360632 0.264168703598078 0.432937942855992 94199.4653777315 61386.3257584543 108984.971571289 129680.642001985 0.936366503906705
0.822738628544313 0.285873675251688 0.523584444585529 0.483498900416651 0.0971883440348906 0.208640227243604 0.518807992583395 93149.561681723 77493.3449421008 78922.9748390923 112331.957065843 0.981460976966846
0.659595871223316 0.372998971428056 0.373436782280867 0.603461212234131 0.331761243146391 0.379818855517273 0.56121409977993 134815.317023628 95105.1791034801 92028.4231411555 203934.364441097 0.815479764070136
0.312446320033452 0.947157980919791 0.3345699223731 0.410764256464693 -0.0929426588870882 -0.269835495391524 0.286784992360473 141994.898959775 124225.164426401 75256.3712612939 39200.4868750053 0.07861229263032
0.724173393910408 0.504169137762857 0.287601507653845 0.427579398435761 0.15876308659069 0.293900732496557 0.478599945163955 157146.345779323 127864.647586375 80498.8593804436 104767.333036063 0.300074282861245
0.523298523346707 0.713994807959906 0.489685585709144 0.758642048243965 0.0957977337215769 0.23790472387785 0.349980911298347 114749.77894454 119409.282935635 76724.168344225 77321.345731782 0.424815893025843
0.544551247128748 0.765466346145289 0.467410205888171 0.600255299003625 0.1034202827421 0.275697601643034 0.286140394082711 135351.944815998 129410.93221297 84569.4274240013 83371.3471625737 0.449452422211044
0.85922171664628 0.918384328237441 0.664472243287673 0.734144112782799 0.242540426069644 0.460946891358751 0.956477660510212 259401.220887114 172099.88833997 101825.689642444 224968.753825461 0.573793349365369
0.504123861240007 0.804267419565686 0.879128286914237 0.427011903591282 0.0473031895369487 0.275701415749383 0.200264032663201 178871.715841146 105070.396552427 76693.266205091 94822.3024779899 0.308329540621874
0.562549299874869 0.857535429093325 0.453944157455178 0.478785747015313 0.0186404875582299 0.151550051864014 0.337647683819101 171530.715708567 97253.4528269932 81678.9119045084 95599.497989715 0.175047748588999
0.529114754515514 0.725892314722445 0.791611157705235 0.410551972189384 0.0842264065942334 0.231664255699376 0.408002548981184 128388.170685981 127974.384772016 78613.5795865109 95285.3951078594 0.184161303727118
0.35667729768282 0.366530789574333 0.0928249598072134 0.416718090647246 0.0793858073863657 0.158406826069377 0.326584524611538 136434.385201562 117400.423042562 76158.8872532954 53513.1730876184 0.137202686771091
0.611394676023767 0.958809209652391 0.983748425695556 0.495437099273212 0.962452035441741 0.0880903521809945 0.751041498599188 87088.0689393596 72936.9104986009 76704.1506245132 43364.1509553247 0.691739321744887
0.493052568950829 0.74810625650464 0.502453812198475 1.19033230395079 0.495745613744134 0.671760505625989 0.661018946971797 101006.800865259 90113.0370374691 81096.3412620556 138058.803011011 0.804910999597726
0.361351136245688 0.958013997831999 1.0443663602875 0.40241810852365 0.0100414398780432 0.180331687487355 0.278307330889148 114560.720604253 85452.3952085333 88001.9347598507 46245.08221153 0.140008625580213
0.320189163586714 0.942275659460754 0.480062726439324 0.921849243988347 -0.0214948358900068 0.142985598472121 0.12339751262831 122929.01845947 105037.659403272 76654.1872960759 63320.4685412022 0.123652155599924
0.493282430991622 0.745291313535269 0.847902585450847 0.614585428248331 -0.0139374669846096 0.209534645551021 0.321608765329995 164249.671670139 126374.352840245 83115.2970122171 34886.4390294448 0.399677377578672
0.456983521344986 0.976936734706451 0.996603464354896 0.456373575562649 -0.17247463964984 0.792254837809401 0.627603537714377 123308.176227452 104752.85427624 77878.9598506775 55297.7271363309 0.150753988069231
1.0111196522449 0.502610595350736 0.481964801001904 0.617775017050056 0.293869325091431 0.415839365679421 0.653214810532862 149891.491921719 76025.7133996169 130848.890862571 190959.695123086 1.10720183960412
0.51261488289678 0.713097938480447 0.568885678308706 0.571624889360489 0.215932802862478 0.163330919680628 0.522929791028892 126239.891386022 134286.156750537 73738.2407043553 117922.257861217 0.4860167982514
-0.332579826500908 0.868473120736856 0.688282688751553 0.802124068973212 0.219481347113653 1.17120926233237 0.623989438082134 126275.774989639 75086.9183724683 104170.12079757 243270.812062365 1.46475051089543
0.322127954415451 1.0369808359517 0.407990745911649 0.45171215156888 -0.0184244635901929 0.140249480488684 0.292737972312569 134384.582020161 115503.894090018 76311.2737725068 51929.0201296972 0.108973447262036
0.724276057443348 0.979004075640884 0.499656236943615 0.97289381765161 0.259786715366241 0.42612924204695 0.619607751413839 261371.098496775 161769.18422501 107495.608573099 198217.787019411 0.51079302688602
0.803680056355231 0.920039239278947 0.484724263899661 0.579115874138753 0.0526304816005947 0.248373574920519 0.395258013614995 114696.099647997 116257.260076137 87431.8469889808 102208.498189417 0.0778103409917241
0.412639151586643 0.736951738609848 0.509027668894294 0.572519372532221 0.103152627940022 0.224513457818359 0.465470669787912 139172.918811574 106132.987119727 78266.3206535218 94105.2976850656 0.406418961300774
0.539029451120174 0.692121544425481 0.421484812774569 0.439380856128737 0.0453637244366532 0.195327041282076 0.344620236259505 141666.459691528 120303.93375882 78492.212885695 89677.465699542 0.300092747439742
0.583853644406541 0.853701469823666 0.387792582890628 0.487914668562965 0.0766588841491019 0.171303432419044 0.333676960899059 185614.543110576 97602.0656019986 78746.3037861728 99803.2170621058 0.186086540562389
0.741089048313603 0.581219984863154 0.307921477668632 0.4936442175811 0.22564718847426 0.402658556569963 0.587579833881872 145656.478405419 108282.310777178 88118.6619513945 174356.008848382 0.44412018180054
0.619563134696721 0.917444552223981 0.825251831103216 0.546313660703613 -0.17691689572006 0.343255406036832 0.409757304876275 147015.660140103 129318.971251898 84742.1193866062 87493.2167314836 0.438533803549145
1.01681186610068 0.438891940524645 0.361172671574684 -0.276332534303657 0.110772497330289 0.252923655120297 0.467487679024017 109625.109343722 87960.6064317391 81938.9301402484 95888.3576677862 0.47867483184893
0.56900414016463 0.72306055291033 0.588107659958801 0.542579436533539 0.165915395629359 0.236963872482514 0.417560564995484 144296.663649832 117562.13595385 78409.8331737209 87236.5112974335 0.254349356522233
0.36148070437866 0.97337932348647 1.05893044756877 0.432810930417745 -0.0083725865735876 0.187266210810957 0.296934959349796 127407.577415986 105519.151204745 79198.095744334 53694.2753092411 0.150488952778595
0.43490235232182 0.853784009439505 0.570894417616326 0.611664879035505 0.1177512050243 0.284042500867727 0.449945288063294 135475.172686438 114685.36303522 78395.4981320181 98579.5585937211 0.130355588118242
0.448548030738108 0.957653084129871 0.998357789795365 0.416236927546182 0.142995605198285 0.731860716158356 0.321799500841074 128444.811782379 111509.327841283 75991.4656170435 50010.5283514521 0.165999939264979
0.261367209454941 0.496975336822018 0.0358936853569424 0.745749399986612 0.030197742450214 0.334574607590552 0.0122301264073596 128417.476294302 95407.493726669 78990.2226771046 53110.2255004308 0.152128165015754
0.377339535586188 0.391517103765407 0.0896866721143856 0.3520247451415 0.0724454396306768 0.176994622661557 0.31705047540049 116756.367648858 93613.106591736 81635.3852416926 51208.2215547097 0.125799917439596
0.383157573597817 0.713535145370843 0.417365876743805 0.463825805446463 0.158597321468187 0.252934038100693 0.307088819615003 143031.962304606 132672.380934622 80469.0399490184 88080.7110366764 0.214939675159651
0.481266844596716 0.675569390011064 0.687329855864171 0.639209100181854 0.0487190608655993 0.218782136052533 0.309666034463983 142210.975543864 117520.874206209 78312.6467504444 105886.828537588 0.244559619952551
0.770376797940609 0.49379420391677 0.287598895405771 0.491913586503431 0.230305535545387 0.414588530732442 0.824920149796378 147642.609553956 106133.821319068 91153.4573569803 198626.284577976 0.444473319294373
0.438951332013348 0.830312943815924 -0.0688135021020076 0.499560331405179 0.298056661563846 1.11177272257641 -0.235122958187323 110107.248323763 88098.9466127107 76081.1060170472 65322.0410607233 0.277234032871979
0.474389187328253 0.769762436230017 0.45240604565569 0.42270234222586 0.0373607186393972 0.247477896159919 0.363758417689963 140873.229543081 115321.891700916 81534.0631448627 87066.6401347285 0.236370070925802
0.62642663287031 0.586587947620057 0.32463361250165 0.365667735216713 0.0866279716553033 0.202117341441588 0.768893934418447 134045.00182756 111443.078140846 77600.1997841616 69402.9018461743 0.206243952570756
0.969703961094127 0.920042949111653 0.418768662568213 0.782751676402837 0.790994969968747 0.245749732795086 0.598432194321242 124806.846621242 108754.752021872 75377.1029100591 45194.6507651513 0.0966921163523116
0.381837079031518 0.966987681037345 0.388612205896993 0.816693730902279 0.0374508905435485 0.131812488287101 0.330323626661464 152931.540606412 129527.054425718 77410.0939160922 43101.4210201412 0.110962508055046
0.455321391831808 0.796755971808904 0.258851890378051 0.472777089487148 -0.0507976563228974 0.151609990493387 0.463207329677489 158010.302719004 114765.588460834 82474.6018107281 107490.31633983 0.250557778270718
0.471591590135172 0.893077105150115 0.445873418078419 0.523420355188493 0.0354057258438101 0.232520738260482 0.504509095836564 149458.362444733 129186.235616607 78251.6306060141 76658.2401888913 0.206582927981268
0.772558372801503 0.622042953402876 0.374436484396283 0.551097551153049 0.283282512322482 0.430702984654745 0.637164673750189 207536.190902946 144628.892978428 93934.7105977796 207962.185772476 0.513454922975136
0.581401145010788 0.725856260328182 0.341816076863512 0.606393081081254 0.13158519073767 0.0352101773302055 0.256481408757277 130186.994879595 112597.684571729 76606.90849168 141629.901442414 0.353854295607697
1.00232999486241 0.542077927418053 0.351817888981175 0.380082706695941 0.173127659965066 0.373946489062937 0.67295494459351 187452.328171173 144359.327169592 85089.0940127596 165789.172461236 0.438660177047829
0.359745337134373 0.832904932711488 0.386030458974327 0.746572236064589 -0.0261447952595615 0.195701706303262 0.443054468562685 143962.90634103 132670.941936838 82136.131124488 152216.785041637 0.213592782884752
0.391890598473355 0.547739258374872 0.492307152854348 0.548001047824986 0.0218062950166318 0.264372969157649 0.418245330803456 123878.667627993 132456.351746099 80945.0308912873 33714.0107910008 0.232073385717354
0.59929168878609 0.795461317500714 0.52062208287192 0.595121734246414 0.0760948169283472 0.191356125407552 0.313181313771511 105305.035607079 136705.050496772 82388.4131917216 76420.4476652757 0.317900420360649
0.578626969538987 0.779706191041701 0.547004127929954 0.575648290234759 0.211220279057157 0.168852837576877 0.271450691954918 134439.810632892 116194.048376837 81516.856830703 33039.3570557247 0.236905446569407
0.754671159284493 0.579701917898885 0.270879635735047 0.500414740303972 0.202144549417324 0.399272041846507 0.734264647047297 119526.373432664 87369.9174719359 89815.5252997571 148150.120953557 0.753631694635895
0.996642849886614 0.773338760395828 0.723854002805419 0.781863514229439 0.446673469124219 0.556418814205549 0.777958197508808 218413.897602177 99473.7691504247 146334.910925269 261497.25570021 1.17021236373174
0.57961396807134 0.963056820805524 1.03648063649564 0.441366871266475 0.0251307864500285 0.19281275815992 0.330331492786421 128159.9615391 106417.599115912 78900.0031670297 55638.2220914809 0.441079927054762
0.487465682950131 0.738309058014625 0.619408121687242 0.453355283712151 0.0439066896919927 0.239443030810204 0.467986270131257 155834.970033867 128681.521518298 82270.8942770368 80227.3499997242 0.191837710205483
0.486614040260868 0.849327447955766 0.389563484365028 0.56826633284618 0.134607825293746 0.171289300523709 0.440046557235018 163082.897224856 111431.308217589 80080.1271969605 138178.899328902 0.164507476996022
0.499168318809816 0.689878979506295 0.572294122223885 0.63068526486766 0.042086229974787 0.234018727289693 0.324908709894203 129576.730883961 113654.347394745 78703.670289781 64570.7315118796 0.308805928739595
0.570613409540259 0.949871026341187 0.522690124531907 0.762220627741636 0.132068850364518 0.256178735712743 0.452626626992664 164311.456358009 121377.242825237 88870.0722240679 111848.083669755 0.903772540183639
0.453665465344019 0.736764351894407 0.509420515954552 0.524503270974466 0.0309373982217243 0.230359542775037 0.318298258464651 171888.697636238 95809.8246898238 79884.8434112539 87291.3617530383 0.326300896643708
0.433017400617208 0.772066569913355 0.422945596722787 0.549879672068926 -0.0478740879684252 0.161588724182842 0.629856861845292 143040.670606711 124757.464654969 85435.9012228131 120915.880210506 0.286211231891255
0.696066830475823 0.723878039879132 0.567349608268521 0.49480499947205 0.104455489945071 0.22813759013636 0.378273325299232 132279.223222395 119898.458594447 83326.3703890597 52187.8469782292 0.397480635351332
0.524356116873604 0.724987778329395 0.412263135833758 0.637534907327266 0.136404820728806 0.153940681451255 0.488364223908586 148446.43480234 118108.733875436 82195.8618742944 129835.710103952 0.435616296185459
0.380440200614386 0.909103507180439 0.585353393234707 0.552526539892983 -0.0553582293123887 0.218994280558529 0.49321499182249 121282.354084103 110020.193629081 78938.9153933946 139309.127740249 0.549835397275562
0.562731368569502 0.966655232649192 0.446426585439321 0.626626648707227 0.0772569413946514 0.172700200576769 0.444631756065237 129622.958113166 127017.136360957 80504.152028555 88139.1664335568 0.223262529607424
0.485972442534499 0.600526962386495 0.379929625524013 0.527810044228244 0.192104159376953 0.314754132593205 0.479895405795005 192911.430278439 153462.309468628 82349.7375620817 104252.783472771 0.347388317248927
0.510593607652169 0.607671741721943 0.575018403406138 0.681394297841682 0.0632630083851244 0.297258920445207 0.413115951457002 157431.791155498 120994.236613019 75724.590585903 116549.383396525 0.279730654759976
0.703335083788459 0.305794936763629 0.255894403209718 0.394265376163537 0.0798215153898648 0.177862407164768 0.391883618362534 57745.4299050261 47501.0054527949 79572.2879772967 73480.2738760353 0.8679976270879
0.625235295744443 0.874084976560113 0.37266863880262 0.675789340373753 0.169894553768542 0.293359540892776 0.276106568589116 139152.676277986 127311.185776567 82423.030346249 73124.0166841091 0.374538518747032
0.226371104608237 1.15598967858312 0.834221320072272 1.01165090239949 0.694603216283249 0.939261879496237 0.451467644042008 97099.3348399067 64838.9329041384 96513.7508458808 74964.0659667697 0.478728962053877
0.684188997090137 0.592068446790209 0.785958773235456 0.470855827202921 0.0978977890154411 0.174265699476566 -0.00750289628408016 148020.934181331 108083.578802594 87195.0537772983 191550.044180918 0.268806290357432
0.386284011052744 0.778035645100834 0.486910843680387 0.531781635136178 0.0154061739278196 0.231065551791847 0.242953681451481 170058.22571529 120450.555445878 82960.3240823753 106633.958700666 0.324001548612154
0.290568788110164 0.942165657597683 1.0276230023005 0.393581889323642 -0.0234705553329223 0.056713808702505 0.173831030056776 74573.7206840759 65118.6783435477 75204.9482784286 28171.0568747242 0.768556027828848
1.4328448361383 -0.85363616593329 1.29253668976235 1.38554209035169 -0.041676671536992 0.61269975644721 1.23875350860956 254136.35797397 211465.698339693 81245.1205446562 241320.817419419 0.97241995889754
0.378444823662271 0.836558042415406 0.43946073733862 0.582323038306763 0.0527721063067249 0.188553878338744 0.391809394278729 141895.152424362 109790.663352362 80803.6402837776 80366.6756648937 0.371165817821893
0.599156163071659 0.861167065742226 0.569625455463226 0.679587321037161 -0.0829890546129 0.17173042812996 0.410516371185396 139159.694705574 119949.661307782 77351.1164433322 69334.0138278184 0.235520549845568
0.567686888427264 0.824565343288903 0.331661211086974 0.446715366815279 0.0155148468215304 0.169970635965666 0.322040847732382 146707.161249274 105931.298404495 81003.8730377449 79316.5958722634 0.348712076916934
0.290424782093792 0.941433577001276 0.296796629736682 0.525118511981746 0.000493215343639866 0.108232408295326 0.270734404335889 129247.978911755 112514.197863106 75278.6501314305 41852.7131768805 0.0895786443585545
0.65477218002674 0.701864307848077 0.720592687099265 0.343328020481474 0.181744720989771 0.147268064303431 0.366595776670818 125582.082470316 110789.581747725 76666.0778894063 144633.205995913 0.259331646554543
0.366879295219541 0.856779473466431 0.431743117683984 0.585623237102765 -0.0443649976678801 0.367873240072715 0.397985206634837 159623.058450266 115358.319947188 83692.4056994597 90710.5189680063 0.626873869363929
0.36262724776737 0.875109489727685 0.249351044394957 0.555956330657253 0.0687862862924098 0.31882274203998 0.531418710157186 114177.674567677 115815.740541574 84436.3036238972 92956.5750879802 0.479132579547961
0.750628995254194 0.58630896451412 0.319829894088153 0.511968006371741 -0.113994843900427 0.38547347336314 0.61961205174129 197086.694554124 150324.529834163 85934.8925120642 163874.288618879 0.451899818845225
0.709424233860165 0.550991272801481 0.28305420669702 0.480369277069612 0.18338355563512 0.573266074307064 0.554339123561453 100698.90183533 72536.21143243 91305.7682584891 133852.947631988 0.832792773430701
0.409621239397334 0.68796053632491 0.529986104344495 0.60358225207103 0.0699043264327298 0.191692419560713 0.404796525180132 142781.496338343 115805.841669275 75557.7739443488 128323.231893559 0.305056245507627
0.448665500821897 0.885779717369987 0.708202591610247 0.581372878779062 0.0717902680114311 0.194915210718955 0.381463016376932 143177.296277815 121244.898156742 82960.1450333013 58920.3616508665 0.366244158312851
0.342362848871964 0.785435912192914 0.749492746155844 0.559875443753783 0.125122698578176 0.161483487451405 0.505355307379189 151605.290855325 136970.072615219 83617.0493920286 81265.0715897507 0.394884403681261
0.473633329228661 0.817557425774223 0.25393922939535 0.523787405094226 0.0377862481709617 0.182092075808123 0.316627822510794 132783.355252289 114937.758220202 79288.7772415193 132436.19981602 0.279278554278914
0.482530901041504 0.92275970907926 0.327741809918443 0.512391779803853 0.0749922863826533 0.23648943366934 0.456089670787813 133519.425432658 119870.44740455 82822.8002840128 87833.6127750595 0.319667569696454
0.342093208898662 0.806784108076834 0.658080363570422 0.512095617833937 0.0625053826797716 0.265825213418343 0.301687483244568 129289.069496153 114119.665508689 83270.3141246092 109794.835281621 0.337154764038373
0.781468987305243 0.609305800449362 0.334470093995403 0.533748519411049 0.263528319188459 0.438873670794772 0.646289313874429 136024.904104412 79925.4397226743 111721.115825953 180198.646669226 0.679479767097159
0.951911108692234 0.561212926054011 0.557075696284739 0.581984473527393 0.250976256179536 0.194322422910123 0.27993074235416 197406.304514091 83637.1716838723 70079.5120799856 126543.867094898 0.485108377147742
0.470293126608004 0.667324686423061 0.425743678429687 0.531104216079231 0.194179754000137 0.2179429947236 0.431952609907688 172914.73795898 92439.569642491 80328.5330332752 122059.920555201 0.226851588101465
0.43532506831785 1.03411183608313 0.411445479051219 0.994577050192144 0.074300781187121 0.240939242447853 0.423751315411639 217029.10338412 166392.694849188 85450.4570690771 88224.8809671784 0.283514443404644
0.977945742339791 0.780274089263622 0.635892463230331 0.711506741355007 0.401339891486784 0.532756647693879 0.803966046144694 261966.178878718 169471.353451398 102262.201640273 261922.349564791 0.947373542900166
0.789788748817726 0.609224158373665 0.364034569283748 0.607782452705596 0.405811910091372 0.626673091346258 0.655757136523857 211685.611398418 158650.946268397 87558.2257286707 190458.391485205 0.572617488808723
0.371071612265471 0.758675432692774 0.621280394659235 0.644979791053697 0.136999109746033 0.294421669620172 0.49619040381587 151669.490524445 117858.157869786 79249.9109634168 104277.321599545 0.325966846617882
0.56290480947696 0.820727586867963 0.443999240984541 0.689376399269842 0.0973079122468683 0.264578784254186 0.363437776966943 164717.369220161 129186.169186017 75402.5747019511 72517.5179886055 0.277571027301876
0.450224628807915 0.693464359473791 0.271212246723956 0.526733337306287 0.011693112492732 0.307495197587125 0.390489380318612 186533.459242436 113992.831321666 85095.7220652179 108667.952176249 0.344737323948211
0.307275729052715 0.624983510035279 0.193361072120719 0.258027803656511 -0.0224094399148 0.347726391510764 0.634258586253999 113080.156139742 105425.387036612 84257.2838611904 99342.4183759887 0.598096493083219
1.15316346219847 0.890142238149742 0.33963928456642 0.8444954395233 0.955908094776542 0.265197616629394 0.228465436392845 84723.875552039 75930.7768817523 77652.5167253315 45096.7512654216 0.770528225565254
0.465860229101652 1.05858538525764 1.09152816325711 0.686070757799123 0.0763478275033818 0.267018028452686 0.412875328627327 224748.567719212 165327.033621069 89263.0328639456 86233.4781306243 0.302201262120548
0.855761316378618 0.693907334862204 0.462256525447617 0.580416690819021 0.27581350425005 0.426635470820605 0.641355787503109 225411.468474413 165384.704882858 89337.8307031993 197139.010164553 0.723576085024384
0.658222833668891 0.906887051715435 0.672841558369751 0.691576174248433 0.661797281017402 0.733975466293388 0.693796756013343 165600.623434485 117243.317267914 91768.528875856 132241.758371279 0.641507371753067
0.426622321383951 0.905563639438488 0.454043401046607 0.433232353169698 0.111240540805198 0.198816285502369 0.363349669210785 147877.003272558 126773.580942854 85795.0671011896 72561.5618398481 0.144036386053904
0.356758066579987 0.758313423418274 0.299767589125375 0.554627917312046 0.0509942874270323 0.281444538078639 0.402878005880528 119605.67530168 110010.362993957 75908.1802753924 94150.2987779584 0.31271908426207
0.584146297449278 0.783967130328193 0.535390030959908 0.547691486075206 0.069254196575596 0.282976112405299 0.281910303076382 121755.508737209 122593.083593268 84278.5751072004 90828.3317678716 0.337327840725119
0.588189565186896 0.853033099433044 0.598169679382433 0.525676048076697 0.1932310850754 0.228169310211939 0.360101650252763 145831.188720678 137517.894536255 85673.3605299863 86676.6008389674 0.439922253261651
0.569174047953626 0.679084352861823 0.52951423948595 0.499850462590979 0.105507325988006 0.182740427069823 0.264109470226571 152336.009891191 101662.823808816 84084.3508755581 50166.6668312534 0.183104765619395
0.334746037297689 0.814101400232561 0.172613448179622 0.562945565632752 0.0299335192603992 0.0326410893013577 0.243215742553316 93315.1405934785 81528.0610877923 74954.8088660783 60284.1343183687 0.925416597761783
0.625522970798373 0.395390758899565 0.257512784678045 0.617145285946028 -0.00380066491665217 0.0726960980015468 0.510219164092617 89646.6337136078 77772.0779040473 75494.6182916067 89379.6739804746 0.964069814260973
0.366713761418377 0.925122699908058 0.442636565201544 0.573647783757897 0.132733114506853 0.161864394914814 0.405797787175026 153788.774740819 118262.07100448 79613.2463483625 85848.2579243842 0.396487272507927
0.40862823780517 0.704264263538562 0.395570046343445 0.632878452202564 -0.00956418388691578 0.239267563090646 0.402330281463608 166174.024733431 129927.217997385 79045.6733866619 30684.8894017119 0.284433311209069
0.569969185842254 0.742087426283945 0.636438435714462 0.373948244131741 0.188177845221536 0.129953353464488 0.58914047175912 128366.995569186 118794.873496857 81839.6661018649 63676.1130928949 0.286049330775653
0.256543625100997 0.912546648311817 0.287823401724893 0.656552764416281 0.00129136937527134 0.0885573456482444 0.210552703525677 76798.5368649249 67549.4994240595 74565.5216012666 32644.5782907892 0.359627038756386
0.795137605718603 0.600947048589276 0.333985050504352 0.541800383518753 0.264823699892848 0.407216178570947 0.63262735638772 230920.082730422 173418.595176931 87285.6536797945 182198.142998153 0.513469521744507
0.456779786172997 0.75401670247796 0.580384660095497 0.50499633891063 0.107435540036882 0.142626306651956 0.305823045934382 128972.50686255 121053.361323912 79596.4594566671 80651.7400189901 0.340840639785136
0.605535219573964 0.854863365434395 0.752010713348063 0.512129945920955 0.0169933878445388 0.178328803967232 0.404846133778473 159309.863889634 121260.923153344 75575.3087267246 89408.9010835106 0.205630948640595
0.578659143021201 0.681777187230663 0.25913514678945 0.663918512476332 -0.0295143471996714 0.0782217803465641 0.428550596108154 143908.56921641 136773.771554837 80660.5033563237 78256.9713888212 0.651394352616851
0.419809913804312 0.887524863258681 0.678512551475985 0.444730259268927 0.1771002365397 0.175532087783048 0.418022760479816 148373.148640055 114875.561965833 80013.9394456707 118686.913256421 0.317336233724816
-0.648638818690124 1.40889224555562 1.35996811524627 1.01315128079758 1.04103734412033 1.20172638645578 1.07256931054348 251871.837766439 153336.470536855 105676.924607478 180023.279747312 1.57463002899633
0.870177174764936 0.636480062101987 0.409709070792873 0.605729344453477 0.312891695259309 0.460553418554969 0.970443991100405 257399.165561942 195606.409702397 86852.4818073431 227625.064881387 0.673597827358369
-0.714919281990419 0.968215732529577 0.679210400520361 0.872781421973157 0.675862545916556 1.18023392254054 0.861000364208762 194182.277798479 84400.9088571941 147242.533550454 252116.875058682 1.64999001803006
0.404854964327286 0.791783695071503 0.36688643340154 0.521738860133472 0.0840312109112132 0.235940749706211 0.295177428437553 144412.129787405 102822.472703231 80679.9767372936 83850.979477887 0.490854574790834
0.456237219972825 0.854617392797797 0.477618455319803 0.612767707727629 0.147072474786634 0.247062285473842 0.311262332589148 137711.453509618 111341.297148444 80449.6792841784 99271.7152515715 0.283477476614718
1.17404742096879 0.996759456962223 1.00743111915589 1.13206637900441 0.821669401924986 1.00175891151017 1.13552533043433 261932.364690525 209231.302835474 84932.4675124677 260756.801605136 1.51235066283593
0.392671587476959 0.22565439344499 0.0712075410766725 0.389327108501762 0.0691186973403502 0.0669452765173748 0.296809135204225 101134.780537034 87985.1372508185 75270.3713063348 81321.6447022161 0.975249670275584
0.519411791823414 0.6072175378229 0.441487040092124 0.566294317738434 0.00326427935340789 0.222113255057475 0.451452150575456 166275.133693358 118801.21871174 79965.5105084716 68353.6414957012 0.37003532644333
0.302968834553439 0.95101912975042 0.297116105963518 0.933673683471995 0.00386906461124124 0.147125459138272 0.270754786930643 118660.649474696 98064.4711417117 79245.0648398125 47691.8986741035 0.0831945980733726
0.494692347835517 0.815696477347595 0.3913305570164 0.586459185943213 0.0697790139616472 0.244901533942514 0.351052480104313 142296.452273601 132059.62850172 75790.4569088346 106006.803325138 0.230792364512591
0.505758831720278 0.749105209645677 0.245188382700109 0.563426573902319 0.0355764349124105 0.21218971498396 0.314095865907501 140926.227631927 126470.408348093 80574.3889750592 92321.3579708658 0.365718383712868
0.526235173160789 0.710700321028875 0.772775347278735 0.536432937666463 0.155544743276896 0.246127774855627 0.501620723038364 129052.15344306 118951.557633238 79323.4325858602 86230.2412027166 0.184195047196656
0.492546569629164 0.805782331534025 0.424426979432258 0.515762967996945 0.157587865232105 0.150378692084019 0.455825874307163 134882.015794065 124293.256706747 84484.3438588573 89587.8977243319 0.297244532308042
0.47731018413727 0.759684507500239 0.154585268143638 0.534223997941161 0.0705576128873746 0.219097592515234 0.336028003642127 135240.639711876 105911.419698874 81821.2788478379 75829.698699298 0.328866644247052
0.357012754147885 0.824149670984184 0.709001044311071 0.541436344013852 0.127504902386629 0.060037554164762 0.280145928009675 173445.760874413 124306.795573516 81033.5806737609 83968.0714157724 0.115853968106129
-0.0257860049641489 0.852743962374529 -0.581543938905579 -0.119626278708335 -0.226599855757439 -0.00147576816795361 0.930010188913536 117139.860910329 101453.954888205 72821.0437114319 29126.8165672297 0.132468082821292
0.442494528163016 1.02653605755327 0.405802968180253 0.46732289540615 0.830305364815613 0.198046175873019 0.312118447060504 125805.259916959 106239.030605466 77760.2949915732 60171.3176395259 0.149687877924954
0.732362293342947 0.57900521418357 0.308871799589711 0.498328982188526 0.232440019128138 0.391833153708265 0.590811969120065 192119.531415129 148292.116895937 84916.8472509612 163639.295810325 0.443052986296846
0.41722643547176 0.866508911678719 0.516706762094288 0.568895146110199 0.0925827505555422 0.110541793065919 0.351111044928865 128112.852137149 111746.534221143 75183.0027472618 46075.1846824283 0.358894794010809
0.52556664973143 0.625158448161165 0.850513758197338 0.278434431504186 0.0752234924046951 0.218301759924745 0.583923648185115 135232.459398226 119430.5153407 83577.3292638425 92297.0886984198 0.213997879898326
0.561305729968544 0.854342884659793 0.489862775091578 0.515333010298465 0.0749789429091671 0.259117083740551 0.413968019227801 140723.985193205 131499.234794345 75800.8658679524 77089.9857804479 0.131082528422836
0.50907254697149 0.747703269725429 0.817026370049381 0.504437654558525 0.222511487572691 0.293160215521493 0.34548398718977 122487.923497905 105787.740982272 79938.9587564311 57183.9990673008 0.308617912378469
0.467558170520291 0.708185034716009 0.469050288433683 0.578560029894247 0.134998707503107 0.120735389871087 0.405469052863825 146652.991845461 117933.178039431 72067.9217900828 74747.6924366217 0.32873526656494
0.381020117259249 0.725946293324661 0.635610403502921 0.580457927684191 0.13660020541943 0.244437225322917 0.302937339295414 141299.83979104 122703.022752009 77888.7617931298 59519.2898529619 0.224379365700011
0.705226942505296 0.580547308731992 0.265154118060292 0.477758487767269 0.190651029934111 0.403207720230539 0.553298581608434 92707.5397885675 65941.0944188321 92382.1399005469 136622.724682683 0.704572477924931
0.662468097405338 1.23044589203013 1.12169104109158 1.04246289327706 0.315427760268626 0.999661114385439 0.724592148098566 256600.383718453 245545.348639939 67980.4794274035 246879.449661732 0.875695995015175
0.445760810677203 0.668452807570733 0.404664123842826 0.449240841833038 0.067201247167362 0.204779501611457 0.352796604874785 149796.998036966 107767.406634039 83384.8783562087 70432.7474820104 0.284176992154118
0.525782386069607 0.854671916385947 0.582134319335263 0.535950193745915 0.111747360733264 0.353328785511314 0.39867563724666 150172.20022255 119431.140854638 79650.5871654925 135637.071147867 0.470898157399211
0.463726310761637 0.706568335420103 0.542390092836175 0.561126563698845 0.0685742105945098 0.137039832156865 0.466039479225142 162823.604894198 128772.621464976 78232.7981268522 79035.6873697269 0.261371880426589
0.295684146232426 0.841723323504066 0.382344172976826 0.417624695353649 0.0922805109964055 0.271748857837762 0.307023459307215 146258.550945969 144335.783249938 75068.737807721 138032.821224547 0.276135071213931
0.472736055433483 0.62285521625417 0.0501921929793065 0.554346646494775 0.0421672297194802 0.18242496519881 0.447023038624856 168439.658076781 99614.170697123 73705.8184426895 82583.4427906817 0.291957271882737
0.585992686973248 0.795740292208704 0.66829410421447 0.558819480289729 0.110522167622731 0.230298294542091 0.409561911689447 127684.755248916 119098.717185316 81946.5948936136 55681.5887461231 0.430660437138382
0.565309311615529 -0.00816623840219379 0.508161335399113 0.064034816561884 0.120304718762188 0.305690264929166 0.672129438390027 171457.797950329 136595.283774721 84939.1068689837 240472.631219765 0.135672660413029
0.58051689138998 0.700778961647818 0.801497466751616 0.456403416382049 0.087125426282083 0.357229254901488 0.380118507351388 130065.620971795 109396.273840817 79475.0651490348 99253.7712535986 0.194873784584009
0.763223771884294 0.869444783128222 0.789114079267622 0.601777177408922 0.270348317353399 0.434272026160687 0.641783396793619 261951.162071539 159897.10586118 108356.602881473 207998.682929113 0.529058643343615
0.448414223808669 0.753623000369606 0.460579244661045 0.438446948233275 0.0722810274301063 0.225199672837186 0.565766864151318 156583.842903494 121114.950258066 79673.2638928456 61349.0336001773 0.383407104109931
0.371956345782901 0.883204600838474 0.628601097664169 0.545041726052233 0.0571336874315712 0.216104730178302 0.361753978137217 126001.814410721 121725.858567965 77492.976928143 81893.173702645 0.325078411239223
1.42394400723539 -0.651444380025818 1.27316869978231 1.36959761690273 -0.774739391530391 -0.375099094233528 1.08328828759615 117004.908380471 94102.9196017279 81032.4621423596 51648.493490022 0.318226925245204
0.426032524385787 0.694467602764111 0.536234468726225 0.503876515045169 0.144113191234053 0.0513942712381805 0.273798708134245 128909.09406419 113421.517771855 76455.9327522136 16075.5045976494 0.0256465808835831
0.463542684933235 0.618172635405066 0.383463822109982 0.430810219312935 -0.0696443485438804 0.247354953123071 0.401589899300914 163350.91690999 125192.296981695 79340.5042213054 113755.189503022 0.271314149804481
0.472768946891505 0.678535439907672 0.373991793332566 0.5769885162 0.109178853075735 0.201474996079059 0.39591144036952 145983.589666949 114434.187673303 80233.2921955846 91600.2075506747 0.243915376161145
0.466021651785622 0.65557733410202 0.518953590710662 0.522463601366706 0.181430557504534 0.138624626928597 0.431093877087143 119920.869196272 116202.46044255 80696.9918851307 75338.9213519932 0.278438954577834
0.837356981184766 0.400435349743826 0.493807411908816 0.948874795174148 -0.213173852146429 0.223242570731691 0.0822752205961275 63654.7657905425 53507.8782972585 74062.3006617342 85906.1262959268 0.00132575491561363
0.333188726372477 0.966080589679027 1.04149564832876 0.40714900500365 -0.01809351185463 0.152489714840724 0.257277968189717 122470.413890384 106066.179492339 75655.0967086815 44830.5397055689 0.109774372465091
0.744658475070756 0.838855555680548 0.454449026272921 0.565140945421671 -0.0112685851926421 0.2735033550222 0.332309929962774 158174.811780495 123232.871672125 78330.1085821999 64255.7668822448 0.155678637052554
0.741422309297469 0.721231846000942 0.608147513202544 0.506434893432444 0.197377909801821 0.149981203266166 0.396224624280124 155443.36768996 114884.049939512 78597.9962540948 70783.5365142918 0.198077586988467
0.386382838356155 0.805275158039943 0.450081494991047 0.490669513053401 0.0954702555496968 0.254209502544051 0.483999811642533 146214.136216585 126186.088961843 78009.3749058031 116838.226193118 0.417026540491394
0.715398099957494 0.885207174734747 0.558916631664206 0.693253808729083 0.136645408916919 0.212076836572434 0.248366119262391 127190.216832173 130847.103231509 78335.7032473855 62652.2936020799 0.344400277576279
0.467922785076267 0.655031182541911 0.425120756521865 0.576703038879039 0.194785388123533 0.145108641126062 0.363146999394447 156774.943484692 138016.614836636 79376.2213874743 36890.0279942476 0.211500106340001
0.397335684863846 0.768419450205457 0.386321586734062 0.573272445733814 0.051531644372981 0.239212329048738 0.491857186712862 157076.743449665 93955.675650034 83123.3998134959 70171.6170570665 0.138193746645167
0.730068140659451 0.536520986298486 0.24424976613713 0.471843259649929 0.191261258009851 0.435391673688605 0.670947056674295 76723.8112751004 48901.1933182132 103137.748842086 132740.59111955 0.833706695273406
0.457270538268136 0.846436929979298 0.411361112438616 0.568133144248347 0.0588016469483602 0.119637092190179 0.361583914784996 153758.487362522 100641.863557266 75504.9849478608 71931.3164523507 0.234204397513506
0.360746172705947 1.08476236091915 0.701674207000671 0.579353465568096 0.115068175848911 0.175810525831129 0.310721336397691 134449.952244359 109265.222267808 77463.0043542032 104629.575032188 0.248013538564056
0.998317122978344 0.288510632778981 0.299178840087266 0.48428929170513 0.188315240301994 0.269256754876187 0.568079757457702 85612.8230815367 64163.0932147247 88608.8709409203 104513.022270236 1.02054349110574
0.405039502750171 0.776385365769204 -0.336614461598992 0.487502941582658 -0.080308379795485 0.247235057567912 0.482279413380961 124947.704720945 129032.676622652 82404.4758484963 51350.9366084651 0.0393749497774462
0.490717532951654 0.737209980081377 0.357151081180418 0.483756519418732 0.0342610499108648 0.193596082545684 0.28498931079155 177481.324104418 116218.95892387 81454.1708432511 57093.0672212132 0.363090296828754
1.04161351409455 0.863592626309726 0.704687240923425 0.788493157137131 0.311299547937482 0.425557497313916 0.69608746959018 115555.830004861 83925.9067730806 86673.3363087673 89236.7343862945 0.971175322781576
0.501958681367138 0.628244183930604 0.341337120835061 0.546739920365372 0.128656165125709 0.0939162329424886 0.506576072179778 162925.46099496 106780.499888548 81086.1986728841 45875.3513718486 0.471468645815958
0.3602312894994 0.667809860150602 0.563427986024964 0.618036651519082 0.1281955929996 0.186500275323951 0.351064941489226 133661.636207058 110163.742353235 83620.6720213475 93003.2594569091 0.117337702351516
0.478589828400261 0.450611096651157 0.140913423823419 0.219391812813903 0.0359269289406364 0.0803093098212984 0.235213781812497 67448.53465328 60066.1805068468 73475.9382289595 29899.8259237944 0.0734816155649466
0.273210668154686 0.194245085045453 0.0871779951807191 0.341468435168102 0.318183997264781 0.258104313215479 -0.15453679324185 206267.666019405 68967.2909451656 204756.001298975 245362.737925882 -0.0288572222930175
0.505610616318412 0.814686887364956 0.72351141366042 0.636663819742051 0.0985146694973952 0.163446595043928 0.41346168503779 171010.735215099 111355.267322717 75631.2699692195 84349.6491510648 0.263488270449168
0.448525810950227 0.778423168315544 0.444249079703887 0.570138968974534 0.155879929527971 0.159758052636003 0.322365733915691 149362.101256933 93403.5583094642 80981.8655633061 86198.7945772409 0.139390196471814
0.875004375274473 0.58649685650661 0.314263286901424 0.521583407856842 0.260157308286287 0.432401779347358 0.974590059704957 159105.465869214 83392.7405503486 124617.735885442 188288.538466319 0.75549535289331
1.09036386063381 0.602272277052487 0.581588137884942 0.0971812673654783 0.255577521281686 0.239990460888037 0.511812607642641 65759.915572316 49246.9417506853 96281.8567796519 252977.15740295 0.790737451158296
0.530915860603085 0.823268835477906 0.52932212154089 0.495166376163273 0.16231511381512 0.204207676909141 0.357893466941577 136963.509284135 127510.37252236 81862.1445696554 82506.3153329126 0.213952706356445
0.464192342538806 -0.085153255049602 0.0014706285274339 0.499227303904669 0.10181927428878 0.323626356348423 0.522817865644381 217830.607722433 163561.165950505 86998.8546076761 168146.869495016 0.421334529429055
0.433935710290553 0.777658602738623 0.531250450355648 0.536822295013997 0.0371390246889188 0.264813369702506 0.30601080344881 107433.115302704 146466.447895439 78691.7791619998 97162.6074389529 0.329602576278912
0.391209670124756 0.731757504463641 0.320237777779717 0.675971240286639 -0.123177903229799 0.300677770794092 0.456964939095652 135939.904956406 125681.719512959 80397.3717101518 100157.049486071 0.440548059388952
0.311965598987049 0.766034851744004 0.0702015255987243 0.629078221414233 0.00310265738157275 0.178938797953434 0.357518809694155 164414.097197316 126103.846117586 79624.0559018155 85850.2426759625 0.183858288431565
0.29910384553062 0.894246354748797 0.960725232986569 0.322894070885743 -0.00732851384567229 0.113671429194162 0.194451341308361 70028.1320732617 61601.1441151603 74582.3830646127 30800.9203101569 0.20797375880262
0.572642408089435 0.741624237537354 0.520100483734778 0.559315397721345 0.0601273344861449 0.103307656861475 0.270784492823202 133474.581741961 117779.387139238 81626.4271364019 63801.7108045302 0.394502751353366
0.822320164172264 0.381786087242265 0.556245386064084 0.424762374234867 -0.129523579510003 0.240766851822661 0.68247768135608 252063.640055301 23903.2578574869 93030.1517835899 100882.457013639 0.391269451112237
0.442146356224152 0.827489824631386 0.55130699037473 0.593703520974451 0.176815318331578 0.180586468630214 0.426272576534167 157177.927944511 116916.173074874 82940.5518327015 89647.4336404348 0.331395871999052
0.0529938960204982 -0.0451290423236767 -0.108851722972768 -0.0560606430728281 0.208667025204137 -0.158237145310186 0.0865669245296928 59731.2013111694 40542.363546019 87411.7647597118 255281.4031998 -0.185009279598649
0.3318856903135 0.898189572602173 0.860007428828569 0.557402518784166 0.0569421058439335 0.288676029763309 0.388082866471884 142375.37525446 139484.449802004 79041.6080861334 116833.060312139 0.0420868614301217
0.350015514241697 0.948829046567399 0.362631331034885 0.484648154700751 0.154115862636557 0.182518943501446 0.460070492733976 171079.05047928 82175.9263950484 76171.7314134793 114520.211967846 0.288692720212321
0.684814743415914 0.943636346029317 0.90603762070879 0.469388062376583 1.07167437958153 0.251911739324687 0.927805717209081 128485.310448748 111074.925372637 75820.0500787704 50817.3445035234 0.133137865866853
0.525250210483692 0.736446785048151 0.887251820417246 0.369160223375488 0.0278051861351807 0.176659688688072 0.368660117612852 93639.2615018125 116660.580752188 78468.7080355676 71831.0894479182 0.328688892523847
0.2456157811346 0.603865407493472 0.532995291040157 0.47697147556427 0.122800497564221 0.273627465682512 0.297666811800594 112608.361760476 122194.001155487 76260.9083655331 111205.032476276 0.326515080030064
0.356354234282513 0.957337927585641 0.49330637934621 0.50611148877831 0.0697390907246221 0.278608709128794 0.444020635790674 183581.464102125 127111.317885414 80221.484182902 68381.7858638369 0.364753228305614
0.423428339014755 0.55943041593226 0.666142809878263 0.564327257001725 0.274938643790822 0.146497179885244 0.504405613704684 132615.355780284 111053.216953112 86330.6336424528 80018.1105018429 0.367351617480977
0.24192743579955 0.952380382515368 0.270725947712355 0.851333933915288 -0.00254351634626574 0.0387498995482286 0.201466170445097 79426.3726576633 69346.1500060394 75190.7208361834 29675.9623895452 0.722342431095355
0.366179483004369 0.805560800734991 0.506738242963167 0.48121800156417 0.114996726615153 0.115715038955172 0.344794495696811 128383.887695298 130961.691888951 75136.385347154 100803.432398436 0.35720727880836
0.59938652597494 1.19262556499581 1.16365916736768 1.06744984771972 -0.412821962591154 0.36224485525094 0.5333423001585 249085.557555287 211072.613297673 76833.3724389509 160304.673716507 0.728085103098621
0.459769388979917 0.703326988605901 0.632644231934095 0.497996355723342 0.0118772838540982 0.209236573803228 0.463587117865461 165687.984566206 121113.710569322 83029.2877545141 57454.7759339519 0.308368182942757
0.473937221939362 0.949483556022386 0.424031571101167 0.714985564029654 0.0686053734999545 0.275402067802163 0.286817094301657 143007.747578177 108311.734879014 79826.0246134091 103712.917226911 0.367669143480827
0.47608091324111 1.05325544897248 1.12368792649609 0.530055599713744 0.0485363898150029 0.281348884181278 0.414286688943076 243494.794682301 128548.737026538 125340.638981249 89543.0566184671 0.301990259830652
0.594187125123106 1.5802193107621 1.31332036544147 1.32083493696423 1.30416696936461 1.00304065364095 0.622260422418458 59564.0029537367 47049.2971344053 80567.1958867047 76082.6845021565 0.446194700525462
