PE APC-H7 PE-Cy7 PerCP-Cy5.5 APC BV421 FITC FSC-A FSC-H FSC-W SSC-A AquaAmine
0.456836201014466 0.937385589527348 0.94988235522445 0.447710066176999 0.958702352884471 0.310308843336572 0.683262867720729 135053.11328744 128287.808863664 68998.8441254596 47909.4337130341 0.0368865784491288
0.249939437918974 0.930141725766918 0.976514267279321 0.376178688137523 0.150702091739902 0.208237864815513 0.246219054412602 108953.719495294 100785.338956979 70992.1898156943 47022.7569681811 0.0171107521384995
0.258775932335541 0.92120115874558 0.981683222393768 0.117218117679095 0.15869690198367 0.232696529736711 0.252499766480708 92121.4177555417 82093.6177422551 74039.7485306653 47485.2289049964 0.00968119206716568
0.261864039053604 0.909479321387794 1.02937598150313 0.372447822145954 0.0211281926338015 0.0109039125521014 0.230570793085067 151187.68759393 144081.76131217 68812.9813737962 41738.7233118732 0.0575234741883065
0.265514465570568 0.908041187402065 1.04475860332031 -0.0819639460140578 0.0318118392558307 0.0376311563914554 0.216610015316319 136155.599028518 128897.930497888 69356.6696622281 42830.4990614324 0.0410212891025688
0.218419349658756 0.849733097692508 0.923141244127113 0.307735384471242 0.108835429454255 0.0340595994771536 0.247773454104203 158788.856336177 151125.377955922 68948.7886667058 41781.2712526887 0.0350488389761361
0.275970927790316 0.954019430419007 1.06866415845489 0.383280671521641 0.0300821237864381 0.11581447039967 0.221642973848431 107276.849884859 99389.60228283 70802.1842762814 48320.0352385929 0.0474728739041697
0.277938857067934 0.954495283990545 1.08273153866109 0.212905953140706 0.0465472975183288 0.157705654864751 0.225128970169283 87991.85162458 77905.0167635986 74215.0048578317 50643.9654383134 0.0413996888446998
0.646756028500514 0.911887016842066 0.913227125234338 0.565579751577052 1.12270673823501 0.451617879064832 1.0981172791862 118296.490962417 109744.136214301 70978.666489346 52852.0343786745 0.054352344702457
