PE APC-H7 PE-Cy7 PerCP-Cy5.5 APC BV421 FITC FSC-A FSC-H FSC-W SSC-A AquaAmine
0.310643315699109 0.57210906847438 0.322830872786099 0.167459402975477 0.0308286137000233 -0.0496450684189376 0.602984904608803 82918.3192027927 72419.5933355266 75168.2551367596 28027.4592970521 0.160908713294525
0.304366370332332 0.508668705921139 -0.0278078801518989 0.112096232033269 0.0301118796836792 -0.009139562881765 0.175311496788869 95208.989618738 83115.4786141225 75069.9961553007 35041.4053921413 0.0804112681244568
0.317018676098624 0.875926273440071 0.489644886795426 0.309429646035971 0.0308126442323473 -0.0453982413861162 0.188730492594054 167077.056241389 147127.590519444 74437.2055148208 35907.3219338076 0.0684767352930361
0.334053622729383 1.01747948861128 1.11561744051172 0.431077424768609 0.0458490409161701 0.175593413159278 0.292167290087174 138238.959884306 115967.624550774 78234.2237053611 60261.6748976503 0.273905300821489
0.302284214369394 0.952917174191288 0.456836636421558 0.635026765309112 0.0220812534416277 0.0785788064416474 0.131702504764535 151029.507533172 128829.828544808 77190.4333335701 43031.7341375032 0.178586439747761
0.354493214099164 0.797403488010258 0.465404796684038 0.404438362898909 0.0681143538090919 0.238133947752885 0.320757910595002 134912.484084763 95107.2742418453 80239.2209867051 51292.0925356122 0.313347751509961
0.269263354873726 0.948224051906345 0.383137448695646 0.851072227695539 0.0708941708419006 0.0315290224536796 0.219637868228869 147500.786754695 126648.149800097 76351.7812933735 44169.1202908192 0.134128402060292
0.176779689147223 0.906828951733011 -0.0468979178014158 0.858384068761019 0.0927871619111779 0.0988294054951084 0.187374052400177 114704.050022417 100552.078451347 74766.6015645325 44150.9281016622 0.149183604047156
0.232745536123137 0.91017198541357 0.985830115564801 0.392494350307377 0.0532192292845374 -0.204435710526605 0.231873521340952 164773.445482366 136477.024465888 80282.5177843391 44271.8288507274 0.188137057711788
0.236249863818232 0.944036129214115 0.371203247031388 0.638033368563525 0.071165176569743 -0.0282731563812931 0.190685225291852 95964.7490458727 79537.1725506888 79355.7981746288 43282.3484215404 0.047046556445121
0.205747493390051 0.950166430164606 1.03232434738807 0.364082186131546 0.0297460182167156 0.0305814385400756 0.231068465952333 156331.206823674 139560.128710821 74815.159583029 57723.7204511924 0.23044549071355
0.275919554874986 0.965288080083838 0.389410377342919 0.869899529724884 0.0906731110772481 0.117187338014571 0.227637813765305 107398.100515489 89722.7056468469 78506.5213031049 49582.7086895387 0.160598294683248
0.244284617380889 0.881690050123986 0.0870218379835277 0.87699005914649 0.117596991542469 0.10453478344642 0.230404764941437 137825.373900303 116865.935727294 77511.1613008359 44885.030796197 0.164315217421537
0.462651237512258 0.360996460836925 -0.181949198368024 0.348305858944275 0.0551636870179646 -0.00592960880880457 0.215407049250686 135346.094508906 116458.775590142 76292.6734265596 43688.7429459405 0.110760741697623
0.373647208297511 0.774226740648258 0.371244782581042 0.547870414211904 0.170605043645656 0.142697966900472 0.323594148604224 120225.552625584 107265.069832233 82952.9926138829 56927.1046434178 0.369408848554587
0.584731524192074 0.828744019616923 0.662742246783891 0.512000008542775 0.115645175727006 0.110163200022323 0.31945829537435 136430.310108178 112219.781914441 80361.5558228361 67986.6978217342 0.296570743927218
-0.242972321759864 0.923875479329755 0.459693482578369 0.388531857256111 0.0365944594419498 0.201448764469687 -0.24308378457456 112079.969324559 106403.128229564 68464.4465634761 45255.4302267671 0.185320697591434
0.38201984694676 0.949769658690336 0.69391055799427 0.609800995425356 0.131770220673743 0.0285973710726104 0.176706548868996 69372.2508999589 123674.883969486 81726.2093827247 63500.4271901156 0.281627701696397
0.391511134283345 0.916588873287486 0.407360183960346 0.457944130970127 0.152141953328511 0.148371603449723 0.322301786573399 110032.261493356 96249.4650805777 77302.1829892918 61353.4574708509 0.353842110618143
0.538561645031239 1.07110551605305 0.161141708474831 0.544935440663888 0.0512936749871959 0.108184751606032 0.38841798015091 110253.680130809 96692.7626068245 79368.4866006529 69789.115933237 -0.0590114321072253
0.224351603612668 1.00140809359385 0.507957359075429 0.630632357876562 0.245913142510248 0.222745432534873 0.28810299792503 129293.62647532 110878.605915255 76599.7102885429 33390.1802527286 0.236540547780779
0.4094974514691 0.354445440954946 -0.205915483400574 0.250025547376277 0.0609267058071558 0.0424487514100534 0.239558459642782 119185.156087636 99679.1098766697 79477.8811105073 43418.8514045885 0.175334472576069
0.7439164368755 0.948819880908556 0.674741951993001 0.555856458081351 1.2292195314837 0.306151399797191 0.750716027916527 128925.718022262 109040.034631431 77756.8176059356 47102.1951634172 0.130443872563496
0.237152212551147 0.930464914688398 1.00020495844327 0.357297008920237 0.0164159725730345 0.0443957133964849 0.23283859922501 167293.217374158 143793.1230607 76238.3113777211 41100.5046711929 0.151079459085197
0.226159467173503 0.684669332469229 0.467399480630347 0.540296667825712 0.0665680845506967 0.151028370601431 0.318845061619635 154524.196657934 102878.392410564 79349.2834005923 57930.413217816 0.327203576577843
0.30817373882663 0.891897949880866 0.616132139378505 0.417914547508311 0.131263421247024 0.0688036785515092 0.392489910218274 115904.399150853 99555.8283494938 80776.1167535228 53696.9529982198 0.321482604069867
0.218576861975473 0.972792366809816 1.0147314113969 0.120521216851446 0.021404182221113 -0.0354762685815091 0.191635872728548 112063.665595912 94712.9879642962 77731.1578733552 42506.1847301348 0.0152830998168436
0.317398274945057 0.783826170787169 0.340237490976786 0.599368609679161 0.134909257537735 0.119169460008262 0.228147323518013 134014.855596656 105441.920170102 78049.1411611578 73208.8709433021 0.169907386123604
0.300276592829689 0.405064180069948 -0.14939278226543 0.422925698786427 0.11864913109067 0.116771856476148 0.26202423445306 143677.925324982 122676.283791014 76870.5791167085 51787.2278452847 0.22098644252224
0.351831668118845 0.751099793771234 0.523472399870736 0.372140789152198 0.21502926764638 0.0741125768813377 0.33540067125752 94700.1403915854 91079.7370886958 80776.0034250159 46028.2876710757 0.275354252433509
0.406526776588475 0.916506500722919 0.281784505688229 0.475857829094007 0.128608063812822 0.215886493368831 0.524054059213268 126625.450672675 83096.3781483069 76672.3386986177 66941.6451050463 0.307158953369846
0.293766166492028 0.718762655596538 0.865772435511569 0.628247179097204 0.117281590116667 0.328723155691474 0.372240116745095 111096.679108859 121625.868874716 78629.1824858708 71955.0566187454 0.211662233092206
0.558926555720322 0.941570823030542 0.405185936087324 0.845243759347742 0.112154425416738 0.113693389820604 0.258811802883703 151352.208413861 125713.8662608 78882.7929586819 46031.1184581396 0.262711040466801
0.357603757938848 0.792304788740048 0.530550090340249 0.554848809160983 0.137662902212665 0.176404909128272 0.344973599127486 140949.507414167 133875.932726206 77742.9470853811 65377.501696114 0.184212860116103
0.37382360854722 0.888412909672846 0.829090957762475 0.344629446115173 0.147043351564216 0.135260855190914 0.347476587940899 141023.758594859 114193.343472432 79373.3665849596 60740.7082371216 0.163223539682468
0.101478850935751 0.938111575789004 1.0258004044905 0.353512304537088 0.0137551240611642 0.183692866286851 0.182549414420036 104195.3142538 92909.7477266068 73452.9062116371 47274.6542103455 0.194448502370568
0.282302176910876 0.569481534280519 0.59825443290103 0.554572253024208 0.157224274582082 0.138046109639669 0.320325880932225 120410.121363366 90733.061364493 79203.9958793152 44319.798593143 0.344769874935387
0.203531837436547 -0.0923957340651147 -1.06053277496338 0.312692221391984 0.101909578796803 0.111957190578966 0.142595859656302 123548.202131103 112795.326149995 71798.8050877692 45910.862686939 0.19540495802459
0.218068805618759 0.505958117873347 0.089908405463555 0.0521783505218926 0.00979961944328803 -0.160306483467092 0.116963582987057 97538.257039105 86789.7394132602 73180.3514831363 45155.5624670145 0.0325798735462492
0.288496761778098 0.843054867773605 0.562766310536401 0.527355180922881 0.121973400763962 0.234587696312999 0.351618830957239 149081.361394068 106484.676401939 83198.1096977607 59495.1860245958 0.302072263998795
0.293478153002436 0.979594733153755 0.44822006269986 0.497530401396776 0.044148339135584 0.116885466398701 0.243964037916775 126208.513191961 105861.437375136 78203.7187245495 49918.5339912645 0.19920323297279
0.347251904011376 0.801093686458356 0.64906859729377 0.473828958309991 0.123938688354909 0.174994692885561 0.362623634096238 139219.454616786 114815.214390224 78210.5876564026 56006.2692376285 0.167737343920661
0.336500168534021 0.711939511591643 0.517928679470451 0.457902060160865 0.186063044268452 0.109554663903892 0.450928177604442 104592.089898478 116441.07173706 79888.2727468082 75145.5234379143 0.11347245988391
0.26355831879666 0.668573265144158 0.182727604632791 0.42088748698974 0.224118607680027 0.185934081669932 0.290174973717317 132798.636683407 113986.170698308 76488.0626178296 36994.7999376417 0.198761584426408
0.184466068023617 0.850828848271254 0.949083394868985 0.342293621502514 -0.0382528888537567 -0.0657493833429506 0.22232593039593 228358.916321829 200072.811959457 74836.0587316693 35213.3232246298 0.139525346815448
0.250409801867414 0.956424322197711 0.410140376902161 0.44559771399436 0.00573217571233525 0.00500069685298446 0.227958519192292 190992.291553818 165247.399582634 75801.3494907299 39906.6021339013 0.156083488320252
0.356879427455136 0.81435330421154 0.826405197680325 0.515373829041379 0.159953351461652 0.260125742065142 0.147137852992739 108835.813412222 117848.363563705 78038.8968381554 39470.9209892248 -0.0198296752753419
0.241124835455008 0.973259365116607 1.04934776206408 0.357623128904134 0.0325248432449217 0.138420665288609 0.238214403881579 110362.39942019 92839.5106453841 77954.7824926427 49547.53927237 0.16971961918958
0.369080210384194 1.03774171094401 0.479823648300622 0.662595627904723 0.167750706928603 0.280827869446309 0.350318039553136 136136.582197922 99059.365096762 76112.7822602465 65083.1131702378 -0.0129358040974245
0.291732843311542 0.64629487543193 0.516614580615961 0.20940919980606 0.220509596243483 0.139148919630616 0.306841676666748 106579.318455579 104561.199238321 81697.3692823218 36594.3986789522 0.217568527070506
0.244602330918445 0.938883637700272 1.02908592339271 0.032942923721048 0.0356378235775951 0.130367961717946 0.246107018872307 138005.415269432 115157.971977201 78725.5145713888 49497.8376436415 0.202316079194073
0.529761906163332 0.728922002026347 0.671821007331093 0.496177766094032 0.129640984788936 0.144865847617839 0.434456812598242 60231.2442297592 92623.9885361641 81906.8910338501 64154.212524207 0.238806841304357
0.286395106281982 0.279649080366653 -0.186030952496024 0.393627741690616 0.0633197157618423 0.025774405955134 0.240344113218537 206078.480055873 182245.842356234 74101.9116152018 45510.2532566301 0.173679940344119
0.48982793890307 0.773751856490673 0.828169368262205 0.586786443863595 0.267558274323117 0.170138255439076 0.254828827409783 167726.298223169 111400.153883861 76139.5874938082 72607.1363863346 0.235390852526295
0.236757123572452 0.883131467909464 0.28747205463297 0.822297570514755 0.0228266316801493 -0.0491107466035581 0.214814414671701 216177.46072596 188582.62860953 75160.9609167771 36621.5031354725 0.126358750222906
0.376857195810145 0.852247197475861 0.492492967203542 0.619818181807733 0.0874869575538622 0.17931326648866 0.316535971463784 145790.500518239 96611.275148443 76856.3764904777 61846.4368641748 0.350685360312486
0.468496372423653 0.855754950674181 0.335999077179724 0.591445954726577 0.185223425287126 0.235552850737801 0.32302541626053 109827.109269809 110910.949229105 81959.4258217201 61471.1296898659 0.303905163066219
0.421499578137951 0.836606341186451 0.518487273104644 0.514160337826826 0.116170399383235 0.160590087398721 0.188286181650474 151653.358527052 116543.271614914 83938.6935563701 29157.3636416331 0.21237684998054
0.20372653471115 0.647226944351308 0.353271285363397 0.382349893640319 0.196491972821281 0.127606832012172 0.382218661037441 124523.16521549 90755.623989422 75950.5164162202 59782.0233084515 0.240501166722424
0.36196784878389 0.778536130139159 0.508782818883352 0.582442190534672 0.121170658762618 0.09375283186397 0.337895405361556 90149.629769033 119263.752126534 82173.6376858467 73288.8229045343 0.19077422944062
0.390496338084543 0.86896887320992 0.666971897878902 0.529997406645434 0.0558092333857666 0.170885107266857 0.372781763584949 137484.976898536 117594.10192946 79889.6528060716 38836.9135944316 0.375446642899465
0.441342655349201 0.693519870655452 0.517296339544336 0.490622561907661 0.098066793746205 0.117990718881843 0.357477670710536 155871.189720488 112921.465135371 81935.33330051 70701.629039755 0.259730251165006
