PE APC-H7 PE-Cy7 PerCP-Cy5.5 APC BV421 FITC FSC-A FSC-H FSC-W SSC-A AquaAmine
0.573115625049891 0.0361780848024715 0.270829347369618 0.451496562597306 0.414267153846867 -0.900306619109184 -0.0182333426177995 -1994201.38826904 203900.97367199 33990.8172324272 163222.064749225 1.10985788480464
0.509597483292426 0.911562653290125 0.361643006823408 0.815115615353274 0.248243252538037 0.596469092691435 0.524070058803186 164941.686621311 111718.321820666 96117.2628787899 58644.5570464029 0.728320063551076
0.310643315699109 0.57210906847438 0.322830872786099 0.167459402975477 0.0308286137000233 -0.0496450684189376 0.602984904608803 82918.3192027927 72419.5933355266 75168.2551367596 28027.4592970521 0.160908713294525
0.582113552174107 0.29643395915649 0.0826131404623867 0.521102166553307 0.176063512954633 0.359418140207168 0.404501625232438 105018.752647662 91465.078887797 74994.0587395943 70570.1122768986 0.721326789951092
0.777477067893711 0.255937187165899 0.345704064458495 0.588452246599599 0.253350246867078 0.367510091289261 0.496981401358139 162716.434770521 135987.951066274 78512.7075237063 114458.246682003 1.01099417466039
0.304366370332332 0.508668705921139 -0.0278078801518989 0.112096232033269 0.0301118796836792 -0.009139562881765 0.175311496788869 95208.989618738 83115.4786141225 75069.9961553007 35041.4053921413 0.0804112681244568
0.853083873043264 0.533075891790163 0.361582654513541 0.521279471633748 0.221812859770262 0.267303192031781 0.449667516016736 64592.4585243644 54342.8250180356 78036.5403007621 76069.455282957 0.804408282443978
0.619804022607213 0.606681129733702 0.224855821475436 0.471157197053324 0.205907113408778 0.211872780024301 0.355042841701043 119076.477978251 96466.342792591 80933.8394918032 80834.5672679497 0.31769859337825
0.55011535312169 0.956166905601894 1.08042410805499 0.506302365066666 0.210350712538268 0.3272227909008 0.389876211185357 194563.94488053 151711.382290776 84065.6232125587 121143.018325066 0.988580474997174
0.648642282442208 0.618323403159791 0.594663919310229 0.569563384985591 0.324220831917095 0.368124839321772 0.767095770571744 134538.7991185 98491.9232234999 89487.0845056794 144014.037784385 0.505237470101554
0.0326592081880062 0.936967094070472 0.409613101011215 0.771414578297538 -0.00820250975536407 -0.74318540655254 -0.150859201071538 149291.84261686 128382.278980886 76630.2966462383 42312.1760024188 -0.791946603689845
0.723969423013778 0.609968676744476 0.411153309735674 0.550334294233604 0.245061008028085 0.315580750406428 0.425853377692179 134054.969708591 92219.1291358602 95427.5938389901 113602.51333758 0.852733358753474
0.317018676098624 0.875926273440071 0.489644886795426 0.309429646035971 0.0308126442323473 -0.0453982413861162 0.188730492594054 167077.056241389 147127.590519444 74437.2055148208 35907.3219338076 0.0684767352930361
0.431772129828861 0.927874161443396 1.03112926086525 0.107829839186161 0.0673645262589868 0.181486872315965 0.256711903584906 95041.7790501116 70170.247263132 89806.7475982457 69041.327189925 0.541409452632553
0.625155230709471 0.436751940402625 0.525313080274423 0.493837862697768 0.180169005868698 0.305654137871432 0.391557726620023 119355.646470969 96926.9911563319 81473.5227366169 77174.4985473235 1.01937839647331
0.103219593746123 -0.0172817691770239 -0.287132694413327 0.198656898746453 -0.132143279729459 0.00664050373880229 0.191276570797724 137507.260097561 63204.2271324428 144823.031555688 1027.59971266701 -0.00908795566233543
0.669832571364399 0.63802668959268 0.726678295767884 0.622769172971459 0.429176149961288 0.750542556899069 0.778175425973598 178736.832942716 133846.657505481 88319.8029122092 139335.938240519 0.551850993889342
0.426296788578254 1.03787082951947 0.886499379060555 0.717351810645753 0.204950146788123 0.296875807592137 0.350877672522202 214358.587379077 123255.060450893 114935.416171343 101979.199816147 0.924793712599936
0.584058294171826 0.658178914589639 0.521569914459897 0.389300195676005 0.274360721833528 0.215229838317164 0.661142986507648 128153.261151064 103354.713432452 81277.2435451028 94658.3120783409 0.268875065003886
0.0591090299004028 -0.0404961429075552 -0.378807734753595 0.0520040689183348 -0.100192442101476 0.0795123959660398 0.12252068550853 51949.7146324648 48289.0623234259 71009.3245252877 96291.5459060673 0.117342129625956
0.334053622729383 1.01747948861128 1.11561744051172 0.431077424768609 0.0458490409161701 0.175593413159278 0.292167290087174 138238.959884306 115967.624550774 78234.2237053611 60261.6748976503 0.273905300821489
0.566529165607576 0.1231609327173 0.254712900226719 0.730908150151355 0.275173566775654 0.262879215985615 0.440992822054712 52424.9661146328 47906.2462695806 71506.1364629074 93717.6547254643 0.527550753618983
0.495429762324311 0.981564090218101 1.05934672879128 0.426891984937129 0.101861732200551 0.206724991768997 0.297439017612993 122184.03159043 91824.4543078621 87853.2782566108 65292.103449744 0.440404588640585
0.48816813225276 0.763126047333249 0.720999088124128 0.391417948912271 0.134350085748798 0.200913632531949 0.34615908848735 151454.221220193 116122.754903477 80370.8600901992 68450.0495333063 0.494337888125215
1.34246302565654 -0.0216843189963371 0.739187036979037 1.22363014521981 -0.416513719919021 0.0246973538311221 0.734247255466716 145900.17950781 108944.587805183 88967.9631686342 134192.951360282 0.758847536035491
0.302284214369394 0.952917174191288 0.456836636421558 0.635026765309112 0.0220812534416277 0.0785788064416474 0.131702504764535 151029.507533172 128829.828544808 77190.4333335701 43031.7341375032 0.178586439747761
0.359063908598808 0.90478346776468 0.63724397122201 0.575501143264271 0.0576909455785454 0.357196304172354 0.277378775389874 131946.253258318 113658.631775301 76250.3655453951 24159.989407171 -0.227087804627867
1.31352432653858 -1.02817462761464 1.58787637132277 1.38607014431848 0.793739334466307 -1.09823593771338 0.979921312169887 190688.973134847 137694.962294309 90009.359837669 130337.590062286 1.30087568207021
0.671955257059991 0.976969184669778 1.07168955730366 0.564730508980428 0.268085864670712 0.418397256660165 0.455025230412382 179106.996641888 104165.981241636 112393.977508653 122076.388075607 0.847650797600476
0.644075086563458 0.76115483059928 0.54290192753123 0.347539016094714 0.347825910827569 0.331149850106569 0.680727934481947 132202.388438357 101349.726215458 86369.8246644661 115124.160877948 0.414663293350065
0.4797407056797 0.0756341514564269 -0.258612335069395 0.397203874355945 0.642048297425077 -1.51294808310935 0.207625201698022 262018.061349125 259860.201545085 66107.0976327262 261902.050150109 1.74869175399467
0.354493214099164 0.797403488010258 0.465404796684038 0.404438362898909 0.0681143538090919 0.238133947752885 0.320757910595002 134912.484084763 95107.2742418453 80239.2209867051 51292.0925356122 0.313347751509961
0.623284421129956 1.00273986724331 0.685863160094027 0.877407059667531 0.393272901759125 0.407892707649062 0.736641534129218 230109.385604573 122676.154729054 124668.923184359 174703.477517985 0.535774806829571
0.269263354873726 0.948224051906345 0.383137448695646 0.851072227695539 0.0708941708419006 0.0315290224536796 0.219637868228869 147500.786754695 126648.149800097 76351.7812933735 44169.1202908192 0.134128402060292
0.71935988515611 0.703921586897149 0.705081758302741 0.599799406741733 0.376458709626262 0.415980597067572 0.747890015757029 132336.180180811 80998.4864585921 107917.507733583 160105.456421234 0.616706605320461
0.611528434874932 0.604643676949098 0.584800572923763 0.462093899905336 0.307037003160484 -0.0537872986098881 0.714846209977384 144414.641925824 108985.932862421 87262.708826446 135688.24802833 0.0390722610796096
0.176779689147223 0.906828951733011 -0.0468979178014158 0.858384068761019 0.0927871619111779 0.0988294054951084 0.187374052400177 114704.050022417 100552.078451347 74766.6015645325 44150.9281016622 0.149183604047156
0.232745536123137 0.91017198541357 0.985830115564801 0.392494350307377 0.0532192292845374 -0.204435710526605 0.231873521340952 164773.445482366 136477.024465888 80282.5177843391 44271.8288507274 0.188137057711788
0.236249863818232 0.944036129214115 0.371203247031388 0.638033368563525 0.071165176569743 -0.0282731563812931 0.190685225291852 95964.7490458727 79537.1725506888 79355.7981746288 43282.3484215404 0.047046556445121
0.376620466271658 1.05227009441304 1.08806679404383 0.614770100995628 0.173645609527493 0.223883477845018 0.343790819481845 237287.475263868 175339.807257526 89009.7985459365 85608.7761570238 0.449512808921648
0.254415317274802 0.853270198599249 0.59934915087954 0.241462266034583 0.0322975072771725 0.116421900655183 0.244995431629803 149998.595821668 133560.726117934 73942.5321534136 75910.8412323517 0.829349823710848
0.243921252412101 0.859023830281107 0.291955104596697 0.629170698435047 0.0118113851203313 0.0821497519301836 0.206325356070745 132153.649550661 117655.440382228 73915.866696039 48139.9143122178 0.888814131329316
0.615049270828081 0.612711796468379 0.622123759454272 0.556929612197787 0.313385095178841 0.338326272508725 0.74395372779799 169004.346464644 130828.29122182 84650.7474023007 131101.127333661 0.481715832858997
0.669652092365585 0.928801485615299 0.922783663792417 0.61075993747903 0.419261161989475 0.440344946900427 0.743206012349971 233109.432299136 114241.087269846 135118.898595356 194346.76018194 0.56686897468341
0.29072984875522 0.856164067283546 0.999522448926988 0.341324808826079 0.0161754732395946 0.152847209486045 0.226146262807931 93010.3551223048 80396.3540355178 75798.0311804595 62574.6509270886 0.90249306717944
0.334567301031622 0.498032431556566 0.0965557395233714 -0.167199722852393 0.116815503042258 -0.73002980921861 0.215076469892227 129506.493099332 107458.483152055 79254.0782396301 70890.2959448855 -0.81978883790473
0.205747493390051 0.950166430164606 1.03232434738807 0.364082186131546 0.0297460182167156 0.0305814385400756 0.231068465952333 156331.206823674 139560.128710821 74815.159583029 57723.7204511924 0.23044549071355
0.164931627113313 0.848034214323197 0.826818367382289 0.279284478481414 -0.0250569952477768 0.398405647365586 0.245261085833807 105837.767801113 95120.2983647606 72568.07673244 33416.4704279263 -1.05794296510701
0.788421477733408 0.273172385685177 0.369084794766546 0.538279009255051 0.188993693899168 0.314400728257461 0.443431754593209 97643.9410050488 80846.7248850388 79202.0576247634 100838.206405395 0.929710900121264
0.79556459969709 0.300035632257557 0.391745343526903 0.58866255359472 0.265831185157057 0.0513957477039451 0.48366694101373 131569.537287941 110790.210704994 78300.4939571883 103806.046858106 0.964125417734318
0.275919554874986 0.965288080083838 0.389410377342919 0.869899529724884 0.0906731110772481 0.117187338014571 0.227637813765305 107398.100515489 89722.7056468469 78506.5213031049 49582.7086895387 0.160598294683248
0.738655111013312 0.794504356689003 0.579801338341086 0.514192864030746 0.34973704339023 0.302992445145567 0.625175845400661 175379.946073195 144114.003994366 79801.0979250867 91462.5930008449 0.371395885100095
0.244284617380889 0.881690050123986 0.0870218379835277 0.87699005914649 0.117596991542469 0.10453478344642 0.230404764941437 137825.373900303 116865.935727294 77511.1613008359 44885.030796197 0.164315217421537
-0.09298819785018 1.24793022771804 1.27194399533994 1.10826503813849 1.00590409121054 0.835229602951325 0.627667407141024 208815.902184856 163330.853796259 87217.0924339151 123481.737459795 0.627489496883404
0.596888057935718 0.999747957387847 0.596297003132723 0.886784887103863 0.271936998869437 0.300788295065473 0.465471101436138 187186.952568155 142080.917769244 86818.7981604468 106950.117854331 0.61167185777357
0.207444952586099 0.0661126101169346 -0.186797456357608 -0.199102293340229 0.0978552872418645 -0.342370222966121 0.221254438435258 76452.8442879053 51055.2134658046 101548.481347881 71176.4166393998 0.545605960342627
0.355799320756616 0.604560916004154 0.604741925823449 0.25930614202396 0.0791050855204615 0.283829269532759 0.520330165242386 125346.255868012 110198.663112334 81547.8830585601 72640.2548184557 0.452942012072183
-0.037046559748866 1.02819368473001 0.519696337453149 -0.137507896857507 -0.0893906213632487 -0.710997213876088 -0.102904018234759 147577.115762776 125897.617215205 77477.5777284592 47407.8847190179 -0.724730120873994
0.462651237512258 0.360996460836925 -0.181949198368024 0.348305858944275 0.0551636870179646 -0.00592960880880457 0.215407049250686 135346.094508906 116458.775590142 76292.6734265596 43688.7429459405 0.110760741697623
0.662554165468287 0.557605191429579 0.565985438584603 0.619855125266414 0.33354186969902 0.585604928761239 0.674750373439927 147136.890498498 109166.061715845 88790.6066361771 25061.4207011625 0.665641138936429
0.377608507240751 0.733695887534905 -0.112290180782433 0.649776844804447 0.294890432314207 0.319350933821094 0.329673745257002 225286.759856799 113430.218264258 131419.978316071 113218.622839024 0.436301451995325
0.26809055526304 0.980033558762603 1.06392551753521 0.376559414647806 0.0481731223283951 0.16643343587613 0.252199159190634 87628.2410405632 69514.4129604373 82558.8163611439 53708.905945143 0.196723178228037
0.376205035116445 0.514187351074847 0.0302902855870241 0.459659199187478 0.145385352722066 0.120404357910612 0.332376651118702 193483.973971881 157145.635948129 81031.9887163609 67870.8481153817 0.303884789962299
0.373647208297511 0.774226740648258 0.371244782581042 0.547870414211904 0.170605043645656 0.142697966900472 0.323594148604224 120225.552625584 107265.069832233 82952.9926138829 56927.1046434178 0.369408848554587
0.587066114846953 1.00535569454795 0.71344998520984 0.718249237640208 0.248616025599026 0.291829404585242 0.37389783261058 166666.019377246 88460.6917459203 123059.923148287 100824.333236123 0.640730550068053
0.626353147401815 0.222760978884489 -0.0878346661540214 0.558474415928125 0.129011624368392 0.498825886729142 0.454133755252861 54479.3589393212 48558.3417614436 72988.1083688544 37838.1724871097 0.727421525815723
0.331735270351088 0.800130157993842 0.239139882146109 0.527109832968616 0.0844490326981019 0.0741303742387251 0.399001360921478 124291.697761859 112668.310172192 78607.7150287406 72222.6926123488 0.397937234127385
0.336430813387068 0.926330772514199 0.525095242671859 0.645099680467201 0.0616106856512489 0.22143204902266 0.20943636288604 68734.304349057 58484.3859293577 81959.8408197271 52145.1221353523 0.739355507628269
0.228633877402158 0.990582036040991 0.452878372048214 0.275799607796185 0.0319926121636805 0.196584438196039 0.195418354096025 73417.3356453913 63088.9435176626 76553.2420889876 34354.4133138407 0.77570068733101
0.71851594390435 0.789829360555515 0.708691755453855 0.664949562608614 0.405091645726933 0.436784711584987 0.734322610717193 262073.599312171 242512.17318693 71264.1159708529 179083.138653061 0.682707071611992
0.584731524192074 0.828744019616923 0.662742246783891 0.512000008542775 0.115645175727006 0.110163200022323 0.31945829537435 136430.310108178 112219.781914441 80361.5558228361 67986.6978217342 0.296570743927218
-0.242972321759864 0.923875479329755 0.459693482578369 0.388531857256111 0.0365944594419498 0.201448764469687 -0.24308378457456 112079.969324559 106403.128229564 68464.4465634761 45255.4302267671 0.185320697591434
0.587426473461519 0.491681747459539 0.134149248448306 0.545379537782999 0.309217631355269 0.449238980495787 0.720402566117959 123019.595824001 100908.663065106 79797.7661300738 118640.176102137 0.531536434355664
0.328926573826394 0.777494132658779 0.669539120827507 0.57155428160731 0.108197302520337 0.148278159001442 0.312573964743756 113652.288647963 88187.879425524 79180.9402312534 74025.2436964616 0.350217923219706
0.369479243374502 0.469687856976173 0.857343896124985 0.484818485641657 0.228890626675668 0.229663126546008 0.3821293852748 143250.864722183 113529.473756173 83094.7328492372 95157.9305045537 0.357605996955305
0.38201984694676 0.949769658690336 0.69391055799427 0.609800995425356 0.131770220673743 0.0285973710726104 0.176706548868996 69372.2508999589 123674.883969486 81726.2093827247 63500.4271901156 0.281627701696397
0.529649528748697 0.990660364534466 1.05234185317636 0.394859274719901 0.0954460482807284 0.223304809764876 0.642110733242887 133883.826155392 106989.562220137 82411.9409411802 69123.9615446281 0.382870537709205
0.106134620128531 0.741009868232334 0.221042254864701 0.337314432509737 0.170576319712431 -0.0888081626275864 0.210776250915963 110997.98021135 75592.3620486911 81014.4315162118 42028.8007871222 0.0698155040523962
0.366494983333928 0.778736073083535 0.680600307991533 0.456058739475675 -0.0233485953222067 0.1009033804438 0.255656228847666 145585.909360455 90775.8515687984 78839.1336540619 84186.9564244153 0.264665994079216
0.361039880738708 0.858006793530163 0.650195950455245 0.580637241451637 0.0471248151819783 0.0641725795541908 0.435653862509125 154018.231880117 119028.086857098 79892.6794830619 69376.330141563 0.385942521586172
0.627508401202884 0.596414582037239 0.633341809713693 0.567804948387057 0.312234715809906 0.332695780566843 0.759787281574762 220948.010177302 173201.780861329 83689.1908552506 132500.318606798 0.500213650314475
0.391511134283345 0.916588873287486 0.407360183960346 0.457944130970127 0.152141953328511 0.148371603449723 0.322301786573399 110032.261493356 96249.4650805777 77302.1829892918 61353.4574708509 0.353842110618143
0.306689226497467 0.409525186241869 -0.152502279132179 0.417002465396065 0.117825472942959 0.112966882727396 0.258553528696927 99992.7528953396 79270.3613848956 82750.6727410172 52697.5929978459 0.209247556813118
0.538561645031239 1.07110551605305 0.161141708474831 0.544935440663888 0.0512936749871959 0.108184751606032 0.38841798015091 110253.680130809 96692.7626068245 79368.4866006529 69789.115933237 -0.0590114321072253
0.224351603612668 1.00140809359385 0.507957359075429 0.630632357876562 0.245913142510248 0.222745432534873 0.28810299792503 129293.62647532 110878.605915255 76599.7102885429 33390.1802527286 0.236540547780779
1.33971003211103 0.522832537074472 -1.02592736871597 1.02531061396235 0.227889665355466 0.294665734690604 0.892845797677059 159991.59053147 132427.978652523 80891.1540354564 101904.148653853 0.463370178962215
0.590649034876369 0.522020168117744 0.728134654419672 -0.234672926261372 0.227115803526308 -0.0936662383842226 0.595343064308998 161060.391088841 120985.954432066 92982.3150665844 14945.6343220073 0.278904348605675
0.501097305953155 0.980900954742682 0.455488278456799 0.616536105212395 0.117971943830497 0.179580758689385 0.287057411426432 121850.905690992 89541.7222537051 89676.7411125849 62703.6806058788 0.414156030121894
0.4094974514691 0.354445440954946 -0.205915483400574 0.250025547376277 0.0609267058071558 0.0424487514100534 0.239558459642782 119185.156087636 99679.1098766697 79477.8811105073 43418.8514045885 0.175334472576069
0.7439164368755 0.948819880908556 0.674741951993001 0.555856458081351 1.2292195314837 0.306151399797191 0.750716027916527 128925.718022262 109040.034631431 77756.8176059356 47102.1951634172 0.130443872563496
0.237152212551147 0.930464914688398 1.00020495844327 0.357297008920237 0.0164159725730345 0.0443957133964849 0.23283859922501 167293.217374158 143793.1230607 76238.3113777211 41100.5046711929 0.151079459085197
0.000950899922117131 1.13408456558804 0.782855176477993 0.302066314545503 0.403028312944544 0.470086188883462 0.387128890918951 159620.744543726 127075.334583992 96406.3128121636 146852.612560589 0.58872672738289
0.645926138689451 0.688055091097795 0.746267834689543 0.00730064448285307 0.22224374808595 0.340931641869846 0.377386326324518 154213.869337124 120974.574622782 82979.0914808797 16954.3608738409 0.375267933899038
0.677661310678725 0.815125725270451 0.736024870021305 0.634908736407693 0.608884935157323 0.405158141640222 0.751883424859129 149664.314749921 111334.704198215 88354.1478454224 140513.89281924 0.520954219099408
0.226159467173503 0.684669332469229 0.467399480630347 0.540296667825712 0.0665680845506967 0.151028370601431 0.318845061619635 154524.196657934 102878.392410564 79349.2834005923 57930.413217816 0.327203576577843
0.653501240340122 0.602661089064846 0.665801983464724 0.525633770025227 0.37480148749416 0.409276257643352 0.603335051617497 136455.077462221 103395.609918052 86527.6154323622 129163.05902386 0.449128395322258
0.136652735790762 0.870701659095641 1.12230557214328 0.380338330481926 -0.0153441416239381 0.0825729259201253 0.259574046892794 251101.380442699 243412.494748558 67769.665484186 78601.0482208153 0.85704623372593
0.623199974391422 0.681821805064841 0.627719011246763 0.542127980363248 0.330218181844353 0.37597414079039 0.72943048617471 90780.5812033456 63787.2594546018 93211.0386737653 139643.310834991 0.475264807401428
0.636041995951663 0.735933576284081 0.461951755059252 -0.305639852124995 0.225095673096501 -0.710575271418065 0.599083912529801 110508.669927249 62874.2121302564 117128.131825535 136550.158623909 -0.0980738266142077
0.412679037122946 1.02988597461276 0.494173957548046 0.885116900501305 0.226304025087593 0.219553834326235 0.343051264524255 247307.870165563 186512.249053933 87355.4674905012 86889.3554498214 0.526402153839903
0.567911436033789 0.686705510193362 0.582133487386602 0.51864688843842 0.322049085907303 0.358036133406991 0.705710870568989 117590.644604418 91787.9378483765 84019.8981362395 129488.563583317 0.436010889152957
0.79491901609239 0.804347772945398 0.710226773461832 0.640439276993337 0.392733091460298 0.462888575647756 0.681729467768728 169181.949897871 85642.8271489488 129635.633932271 170728.395014874 0.904530711089097
0.432702493204066 0.739592269211833 0.373131484022125 0.45635362061318 0.188525866669603 0.334209287144825 0.385727046938491 143464.00058827 101411.075785225 83833.8820725902 87409.1942267099 0.706585748627385
0.30817373882663 0.891897949880866 0.616132139378505 0.417914547508311 0.131263421247024 0.0688036785515092 0.392489910218274 115904.399150853 99555.8283494938 80776.1167535228 53696.9529982198 0.321482604069867
0.463344381871328 0.879932544297263 0.409439136184072 0.317229806651225 0.459736011683504 0.185260317607635 0.383738595447087 192829.701954306 112840.752316385 92099.4001294115 49807.7922320789 0.652099034786573
0.370174095890126 0.755202193898172 0.647060765397963 0.43855368804411 0.17684657229288 0.244874628049063 0.318081626373662 117289.850236926 98376.3079504019 81365.8547827792 65981.905422754 0.428007819944039
0.413044424896722 1.06138561488273 0.526407458598592 0.935626866025698 0.244531558481707 0.235228637603821 0.345615959218123 238819.431804412 132244.034476611 120610.165063063 94505.8142357987 0.357998639413475
0.396654141495459 0.687727160349942 0.551373339755547 0.620796103547454 0.110418160404362 0.189088594191643 0.384052198930839 103332.67269834 102918.021454049 86229.7940618998 72223.6148644038 0.426494762208941
0.496464751371252 0.881054848977765 0.707970564048512 0.487002605881743 0.187871724559235 0.127001826710391 0.513122441682194 161889.844492151 111013.79910403 73708.7655855607 77027.6023533878 0.168109363546752
0.507274308190295 0.782194590160968 0.481334899779367 0.4835123612504 0.372866233226453 0.396243255287916 0.483338395413318 120414.519540828 96016.2661843844 82071.7474177268 67872.6942154626 0.519324159788729
0.218576861975473 0.972792366809816 1.0147314113969 0.120521216851446 0.021404182221113 -0.0354762685815091 0.191635872728548 112063.665595912 94712.9879642962 77731.1578733552 42506.1847301348 0.0152830998168436
0.33490832221701 -0.07899390620158 -0.494050154545172 0.628193709208085 0.259147334113382 -1.56929948208468 -0.13819223085401 238572.137854963 85556.796227943 195252.873218194 250622.486535314 1.82108794632705
0.317398274945057 0.783826170787169 0.340237490976786 0.599368609679161 0.134909257537735 0.119169460008262 0.228147323518013 134014.855596656 105441.920170102 78049.1411611578 73208.8709433021 0.169907386123604
0.300276592829689 0.405064180069948 -0.14939278226543 0.422925698786427 0.11864913109067 0.116771856476148 0.26202423445306 143677.925324982 122676.283791014 76870.5791167085 51787.2278452847 0.22098644252224
0.279704107313932 0.876714048117508 0.615862797055695 0.421283887999055 0.0939281522537352 0.158941357703443 0.320366888470714 102712.061530918 113181.648757826 82224.9772184612 96315.0697921105 0.453517185963118
0.355824275708852 0.831162251014966 0.257967820782638 0.60506937552394 0.0152823486826157 0.0768251877660466 0.188366963229567 60789.5201745199 52050.0253610865 76542.4406363314 40105.0040121141 0.814836318505287
0.297158752709489 0.515444424348712 0.246995026742429 0.453280957748528 0.0729913772881141 -1.10087010703015 0.284713026328745 114222.450342331 97881.9018927 75190.7962682375 43290.4792854949 1.25409545894138
0.334439096420928 0.836006203837162 0.396870982690476 0.564598169291718 0.136069831366302 0.0514342431978945 0.1936594037021 156340.994051927 121660.1157098 82289.5510880817 98634.1759712443 0.254556381223259
0.388847856049143 1.01992488713686 0.866275623227454 0.452117496688526 0.144559976541914 0.00413312941121918 0.163328638356168 108979.024091151 97506.5029424737 73509.9049668283 43113.313814525 0.390683689370848
0.352188889359882 0.796841616516974 0.635556264392319 0.470648020497478 0.264941573601051 0.106527855732018 0.354916379352591 118884.649851546 103491.694152515 73759.0523594307 86914.0564609092 0.312705871073494
0.217851209632222 0.875258383477498 0.905728139919591 0.174836752070955 0.0354688126234851 0.116817052837192 0.18934192114788 65560.5924447914 56205.1874080472 76831.6151185226 34313.1570235463 0.168729308431193
0.951210432629169 0.66073189803337 0.55589312970162 -0.505478317980959 0.296925912957315 0.319590504001943 0.579356138414869 115428.541781394 85806.5333640262 88787.2860879248 108377.206631531 0.600875803511344
0.377394284962317 0.838129172059204 0.281894051756619 0.497863602729913 0.021748279385462 0.137987960717859 0.223934910004676 97608.8320889478 84073.1749666855 76211.590846861 59367.8629135584 0.902657909698294
0.351831668118845 0.751099793771234 0.523472399870736 0.372140789152198 0.21502926764638 0.0741125768813377 0.33540067125752 94700.1403915854 91079.7370886958 80776.0034250159 46028.2876710757 0.275354252433509
0.338707491673112 0.733425663677519 0.755406265068373 0.645313318262872 0.0992924700028422 0.199514413308689 0.425283778508981 146693.567332095 93991.5008824898 74435.8463451184 88626.8216353535 0.166370914295778
0.406526776588475 0.916506500722919 0.281784505688229 0.475857829094007 0.128608063812822 0.215886493368831 0.524054059213268 126625.450672675 83096.3781483069 76672.3386986177 66941.6451050463 0.307158953369846
0.249126175122534 0.831320807687737 0.157877744825535 0.459827434636037 0.108228163344106 0.172868735038669 0.397496433402416 143813.245454369 96146.2765110634 82866.9729759263 70231.4482230553 0.263025359782058
0.408226207119113 0.824937933201372 0.475912771478009 0.496816141699322 0.0775617967363797 0.210531579944421 0.302037996544594 96415.961775961 119778.214663742 79839.2826188721 80262.8044659597 0.553685248914327
-0.0300727840797074 -0.175609529975391 -0.23807077759069 -0.0869643841498347 -0.091084919056759 -0.943565974415424 0.00195277880887843 261790.850988797 259448.328529402 66136.3671771476 261247.741389728 0.928922216301448
0.293766166492028 0.718762655596538 0.865772435511569 0.628247179097204 0.117281590116667 0.328723155691474 0.372240116745095 111096.679108859 121625.868874716 78629.1824858708 71955.0566187454 0.211662233092206
0.52898746440216 0.642718275114998 0.554599666177938 0.640444921682514 0.205679988395321 0.628814097047975 0.537703662214873 129976.053209544 111285.014437569 76559.9675394549 36062.3961476988 0.799427496722017
0.558926555720322 0.941570823030542 0.405185936087324 0.845243759347742 0.112154425416738 0.113693389820604 0.258811802883703 151352.208413861 125713.8662608 78882.7929586819 46031.1184581396 0.262711040466801
0.357603757938848 0.792304788740048 0.530550090340249 0.554848809160983 0.137662902212665 0.176404909128272 0.344973599127486 140949.507414167 133875.932726206 77742.9470853811 65377.501696114 0.184212860116103
-0.156373170814098 0.963896975692924 0.960191929747799 -0.182591563412986 0.170360715190532 0.141020140702039 0.337254145052107 149080.518852201 83455.7105804362 112434.730166478 78500.2811105039 0.672634463882012
0.347049886071463 0.0224094278720566 -0.220021060319954 0.3187373606451 0.108991974058894 0.110086488553654 0.287119094149028 64804.7737750747 57310.4297838284 71225.4399115615 256281.412781263 0.65200218024212
0.434011312833566 0.644242340038297 0.283680323872917 0.535534739009039 0.0764548241866502 -0.0145115316382327 0.352993297483198 122315.989049732 106948.668768215 80847.9570873494 76187.4083530229 0.340830388667871
0.37382360854722 0.888412909672846 0.829090957762475 0.344629446115173 0.147043351564216 0.135260855190914 0.347476587940899 141023.758594859 114193.343472432 79373.3665849596 60740.7082371216 0.163223539682468
0.734597046155008 0.830702297474793 0.75824653723033 0.622150982648772 0.411659633499126 0.441785125949863 0.747613536124629 204563.68125707 145096.043008489 92600.3310099218 160632.800408805 0.687463172560844
0.429156661812162 0.737892107896257 0.645595888717288 0.478463575917821 -0.0408277999488771 0.158166158781816 0.424534566925564 174666.081605574 105246.195014851 80786.1101092187 49344.2239891502 0.47759027044175
0.586748519435781 1.00500642863352 0.668168897597958 0.611295616372239 0.245147622246871 -0.0145274683645878 0.266500187407394 172980.076153612 136517.621176747 80418.3268816383 81281.2467046484 0.183789738176237
0.427261013514208 0.642195355586694 0.744972828004368 0.525415076076956 0.160811624766779 0.00305450427014697 0.27561176566965 138423.243007174 104810.409171865 80294.6180000174 56748.591276485 0.402013566452081
0.674351328184469 -0.716678888669343 -1.62006137107331 1.31272663611306 0.868631325074772 0.945456148046893 1.02188890209104 119848.844125879 93666.7109048964 87897.8984878364 241480.161917267 1.24252099167121
0.340147270743896 0.352636794094803 -0.0268536144559124 0.292669000207269 0.0779644641002462 0.142012214224262 0.275599024058172 161200.364920446 141719.260076848 74763.8406834918 81993.5737204178 0.915216911365881
-0.341709792938026 -0.359470675196048 0.499220912361765 0.281660835553572 0.153327390881713 -0.543954076782462 0.274665135693906 69496.9471810426 58111.5643963527 75089.0178668728 76390.4127621615 -0.0248730031582215
0.407609663057186 0.538839173746521 0.0801380794299574 0.552140149324148 -0.00768111591693058 0.088312125501251 0.524247845686549 135392.244115714 88351.3969764497 81155.3753311331 22314.4720651567 -0.223586135374742
0.457103824861725 0.984857545057272 0.976901058144751 0.4301648401374 0.0157608475923113 0.122637131997564 0.312091680298787 98836.3711666354 87694.1587188996 73243.1984288442 47445.8263012739 0.409020954214361
0.252985975407201 0.860355412848949 0.671572982184252 0.479052966108076 0.127630514171305 0.2144174558293 0.320607232363974 113248.937143851 106182.788419126 87800.3997489119 72363.7667349368 0.257957236046766
0.668201377827503 0.256867007986508 0.122696674056207 0.691644374573452 0.375541145775247 0.537300652492041 0.54813891067361 116747.740736294 87017.2071182593 85215.6490386632 152903.04982027 0.986437809693134
0.397625683343279 1.08809864460401 1.11174351594447 0.636040239764172 0.206070307635679 0.265664430535649 0.354152064816629 228874.006763681 122713.791653171 123751.331565708 95445.7743127452 0.361979139328135
0.444012024250113 0.875600222156523 0.512176037923323 0.556067043554362 0.169892952173891 0.154515849030441 0.286031764159584 136820.304659448 101983.525351246 76696.6981624535 78916.1282062383 0.354490903446554
0.653638101161419 0.772142158988325 0.574994674464553 0.724024987262549 0.754349177364166 0.629115344539955 0.587570000457579 196981.482347071 157914.669664183 86468.8066453297 168196.505590408 0.66330673936634
0.408399027537606 0.729075150181791 0.486466177066823 0.467753622337178 -0.0542388680017215 0.090261601042155 0.479649186294033 129723.134676216 112218.967285062 80673.8813414552 49721.2043276341 0.422728556827028
0.228587446641677 0.761968774980354 0.719797676967232 0.600874940359145 0.127891511136361 0.233399871019669 0.466287340857812 187482.337499297 102199.633154957 79925.1480227446 62612.1931906663 0.545791173752446
0.294182970177445 0.706640078446773 0.706726930070123 0.505484545157315 0.0318811867552968 0.1847906851303 0.248703517776828 160364.191609052 123244.686097958 81892.255121124 89460.7264750166 0.280456740833333
0.391656792168207 0.807800374746897 0.639861823553035 0.440784674603552 0.0717835415985793 0.238209158142902 0.32999795499912 125583.961945406 89213.0638072699 75610.6142828405 83978.5075391973 0.284081902237227
0.429415295672444 0.733909194626193 0.701493947916324 0.547513592763912 0.0456854044441371 0.0484508111566992 0.506860299176176 136007.317329198 110048.397583952 76477.3622707131 76571.2918326382 0.175395778019204
0.101478850935751 0.938111575789004 1.0258004044905 0.353512304537088 0.0137551240611642 0.183692866286851 0.182549414420036 104195.3142538 92909.7477266068 73452.9062116371 47274.6542103455 0.194448502370568
0.684845849942823 0.280526843613717 0.145869135538437 0.445944202158193 0.0960954393565267 0.216577470652994 0.33654081447157 55809.2333146327 46778.6520098881 78094.7249899064 66960.1116374415 0.811584616546404
0.314143855100442 0.721245776889057 0.545697159808363 0.463841517907618 0.162167152324163 0.271540620428974 0.286091289857938 122001.199565403 102960.304143266 79075.8607511963 83759.6694248864 0.262209022273268
0.368046968535488 0.952224034291644 0.748481355079492 0.343546522779114 0.175449273938444 0.0986216023462586 0.275507971145129 150162.138819169 119929.049725171 79742.0390889473 90645.1760584079 0.124744306204213
0.390646889379877 0.371978870715034 -0.110682839898398 0.374501995487109 0.072850968054197 0.185848098261709 0.262622612415666 112346.863678774 96547.7321749874 76424.8136665337 76028.9438855598 0.941348035199603
0.477962963669278 0.904417538145545 0.519496568259189 0.293637108358635 0.0619414045114531 0.14773910805697 0.339438970592727 82804.1809809498 117531.321992041 82531.0270030155 33451.7052438126 0.396708770295881
0.336079709113518 0.873770034716932 0.479551419778648 0.244360080975408 0.101894076702986 0.153432986518792 0.331153594618025 187564.748393717 104153.001942323 78729.3707433071 66734.5923714873 0.572342235026078
0.630311454801855 0.569446893583713 0.348924505442202 0.439590859946823 0.190780888270488 0.258962663397769 0.504150482730485 63314.2763317166 47801.0483455145 86812.7682407089 76994.0310332645 0.451739717167638
0.282302176910876 0.569481534280519 0.59825443290103 0.554572253024208 0.157224274582082 0.138046109639669 0.320325880932225 120410.121363366 90733.061364493 79203.9958793152 44319.798593143 0.344769874935387
0.46230535975013 0.851352197722323 0.547085123688393 0.579501674759341 0.0764908980744217 0.162229513516443 0.318049815419575 129601.893739413 111122.013713888 72987.3273291862 102419.954161636 0.42907447952371
0.203531837436547 -0.0923957340651147 -1.06053277496338 0.312692221391984 0.101909578796803 0.111957190578966 0.142595859656302 123548.202131103 112795.326149995 71798.8050877692 45910.862686939 0.19540495802459
0.341736240843967 0.715572304828707 0.651844300881721 0.33268170701206 0.240050959819649 0.282108599132578 0.268470102360465 150051.003806381 133234.368188608 79824.7247433648 540.174104514749 0.175234024325216
0.322359391206389 0.82957927151343 0.557076518026132 0.448167505259197 0.145661065322395 0.0592762929909104 0.339864298858341 128725.913218352 120171.692631371 84744.7176236914 75144.3509755104 0.239223439192354
-0.194002511400125 0.780011609671828 0.994888619012304 0.124158182669849 0.0518793843499827 0.207568133123126 -0.111602203692074 151651.385718168 146075.20031094 68203.0406449685 62765.3351749719 0.860052677444982
0.331022938137079 0.795380917262446 0.539271455365366 0.511377595316682 0.109693197703672 0.167535650527747 0.365940084305009 155457.440514837 99683.863903623 79593.4072254907 72417.0880017562 0.326367528332204
0.208637619035629 0.81094244743282 0.871327806263249 0.502998610017478 0.124925469787051 0.220370366743829 0.367464260287853 131049.269058509 89419.7582202442 84190.3895360927 53665.504763728 0.30263894816239
0.218068805618759 0.505958117873347 0.089908405463555 0.0521783505218926 0.00979961944328803 -0.160306483467092 0.116963582987057 97538.257039105 86789.7394132602 73180.3514831363 45155.5624670145 0.0325798735462492
0.417372392943661 0.423757583802763 -0.020388883910086 0.232228964760931 0.0190400949462099 0.0673503727303889 0.216087381530684 70966.5282032717 61795.4910037869 75201.8077020306 47899.7108160305 0.799011290458046
0.375013335657803 0.949638639587086 0.445518745299181 0.402025349697301 0.107309719892382 0.226997836529976 0.304402618311714 165618.983440166 98070.268368878 79148.5454574977 83725.7222070229 0.415600027902948
0.40840334312144 0.871698567976799 0.614370565578334 0.448746285607142 0.160877954788266 -0.0976972766506289 -0.12190649889039 79887.8909257342 166784.406613823 70089.7783971087 153662.229423448 0.118926349133661
0.344769929863804 0.845083609179535 0.511724045556312 0.57049137148448 0.0160506356740889 0.178293047768055 0.377462927833984 104117.536576301 98377.5102096471 77968.2546432654 87950.3039487932 0.276063380444185
0.69934209243707 -0.689419123283491 -0.320207293550608 0.390680601584226 0.58979444877759 -1.55829913460236 0.1926897139762 261579.497307989 259398.776120845 66204.1133043405 261693.842587571 1.76907283238222
0.749395566514851 0.888280315764492 0.575843519102558 0.523481544587225 0.460620696165703 0.272331729694588 0.478111611620913 134257.045372879 104431.089531126 84714.7522542707 93066.8602056019 0.369150150094664
0.288496761778098 0.843054867773605 0.562766310536401 0.527355180922881 0.121973400763962 0.234587696312999 0.351618830957239 149081.361394068 106484.676401939 83198.1096977607 59495.1860245958 0.302072263998795
0.337277387764071 0.635530758303825 0.535510242048287 0.513810764429907 0.0714292426929677 0.0977227397830017 0.34010924605715 120376.938334613 108067.758044193 84280.911014131 84138.0773366736 0.504403593724641
0.427384967340484 0.961907605641992 0.669815091583971 0.558058975484399 0.0968662143151072 0.0394342770622425 0.398733595305501 127767.299142826 111265.557034337 80052.6498981172 105369.086429839 0.333928320539022
0.353319465695536 0.756239291929796 0.57311553676805 0.555000095747565 0.0771311984291239 0.159586382524121 0.380914278816708 118979.635197052 96991.9864495172 77544.0577478707 66538.5871374951 0.492683109975331
0.293478153002436 0.979594733153755 0.44822006269986 0.497530401396776 0.044148339135584 0.116885466398701 0.243964037916775 126208.513191961 105861.437375136 78203.7187245495 49918.5339912645 0.19920323297279
0.629331810453279 0.663177351459558 0.39335684576612 0.497130679958864 0.1899960324812 0.24630437781938 0.38633047923571 216078.146660477 176705.08405163 80279.4126061163 94819.5083670769 0.5746118543684
0.248093328022869 0.892882915557062 1.05563654999576 0.360823893636937 0.0104305616827603 0.112866655253455 0.236761500836238 158663.889724169 143012.154232074 72895.7280673636 60169.4015000611 0.916983991096416
0.347251904011376 0.801093686458356 0.64906859729377 0.473828958309991 0.123938688354909 0.174994692885561 0.362623634096238 139219.454616786 114815.214390224 78210.5876564026 56006.2692376285 0.167737343920661
0.336500168534021 0.711939511591643 0.517928679470451 0.457902060160865 0.186063044268452 0.109554663903892 0.450928177604442 104592.089898478 116441.07173706 79888.2727468082 75145.5234379143 0.11347245988391
0.60882659761953 0.827809104938865 0.527281144939393 0.573661335306967 0.459963663206436 0.386183970742557 0.735105881462901 127494.120504674 96243.9097234295 87044.8757841188 169413.436044671 0.517319045374171
0.472789846785512 0.846369226470458 0.549515183393075 0.57195111241031 0.162723164745853 0.309492502323301 0.442947678179535 99408.8202648674 88692.2832147731 79582.0607212626 72979.3215032112 0.313880655162997
0.456998847189348 0.835224557374801 0.662865773607147 0.617501777099819 0.106435962003851 0.0254235142087531 0.557611752022815 75299.6540087403 120916.972411214 78169.8762946201 81690.388094485 0.356992384306602
0.26674399297705 0.852611333278033 0.966338420100654 0.21820405296582 -0.00587405361833698 0.0617822528126736 0.183971267528974 61484.1613886505 53239.3831052036 75669.4401671161 37103.6061062555 0.78289125593884
0.402123453851999 1.03608590338054 0.873806837145811 0.71061744620506 0.190163646085354 0.227307411199828 0.353989102278191 262003.047388249 239156.959669316 72305.6257407317 90014.4904533574 0.4841943952594
0.261362334954031 0.832275534488588 0.94579837839749 0.594630775999637 0.141843139864073 0.194024819268385 0.453444580333048 69703.6428770725 85969.9211574426 86549.8314667281 64212.2551530587 0.428528753533678
0.26355831879666 0.668573265144158 0.182727604632791 0.42088748698974 0.224118607680027 0.185934081669932 0.290174973717317 132798.636683407 113986.170698308 76488.0626178296 36994.7999376417 0.198761584426408
0.62774307215505 0.639944896918342 0.334318178657936 0.464632252786401 0.0433177523637136 0.110585664359868 0.342864408867801 172770.723886182 121222.211171762 76990.8622779476 56128.5405236271 0.570065299215073
0.184466068023617 0.850828848271254 0.949083394868985 0.342293621502514 -0.0382528888537567 -0.0657493833429506 0.22232593039593 228358.916321829 200072.811959457 74836.0587316693 35213.3232246298 0.139525346815448
0.341873218756144 0.747969345999731 0.549039500468852 0.41986103341186 0.113563556894026 0.241760685611629 0.378519158418616 124047.058574996 119595.731855234 81344.6976364874 83143.1792316195 0.231563950508492
0.784697173019874 -0.322787742818565 -0.428958968635073 0.823500280172007 0.986446194818121 -1.59255059243985 0.768286039592435 -205345.305997132 252177.419666616 6645.48533280214 256554.520019375 1.87595439087641
1.32106816210446 0.701278909464265 1.07366266984464 -1.11437178720962 0.588128865735144 0.166774215888442 0.668971997956136 102001.586971028 69865.6832609239 83392.0962500662 105148.515370126 0.710506882167025
0.495361277185416 0.797288895472447 0.726957166325268 0.532891980571437 0.045053547377413 0.155150250491524 0.449429179291135 126994.663341279 105487.659197014 77145.7020302194 78486.4453942495 0.362106851891291
0.628346307518331 0.950244776077996 0.887042705069073 0.682319156437116 0.382164935714039 0.396665195174044 0.691908645139738 261781.224029339 177178.548316044 97970.8621409221 172333.149949085 0.549827273822118
0.316923434880948 0.865984418654844 0.691985655630326 0.514168058876787 0.122969635592312 0.202506324451142 0.16931138451413 120136.381278061 101869.196659277 76907.2364163564 104259.501693309 0.363607975199957
0.223038184680434 0.866313394337784 0.857183479482001 0.311467629265238 0.123895347932667 0.263127777023937 -0.284686479635231 140789.191655032 121067.981368178 73139.0605661727 78574.7603846772 0.778025602764713
0.250409801867414 0.956424322197711 0.410140376902161 0.44559771399436 0.00573217571233525 0.00500069685298446 0.227958519192292 190992.291553818 165247.399582634 75801.3494907299 39906.6021339013 0.156083488320252
0.356879427455136 0.81435330421154 0.826405197680325 0.515373829041379 0.159953351461652 0.260125742065142 0.147137852992739 108835.813412222 117848.363563705 78038.8968381554 39470.9209892248 -0.0198296752753419
0.79177797588224 0.567922005383703 -0.548730073494796 0.738734701613321 1.06808695760311 -1.6218963319155 0.736994834773002 262069.788295504 259668.91310309 66136.1088462288 262003.77179986 1.90924824851352
0.679179788783515 0.581732464884536 0.523388749675705 0.630886944344886 0.500547468069112 0.923312583576722 0.661708234425868 257700.302105841 255790.827612119 66966.4457323454 108251.159725271 0.632383263078889
0.276709587937878 0.942979541395367 0.148610943707787 0.430056638427931 0.0692229493192218 -0.0292379057246626 0.447782442376219 106279.846994983 111129.296523847 82374.8874106631 110796.225462278 0.338515656524118
0.420000180502286 0.315686528221448 -0.38321340062843 0.53930936767151 0.151877728833242 0.448185135793522 0.392468608643572 135210.2817477 115474.838604115 76937.9036614246 49861.9517849505 0.548122788940445
0.241124835455008 0.973259365116607 1.04934776206408 0.357623128904134 0.0325248432449217 0.138420665288609 0.238214403881579 110362.39942019 92839.5106453841 77954.7824926427 49547.53927237 0.16971961918958
0.369080210384194 1.03774171094401 0.479823648300622 0.662595627904723 0.167750706928603 0.280827869446309 0.350318039553136 136136.582197922 99059.365096762 76112.7822602465 65083.1131702378 -0.0129358040974245
0.291732843311542 0.64629487543193 0.516614580615961 0.20940919980606 0.220509596243483 0.139148919630616 0.306841676666748 106579.318455579 104561.199238321 81697.3692823218 36594.3986789522 0.217568527070506
0.759161833234601 0.601611766182812 0.47241243983443 0.622858053748946 0.35936048272383 0.41433813701888 0.84237340131283 186611.318953933 132000.241434144 93234.8977927331 172650.970079859 0.580693904423772
0.244602330918445 0.938883637700272 1.02908592339271 0.032942923721048 0.0356378235775951 0.130367961717946 0.246107018872307 138005.415269432 115157.971977201 78725.5145713888 49497.8376436415 0.202316079194073
-0.127722811820496 0.957444293220996 1.0292392475637 -0.301055755698037 -0.0959663584555472 -0.712303046386018 -0.150438054880282 123073.106644461 105610.458195502 76704.6413633237 44473.4205287492 -0.81012518898111
0.529761906163332 0.728922002026347 0.671821007331093 0.496177766094032 0.129640984788936 0.144865847617839 0.434456812598242 60231.2442297592 92623.9885361641 81906.8910338501 64154.212524207 0.238806841304357
-0.214227012897074 1.53966396249797 1.39217080595109 -0.127275981116948 1.49822796795961 1.10702876824341 0.602879001242201 178555.036527865 135548.055342051 87264.8512526409 77999.5898477974 0.519329408424614
0.647714019089078 0.826832924539615 0.540008002250651 0.46449463577489 0.347722409174272 0.303704472969371 0.582935133640678 110841.73375563 90050.4460762115 80678.9088497809 85425.5678663793 0.304353417152473
0.469923977923478 0.959172941200416 0.709544773506392 0.650903435625609 0.112658507824912 0.143569563007327 0.309408418289847 142241.477820307 86639.8645917689 89207.9126962872 18994.4770523951 0.281986552874036
0.599955634292725 0.719187343945381 0.579674168258343 0.672398473201364 0.0728881009264314 0.12221957659057 0.422086144815315 119782.692199801 123704.020942641 87428.1545721936 61461.8932559007 0.408579059104337
0.412727031811034 0.947792037162841 1.0292733638746 0.546059614757173 0.106020967154073 0.49864484383767 0.430634422108389 120599.954184059 102640.090308698 77201.8073659342 46039.2900438404 0.58738281476047
0.286395106281982 0.279649080366653 -0.186030952496024 0.393627741690616 0.0633197157618423 0.025774405955134 0.240344113218537 206078.480055873 182245.842356234 74101.9116152018 45510.2532566301 0.173679940344119
0.585948289994551 0.792609300059646 0.543753464524419 0.529724905731884 0.38848382638718 0.38537507610003 0.567514756591087 105116.122062921 81436.4784075069 84887.5486777896 138312.656713208 0.4611065757842
0.0524663625749653 0.448940051691943 0.233662581964314 -0.135949933610862 -0.149590578986309 -0.150852748224265 -0.0269756524478572 120179.792244791 102192.212774215 77038.0752340392 -189.782963746554 -0.845349880881048
0.354772783840296 0.767990020619795 0.472353256578189 0.578786478612182 0.0880831352703808 0.115421289584328 0.388939250367155 96856.1097865087 99687.7447874773 76477.3758727785 81811.8172566633 0.120588944833174
0.369109313749179 0.163341002472346 -0.167791673494468 0.115831921922721 -0.0828474310641782 -0.0748595611529964 0.132266731011206 43716.55542976 41664.939483518 68724.568164783 12187.8744963293 0.292724227142371
0.632461003770658 0.655903855669855 0.605246555118227 0.633332597902621 0.347377747814105 0.565280684876312 0.728979143754511 134144.549255893 103393.192074767 85170.5168131909 119999.918405379 0.699785698053198
0.463694159988887 0.945813887684419 0.415156991924145 0.787694498673174 0.15401053578977 0.528140457609752 0.458752874112312 140501.181433716 119620.432242629 77219.8246568551 42401.1321691403 0.63571465824384
0.426904731328283 0.803404387189228 0.512025859242775 0.500933896748606 0.171437059868177 0.242457586705237 0.35079778070402 132755.381002822 98563.6081755483 83833.6858395663 73332.9171574785 0.181235796250872
0.693484602093243 0.619668915829277 0.462392962317702 0.487866703320402 0.308854536137935 0.417833237599906 0.777556140166346 69136.1250109725 51221.0018869607 88927.9345558618 102031.379679889 0.90548799055701
0.260438042898504 0.88707890156461 0.536070797439108 0.54992057464053 -0.0467674427984665 -0.00606813061648459 0.244172539770112 261989.432148292 243586.888063532 70582.822292698 41354.9315840596 0.204424304327807
0.753282366075929 0.905952212435659 0.753100974146118 0.690885394915542 0.390488131338413 0.416859317405687 0.618369935059044 261559.984397094 151330.694363083 114950.898931868 169483.876913094 0.773416515322223
0.513497840629328 0.502957216695785 0.22131109454877 0.461933133439485 0.245290528717098 0.415554053112643 0.517271936590768 128995.555413612 105829.955516741 80486.5123262305 84985.2244037587 -0.570343249479525
0.404734069871823 -0.472227124116098 -1.08210697623907 0.199703126374225 0.119307963248916 0.187555372905919 -0.0600427265362724 102828.717638254 101123.840214006 62968.7936065143 59754.844495102 0.824164919549984
0.48982793890307 0.773751856490673 0.828169368262205 0.586786443863595 0.267558274323117 0.170138255439076 0.254828827409783 167726.298223169 111400.153883861 76139.5874938082 72607.1363863346 0.235390852526295
0.236757123572452 0.883131467909464 0.28747205463297 0.822297570514755 0.0228266316801493 -0.0491107466035581 0.214814414671701 216177.46072596 188582.62860953 75160.9609167771 36621.5031354725 0.126358750222906
0.459962321333279 0.845673923705963 0.416860254192777 0.373169521634229 0.149778591575056 0.060651731964633 0.236733380759764 134856.816844591 110660.539783874 78608.8223609272 86662.6482700526 0.170789533230839
0.235021351522467 0.850857045615322 1.00946145754921 0.31641789454626 0.0169634033722943 0.0993286720258694 0.225315870037616 132286.771339564 117823.636195909 74088.3075485186 63496.8099460666 0.758716838920112
0.376857195810145 0.852247197475861 0.492492967203542 0.619818181807733 0.0874869575538622 0.17931326648866 0.316535971463784 145790.500518239 96611.275148443 76856.3764904777 61846.4368641748 0.350685360312486
0.325063502564059 0.415785228757369 0.191628946241344 0.27530231668439 0.0804877688309472 -0.243681469736676 0.220171616156773 160429.745811122 105042.59973452 104548.031878039 131332.058566327 0.413681998926561
0.468496372423653 0.855754950674181 0.335999077179724 0.591445954726577 0.185223425287126 0.235552850737801 0.32302541626053 109827.109269809 110910.949229105 81959.4258217201 61471.1296898659 0.303905163066219
0.421499578137951 0.836606341186451 0.518487273104644 0.514160337826826 0.116170399383235 0.160590087398721 0.188286181650474 151653.358527052 116543.271614914 83938.6935563701 29157.3636416331 0.21237684998054
0.159396974617842 0.893007516099624 1.02483488010388 0.0546404158523113 -0.00804401459759777 0.162190642383985 0.181671706710774 128395.854440387 114946.533179073 73633.5567375554 46293.780223394 0.901625614274941
1.14014268800993 0.732528397894326 0.65252583140937 0.645268717475356 0.3505709135401 0.349889395182503 0.726321429774136 137912.794480137 102847.668628354 88213.4183459095 108609.274587311 0.448181190622876
0.20372653471115 0.647226944351308 0.353271285363397 0.382349893640319 0.196491972821281 0.127606832012172 0.382218661037441 124523.16521549 90755.623989422 75950.5164162202 59782.0233084515 0.240501166722424
0.227911212381727 0.915346660367496 0.097065336337531 0.91009141389431 0.113188715499514 0.39173043261808 0.233185764373751 112818.170617995 100138.724028626 73997.9878475724 43728.871305278 -1.05243160414286
0.36196784878389 0.778536130139159 0.508782818883352 0.582442190534672 0.121170658762618 0.09375283186397 0.337895405361556 90149.629769033 119263.752126534 82173.6376858467 73288.8229045343 0.19077422944062
0.470999776458958 0.715703570325988 0.509703880133718 0.460455764005473 0.0796212073934999 0.213181944329836 0.350907966028008 91029.7659094439 114594.145027223 83121.1322104074 42438.1418517093 0.430758517293405
0.390496338084543 0.86896887320992 0.666971897878902 0.529997406645434 0.0558092333857666 0.170885107266857 0.372781763584949 137484.976898536 117594.10192946 79889.6528060716 38836.9135944316 0.375446642899465
0.327807834163994 0.972521392692607 0.43063915488296 0.871791336344476 0.105211475382715 0.17129316344599 0.253251666919041 89995.4961754993 69678.0626685851 84463.6902873984 58006.8771927232 0.245010394785231
0.404044090379395 0.773658640127952 0.408959399231772 0.606188132355724 0.0920686520752643 0.297975271539017 0.34209475332938 126667.306030502 86971.7629401414 79661.8371939475 79518.0190049937 0.228367418759822
0.468967567223191 0.879106496511861 0.552896160977197 0.764472576739678 0.141410253971093 -0.074706001946609 0.314412197270136 87253.0517218591 115458.139277389 75521.9677627262 76895.7618753509 0.270056640702037
0.441342655349201 0.693519870655452 0.517296339544336 0.490622561907661 0.098066793746205 0.117990718881843 0.357477670710536 155871.189720488 112921.465135371 81935.33330051 70701.629039755 0.259730251165006
0.389177656749179 0.700490425924243 0.580475020989848 0.550965033180176 0.0928208380272549 0.251361822412941 0.401234969584259 142323.602202974 119751.707716334 79561.9725536126 86411.2094312248 0.387632360656752
-0.464997430473946 1.24451560667092 1.31664841126802 0.363588577184713 0.741025918937694 0.69369236998057 0.122045001956972 243775.275966274 144958.119022484 111565.158626987 178743.211566959 0.869606479505991
