PE APC-H7 PE-Cy7 PerCP-Cy5.5 APC BV421 FITC FSC-A FSC-H FSC-W SSC-A AquaAmine
0.224175240445957 0.946766185470562 -0.229382143912358 0.55766390211569 0.0737135330090642 0.0678691732050669 0.247044357134925 155536.349996579 139936.149222734 72964.7595243652 36738.2815887098 0.173289331348318
0.21890369909715 0.950712782065416 0.26162862741917 0.545364125797246 0.091836688336478 0.0793034305495809 0.230064841227228 129766.298035648 113930.072312559 74754.8506692454 38729.6846796145 0.153522565420154
0.243908845625503 0.965996807276854 1.03460050276165 0.377106657819643 0.0808820555016013 0.144559150721358 0.256588403814943 129069.684083698 113264.053407946 74725.2286231608 42468.8323505762 0.181146470791642
0.476572700667815 0.950032027762682 0.920489593508588 0.405577544447897 0.700362474883454 0.380693382787968 0.761379061860088 141796.519044038 124336.106343004 75091.0047428717 39038.4808797289 0.212113165695429
0.0992951129778548 0.996224754875132 -0.00384407011473542 0.354555395213697 0.115985844284578 -0.328923375415586 0.232008434147698 118078.159684262 102504.822368808 76398.7797368239 40123.9073774656 0.150498481775869
0.220759548564949 0.960226680089409 0.261693816019627 0.964610335903313 0.0925063569740886 0.116099586631636 0.24015703524485 121897.319687502 105812.397723012 75574.3756811808 42182.7315286006 0.168835321125863
0.220784521415755 0.959146907525425 -0.0971449127963277 0.932629025657107 0.0945372142428653 0.108008980360197 0.251897106799637 147588.381638487 131382.369181382 73669.7031799764 41222.9614738602 0.176075520978466
0.306096495106364 0.941269389884315 0.581470663826228 0.568041355749266 0.537229275657732 0.529787124960682 0.297439646161767 137409.350762406 118381.20946346 76443.3076086424 33588.6943686232 0.186656613384689
0.230628287796767 1.04816400408386 -0.682296623240348 0.408277900458942 0.0762337742296924 0.124878806691567 0.269082800558911 132767.536172577 115479.843666484 75584.8274449553 45584.0901539806 0.198443908300127
0.21943746378782 0.985555878647132 -0.596663117188134 0.37742824224838 0.926225111490484 0.151060641921806 0.170346016373477 121993.493974832 107772.690746106 74534.7572943396 39664.2770688368 0.0562360880621428
0.153695677302948 0.985340541513614 0.156336027850595 0.621503392954112 0.160079148162703 0.149788283257746 0.292395030743697 164058.049784106 146557.139988374 73493.122038855 23673.0794507455 0.230890455187834
0.251988170628599 0.960960760420305 1.04458869859868 0.382454792287416 0.0894093114801827 0.156839171163489 0.262992722262059 105196.275189188 88449.2389096152 77971.9227602578 44421.9840465192 0.194113341978686
0.391622681375473 0.918456006201531 0.657996978897029 0.535111517053606 0.0759915750989728 0.075812966163764 0.360042891125397 90495.2960559367 99295.0010459155 75077.2209955594 65244.1882269284 0.2722952886035
0.255216808310268 0.832317568540951 0.40197624019982 0.498078036993369 0.25009223409187 0.11519754855665 0.354790301671707 157861.05572197 122027.243606578 78039.1609437945 56572.1863518804 0.216416005977002
0.860072791813639 0.932040760452697 -0.0216579845683519 0.890118836553135 0.600845717975515 0.120622881812582 0.415313856135891 141139.625979181 124659.626798311 74379.475560465 37012.0708215599 0.0924610407906771
0.193857703113491 0.962716840981781 1.01532222171924 0.356879235748118 0.0673223360677418 0.101353115259431 0.255634888462416 157131.293048535 141198.957570736 72951.3406839108 38788.6878696466 0.167625432147303
0.467060207635996 0.826500495944803 0.308636457966113 0.541976739965009 0.105479022812586 0.248443431250678 0.584971894923902 146948.350955764 98833.6903768012 78034.9792529228 39649.6529860446 0.0735251355576585
0.695779854184492 0.80166987752263 0.168438989004177 0.3181056620255 0.218427695843991 0.0772687306099232 0.540658658451165 168979.705844796 149311.564205576 74112.358465219 39618.5481336933 0.181233849378391
0.528698047919867 0.851195262009598 0.46456629908116 0.492764854662732 0.0823592416331157 0.117729346458958 0.530754921402496 119450.874936166 111564.738887554 75488.1503611709 58926.8523693428 0.32910338487002
0.192324269135268 0.944001887469704 -0.108345697230654 0.911438192283526 0.0752396280155309 -0.126540363470525 0.0963595605925741 126104.774963308 111734.77567841 74239.0455898134 37472.3947766812 0.0925508626796812
0.620259054119392 0.946290769010007 0.29820357996511 0.910343850771236 0.137366578653814 0.118951920810986 0.2871671115035 138771.613047327 116755.116107378 78197.9640694694 42237.9593477387 0.334801396726151
0.362011812629157 0.885577373956867 0.547718379278339 0.213979737021885 0.203381700849877 0.139638930420649 0.296835147939742 98420.2395222237 132061.703653069 72448.9140283677 36874.9469658051 0.417790780697477
0.568201714762631 0.848535386687423 0.474130836830232 0.421360594027732 0.147475549580744 0.00718491895813058 0.296778746416636 116998.362661037 87286.7934960554 75978.5969976726 50993.0770266746 0.297584282106075
0.445622568858975 0.826804334994361 0.516105544645259 0.633741022750146 0.125827723487364 0.089105170334502 0.416578947791571 103123.372360931 117047.241505723 76715.7951710402 42963.6075637484 0.424127506242728
0.231675223744725 1.04187026017099 0.241099104836729 0.400591989320232 0.100187001006941 0.14177007866105 0.279643550088595 127578.389669209 110167.392166223 76161.460725069 44880.0065080564 0.218663213578392
0.154115276911736 0.900909142620788 0.141452967508804 0.455033434191816 0.307804024546853 0.17697735929711 0.577795310644728 139938.520197199 112503.088709804 76334.7401586993 40627.2227366003 0.290364340528404
-0.474062415283976 0.976066697383274 0.141993370829547 0.471443496404039 0.0866307776442624 0.163143581360155 -0.037654259661063 118557.077986812 109421.897954684 71277.3794485946 40739.4732951186 0.130830309328675
0.222635323635778 0.959876226246021 1.01878901996018 0.201721922782575 0.0782497527646819 0.0183272738928804 0.174520359645319 121369.603464752 107161.020918085 74379.3286101415 37450.1523849955 0.0977023947354972
0.326348070432987 0.864309626319326 0.362114859735139 0.581754191335398 0.133758343744695 0.163248402290575 0.411865946524966 140336.527291185 116702.882540891 75944.8789870653 56719.4481499423 0.283914079949545
0.664208870745165 0.937701136600887 0.85884650493614 0.415194778333832 1.0880845460179 0.436773147981185 0.987909655976823 163088.393161585 144352.557793228 74290.0488550141 35261.2633946039 0.120613593352984
0.373276246300128 0.883275704302067 0.479929477514669 0.461713961757827 0.112093709225254 0.233114979869639 0.352867501472282 156035.60800318 117144.616186239 75130.4327062924 56265.8577987052 0.255825580221634
0.135880811884836 0.944727197571801 0.319237762590757 0.934163765846848 0.162852959763873 0.14819047058987 0.265249491804592 156256.868917667 140244.90104208 73114.9258738814 23570.8884479491 0.178012584574995
0.207833264647009 0.849882454587299 0.852283717818896 0.239697645874426 0.0780867875373088 -0.0411183224407742 0.122183247962363 109358.726252311 101590.589060847 70690.9257244642 23734.0036319144 0.0588835298162362
0.226268701725985 0.974980782125106 -0.60689823048629 0.975163409878003 0.0945541846899229 0.128119126422254 0.242333309776871 119439.156464244 103392.58624874 75780.5846618971 43681.103897603 0.173356247788985
0.24482263842411 0.957975618029241 -0.0187063510875565 0.88362331091811 0.106997679493554 0.132206458612097 0.259819163337872 106812.070110179 89290.3557826016 78572.4967622769 44566.2872894135 0.192176853411575
