PE APC-H7 PE-Cy7 PerCP-Cy5.5 APC BV421 FITC FSC-A FSC-H FSC-W SSC-A AquaAmine
0.224175240445957 0.946766185470562 -0.229382143912358 0.55766390211569 0.0737135330090642 0.0678691732050669 0.247044357134925 155536.349996579 139936.149222734 72964.7595243652 36738.2815887098 0.173289331348318
0.360908250357632 0.49923011377952 -0.0919962476999778 0.286816037831057 0.0763441636169084 -0.0327401786017609 0.167457952068268 127898.36494871 116622.776097906 71887.2934179339 27375.9937787974 0.0916528415347587
0.21890369909715 0.950712782065416 0.26162862741917 0.545364125797246 0.091836688336478 0.0793034305495809 0.230064841227228 129766.298035648 113930.072312559 74754.8506692454 38729.6846796145 0.153522565420154
0.186362432617037 0.695795646984803 0.117533250041244 0.468324246213899 0.205500460395557 0.134385389075623 0.300130802668917 161855.89306458 144004.898199905 73798.7293642581 25414.0462472865 0.217340260274773
0.243908845625503 0.965996807276854 1.03460050276165 0.377106657819643 0.0808820555016013 0.144559150721358 0.256588403814943 129069.684083698 113264.053407946 74725.2286231608 42468.8323505762 0.181146470791642
0.33957127652697 0.797421287131887 0.187944422991152 0.498364280648187 0.158648165268986 0.169354633542625 0.345505707862362 157725.878078371 117585.630817958 77128.2869185186 36603.3333578641 0.385094044189882
0.48484067034715 0.754998634217703 0.481547705711502 0.6898264875076 0.164912231798746 0.20441080734916 0.297051938229354 151633.647645814 110836.264619112 76999.610049835 42288.2582186174 0.365375152598852
0.476572700667815 0.950032027762682 0.920489593508588 0.405577544447897 0.700362474883454 0.380693382787968 0.761379061860088 141796.519044038 124336.106343004 75091.0047428717 39038.4808797289 0.212113165695429
0.0992951129778548 0.996224754875132 -0.00384407011473542 0.354555395213697 0.115985844284578 -0.328923375415586 0.232008434147698 118078.159684262 102504.822368808 76398.7797368239 40123.9073774656 0.150498481775869
0.395409385245779 0.827777834890631 0.504627877000708 0.551598499310358 0.163350197177514 0.138865325475919 0.493463437481555 134387.681008807 118420.078976674 76568.1628588623 64749.7464680725 0.268692716017206
0.220759548564949 0.960226680089409 0.261693816019627 0.964610335903313 0.0925063569740886 0.116099586631636 0.24015703524485 121897.319687502 105812.397723012 75574.3756811808 42182.7315286006 0.168835321125863
0.220784521415755 0.959146907525425 -0.0971449127963277 0.932629025657107 0.0945372142428653 0.108008980360197 0.251897106799637 147588.381638487 131382.369181382 73669.7031799764 41222.9614738602 0.176075520978466
0.306096495106364 0.941269389884315 0.581470663826228 0.568041355749266 0.537229275657732 0.529787124960682 0.297439646161767 137409.350762406 118381.20946346 76443.3076086424 33588.6943686232 0.186656613384689
0.97074287440098 0.524267642567626 0.271568548315072 0.179198381465538 0.208481900711071 0.138002823531465 0.373378922807773 117582.81110808 98972.889131382 77943.06608432 37745.1130932814 0.399857095069981
0.382419372390663 0.797129221338904 0.718308211042637 0.441913399764021 0.0386307683402159 0.159452400689165 0.445166668820721 132185.183775866 119860.404409773 75416.0561013703 48959.3344062091 0.259133359441136
0.230628287796767 1.04816400408386 -0.682296623240348 0.408277900458942 0.0762337742296924 0.124878806691567 0.269082800558911 132767.536172577 115479.843666484 75584.8274449553 45584.0901539806 0.198443908300127
0.21943746378782 0.985555878647132 -0.596663117188134 0.37742824224838 0.926225111490484 0.151060641921806 0.170346016373477 121993.493974832 107772.690746106 74534.7572943396 39664.2770688368 0.0562360880621428
0.153695677302948 0.985340541513614 0.156336027850595 0.621503392954112 0.160079148162703 0.149788283257746 0.292395030743697 164058.049784106 146557.139988374 73493.122038855 23673.0794507455 0.230890455187834
0.33930778591366 0.599929987608027 0.18908394833979 0.597619644800388 0.258831275131018 0.329930156751552 0.348308231607326 149359.179359305 120061.319998478 77176.2249476448 63192.8195339716 0.287829914012182
0.120924335946521 0.346494670869546 -0.617716431426925 0.290420589689981 0.150672515742605 0.121885961055756 -0.102469564284098 131964.1800695 124850.963164615 68746.7481652188 38003.53768571 0.346198350865635
0.260217798189929 0.589309391533752 0.0421425187951448 0.395211333139881 0.113262932164759 0.0998421710805594 0.29184808534668 166840.740080472 153683.93357626 71232.5321167794 44586.9121594091 0.192446673625246
0.251988170628599 0.960960760420305 1.04458869859868 0.382454792287416 0.0894093114801827 0.156839171163489 0.262992722262059 105196.275189188 88449.2389096152 77971.9227602578 44421.9840465192 0.194113341978686
0.247203338910899 0.49096096397626 -0.123329456823848 0.45363809311901 0.112808309250052 0.0646421214979414 0.273965668021475 112979.954234762 94801.8807572222 78221.7625387763 39205.090362183 0.206971161760855
0.391622681375473 0.918456006201531 0.657996978897029 0.535111517053606 0.0759915750989728 0.075812966163764 0.360042891125397 90495.2960559367 99295.0010459155 75077.2209955594 65244.1882269284 0.2722952886035
0.255216808310268 0.832317568540951 0.40197624019982 0.498078036993369 0.25009223409187 0.11519754855665 0.354790301671707 157861.05572197 122027.243606578 78039.1609437945 56572.1863518804 0.216416005977002
0.860072791813639 0.932040760452697 -0.0216579845683519 0.890118836553135 0.600845717975515 0.120622881812582 0.415313856135891 141139.625979181 124659.626798311 74379.475560465 37012.0708215599 0.0924610407906771
0.193857703113491 0.962716840981781 1.01532222171924 0.356879235748118 0.0673223360677418 0.101353115259431 0.255634888462416 157131.293048535 141198.957570736 72951.3406839108 38788.6878696466 0.167625432147303
0.467060207635996 0.826500495944803 0.308636457966113 0.541976739965009 0.105479022812586 0.248443431250678 0.584971894923902 146948.350955764 98833.6903768012 78034.9792529228 39649.6529860446 0.0735251355576585
0.695779854184492 0.80166987752263 0.168438989004177 0.3181056620255 0.218427695843991 0.0772687306099232 0.540658658451165 168979.705844796 149311.564205576 74112.358465219 39618.5481336933 0.181233849378391
0.672428091776359 0.691938774420957 0.334299722918338 0.417549222308599 0.220445113528822 0.201763126306961 0.544055197052822 99152.0357076861 85084.0701767095 76521.2621605919 61637.4787593721 0.263224602126316
0.528698047919867 0.851195262009598 0.46456629908116 0.492764854662732 0.0823592416331157 0.117729346458958 0.530754921402496 119450.874936166 111564.738887554 75488.1503611709 58926.8523693428 0.32910338487002
0.192324269135268 0.944001887469704 -0.108345697230654 0.911438192283526 0.0752396280155309 -0.126540363470525 0.0963595605925741 126104.774963308 111734.77567841 74239.0455898134 37472.3947766812 0.0925508626796812
0.620259054119392 0.946290769010007 0.29820357996511 0.910343850771236 0.137366578653814 0.118951920810986 0.2871671115035 138771.613047327 116755.116107378 78197.9640694694 42237.9593477387 0.334801396726151
0.362011812629157 0.885577373956867 0.547718379278339 0.213979737021885 0.203381700849877 0.139638930420649 0.296835147939742 98420.2395222237 132061.703653069 72448.9140283677 36874.9469658051 0.417790780697477
0.263760841747638 0.683842022495181 0.338479683752214 0.47156482872935 0.160715196513189 0.165701367313872 0.314022964075989 148728.716979615 91430.4433920039 78461.8107337109 63518.2499263693 0.170848692667949
0.568201714762631 0.848535386687423 0.474130836830232 0.421360594027732 0.147475549580744 0.00718491895813058 0.296778746416636 116998.362661037 87286.7934960554 75978.5969976726 50993.0770266746 0.297584282106075
0.445622568858975 0.826804334994361 0.516105544645259 0.633741022750146 0.125827723487364 0.089105170334502 0.416578947791571 103123.372360931 117047.241505723 76715.7951710402 42963.6075637484 0.424127506242728
0.510352971407282 0.671402259614516 0.350481103871817 0.306456133916741 0.103639960862228 0.0885140719371008 0.378364975414811 122721.111943629 116755.504195403 73180.0425143694 62578.6814381925 0.158223605053069
0.231675223744725 1.04187026017099 0.241099104836729 0.400591989320232 0.100187001006941 0.14177007866105 0.279643550088595 127578.389669209 110167.392166223 76161.460725069 44880.0065080564 0.218663213578392
0.927560367423118 0.441401977454148 0.173645695835614 0.417813396727198 0.196908249362508 0.12445685316999 0.377608637163794 108292.164839713 94131.9845664463 75134.3789413601 29071.3816802924 0.443604455620193
0.557311942101282 0.769632087142652 0.796372566871043 0.418433043429615 0.0271921910771602 0.220812747525586 0.355328367056798 173144.996225882 147227.863542717 74230.2029015368 63563.2884482999 0.102808440141661
0.559131607778143 0.758582397339625 0.518660590681351 0.568173588361285 0.121583736586826 0.223687888364192 0.460531322844834 156401.938666805 112547.125468047 77289.7894523589 59388.7451382215 0.221062704288375
0.154115276911736 0.900909142620788 0.141452967508804 0.455033434191816 0.307804024546853 0.17697735929711 0.577795310644728 139938.520197199 112503.088709804 76334.7401586993 40627.2227366003 0.290364340528404
-0.474062415283976 0.976066697383274 0.141993370829547 0.471443496404039 0.0866307776442624 0.163143581360155 -0.037654259661063 118557.077986812 109421.897954684 71277.3794485946 40739.4732951186 0.130830309328675
0.222635323635778 0.959876226246021 1.01878901996018 0.201721922782575 0.0782497527646819 0.0183272738928804 0.174520359645319 121369.603464752 107161.020918085 74379.3286101415 37450.1523849955 0.0977023947354972
0.326348070432987 0.864309626319326 0.362114859735139 0.581754191335398 0.133758343744695 0.163248402290575 0.411865946524966 140336.527291185 116702.882540891 75944.8789870653 56719.4481499423 0.283914079949545
0.0585001155449837 1.09902276065741 -0.103583438328731 0.44141135344319 0.145072506312357 0.178709560211978 0.516943099879125 143580.396475484 120746.244080093 70395.7847090061 45443.0701907809 0.335929601674958
0.256160549936702 0.468711898306484 -0.13005760755511 0.444973264769254 0.113477487170108 0.0643737833565284 0.274533938314407 159179.45309454 141017.565227777 74049.7917995724 38430.970067901 0.200733485483647
0.664208870745165 0.937701136600887 0.85884650493614 0.415194778333832 1.0880845460179 0.436773147981185 0.987909655976823 163088.393161585 144352.557793228 74290.0488550141 35261.2633946039 0.120613593352984
0.373276246300128 0.883275704302067 0.479929477514669 0.461713961757827 0.112093709225254 0.233114979869639 0.352867501472282 156035.60800318 117144.616186239 75130.4327062924 56265.8577987052 0.255825580221634
0.135880811884836 0.944727197571801 0.319237762590757 0.934163765846848 0.162852959763873 0.14819047058987 0.265249491804592 156256.868917667 140244.90104208 73114.9258738814 23570.8884479491 0.178012584574995
0.207833264647009 0.849882454587299 0.852283717818896 0.239697645874426 0.0780867875373088 -0.0411183224407742 0.122183247962363 109358.726252311 101590.589060847 70690.9257244642 23734.0036319144 0.0588835298162362
0.44265263032213 0.747136251535752 0.487187088225919 0.593188646200404 0.0939364832038105 0.110902417678593 0.270297348671958 138821.76117987 118384.661047341 76832.018002495 62392.6444096312 0.207214408573454
0.40481532043343 0.62727654154799 0.380658097447064 0.479121958216129 0.147381399569337 0.132272721680762 0.44283786137021 108725.730954812 129249.459084694 74087.039360927 52097.9187987839 0.282220007870751
0.226268701725985 0.974980782125106 -0.60689823048629 0.975163409878003 0.0945541846899229 0.128119126422254 0.242333309776871 119439.156464244 103392.58624874 75780.5846618971 43681.103897603 0.173356247788985
0.24482263842411 0.957975618029241 -0.0187063510875565 0.88362331091811 0.106997679493554 0.132206458612097 0.259819163337872 106812.070110179 89290.3557826016 78572.4967622769 44566.2872894135 0.192176853411575
