PE APC-H7 PE-Cy7 PerCP-Cy5.5 APC BV421 FITC FSC-A FSC-H FSC-W SSC-A AquaAmine
1.16931196492304 0.888533443358191 0.703289647296108 -0.509877653810948 0.538728573371295 1.00805262432852 0.674334268649386 -2347548.85632739 249313.565739759 5994.22502764657 -5828582.68347033 -0.837553896028386
0.224175240445957 0.946766185470562 -0.229382143912358 0.55766390211569 0.0737135330090642 0.0678691732050669 0.247044357134925 155536.349996579 139936.149222734 72964.7595243652 36738.2815887098 0.173289331348318
0.506356891653222 0.278125387368978 0.156069026598142 0.65811547077789 0.16275941558292 0.53521548133493 0.616120513467774 152673.952133783 121406.74464521 81947.486616169 64991.3268526525 1.12231285887574
0.699518286218619 0.764414480530794 0.426081101343214 0.589284063934747 0.253335197507798 0.318785682918963 0.653352449671985 207207.316644134 156017.74445054 87045.5233674435 118815.380074666 0.717686767319933
0.678410766376807 0.984503900935101 0.0822744906120635 0.961278776807921 0.154764101459845 0.225298693888278 0.393012710052018 167609.376765157 128077.457749237 86124.0703930854 75004.7842734104 0.616456592314128
0.360908250357632 0.49923011377952 -0.0919962476999778 0.286816037831057 0.0763441636169084 -0.0327401786017609 0.167457952068268 127898.36494871 116622.776097906 71887.2934179339 27375.9937787974 0.0916528415347587
0.834707550459626 0.400717408701786 0.430985931351235 0.579828440062839 0.171536209746312 0.253945765332047 0.533180891166924 145231.487374606 128560.508340745 74235.8175981448 84063.6105198575 1.00255370307353
1.09667119035807 0.816391194928027 0.687718936093327 0.747864759248524 0.304498666900288 0.47405784973797 0.659329860069891 114883.360948677 89251.1354170659 82853.5498823863 58000.851968868 0.981765162937534
0.543603156720868 1.00377652483054 1.0722750552297 0.574184974339857 0.289045834484588 0.390400698223813 0.691108945434858 261683.893207255 218210.637278568 79850.6778431242 137130.715829838 0.510212790362952
0.767529805135902 0.735873719644307 0.498347512954985 0.592146403565224 0.312759077587224 0.414201230403053 0.813479714361931 177107.287288549 120919.322235989 95991.1228855244 147268.617840567 0.753640795937818
0.100469540327882 0.884110985398468 -1.03556563484556 0.842309462013526 -0.0623594149590022 -0.0314211697491556 0.255994062772038 146344.602857897 136325.360810766 70563.8642226373 38021.7809081394 -0.994338144650772
0.21890369909715 0.950712782065416 0.26162862741917 0.545364125797246 0.091836688336478 0.0793034305495809 0.230064841227228 129766.298035648 113930.072312559 74754.8506692454 38729.6846796145 0.153522565420154
0.421487520669471 0.882375498013149 -0.800872935946629 0.469182934246 0.321963313518935 0.309397325444599 0.447689161549554 187026.242825795 159316.654842922 75937.2704290686 45154.4646537554 -0.708755864231087
0.795431795318507 0.93849735826909 0.833861840874816 -0.0314516030290881 0.118281884302747 0.148365563368987 0.338437313882561 112397.606233722 90620.7329202486 82659.5199716238 48460.9021852109 0.607294932597877
0.63957428018836 0.764028798521975 0.0619534698347105 0.532656356154671 0.0579915124574856 0.138760427982041 0.297769132376753 130005.274686739 132678.121476792 81024.6433844867 58621.0779981693 0.418339556981878
0.365153099129164 1.06401886384797 0.541352284499781 0.963145563866737 0.186720499836132 0.274816437223818 0.380594894093888 229402.577794639 176769.532121377 85759.3707702305 79471.1611204616 0.356669458064461
0.796490430053906 0.861589139682332 0.496151251399043 0.510396497907003 0.321312960652204 0.310827646381728 0.740138531542094 186029.625678751 146818.653422392 83207.5178282368 77599.8350621529 0.412594576103838
0.602409537467346 0.921953942986308 0.637446440226543 0.747822532575582 0.327692822741759 0.420376474927613 0.771371109164592 252456.943702779 125240.683110635 133172.1863008 159397.51149516 0.538920380559387
0.186362432617037 0.695795646984803 0.117533250041244 0.468324246213899 0.205500460395557 0.134385389075623 0.300130802668917 161855.89306458 144004.898199905 73798.7293642581 25414.0462472865 0.217340260274773
0.449600065612326 0.663974220218736 0.229669041413126 0.51347844978335 0.114486175400677 0.159480158324845 0.354723214455261 127857.865382789 111732.350960467 73392.1158161911 65012.8969959656 0.319747532260492
0.243908845625503 0.965996807276854 1.03460050276165 0.377106657819643 0.0808820555016013 0.144559150721358 0.256588403814943 129069.684083698 113264.053407946 74725.2286231608 42468.8323505762 0.181146470791642
0.443317435783495 0.736769259930408 0.320267544080176 0.541768519614256 0.0889733004377106 0.199359726823048 0.396463770862318 140160.275380873 106887.230395863 77908.7182498548 51695.5230984654 0.437771221172567
0.395674620606211 1.04039416910997 1.10101291003881 0.494266423560747 0.17496420104406 0.270636017707576 0.393238137246829 235635.677626852 169243.206062352 92258.559075481 81266.7383778807 0.362952192659136
0.621905939019823 0.849250761411635 -0.603826932920951 0.695317538863249 0.278033874016297 0.406693681139261 0.787412235842422 254164.051206279 238292.284429769 70704.1676201914 151993.327955522 0.627538722495782
1.37100107424663 -0.170852957049344 0.91514516178922 1.12120293160476 -0.64356643663914 0.317760320174604 0.834357857171946 153892.210374248 119055.909349955 85113.8353884708 107469.643489449 0.484411632414276
1.08870386556396 0.730551307025957 0.419628246236806 0.0176084996020465 0.287653571372911 0.276010793337197 0.617234701376566 148663.329057233 115530.193435136 84975.0595971879 79669.235060043 0.388801925843505
0.33957127652697 0.797421287131887 0.187944422991152 0.498364280648187 0.158648165268986 0.169354633542625 0.345505707862362 157725.878078371 117585.630817958 77128.2869185186 36603.3333578641 0.385094044189882
0.361489432426938 1.03554622168261 0.194233563704556 0.988838366325687 0.178445875006464 0.25331802896084 0.379371844454461 227690.029568892 117532.708605969 128136.013916739 80897.723526655 0.356433174125026
0.861591140434328 0.702258981531817 0.499392019399123 0.628792271823382 0.213696999957994 0.289265641008365 0.521883983042444 188170.807447737 111015.608007311 111841.526079122 130566.064297502 1.02049262720366
0.352242511820652 0.87779707976058 0.487025327999669 0.529888503765433 0.15275473035636 0.153601585628303 0.475911383175748 108442.580130815 129858.700782714 76463.4299746036 50402.6679743954 0.413552278192995
0.327672542981469 0.911605415420121 0.568904132816916 0.17458030130829 0.0945037680593336 -0.54754687280339 -0.0261582403553362 147504.575519376 128613.209509158 74903.3605664383 44235.306036608 -0.426140191713311
0.403954636241191 0.611431418622521 -0.0050497878166052 0.594480441573975 0.200623775515723 0.222368633503348 0.405953858893949 257766.015460469 159257.483493355 109533.221097256 77162.8923594909 0.384852489145404
0.746372956205036 0.565221904371831 0.431858320660334 0.152664432769898 0.244498322766047 0.330875735287463 1.03676656809401 151963.326881241 117841.02795168 85362.3699460255 100582.241438613 0.366308429097834
0.48484067034715 0.754998634217703 0.481547705711502 0.6898264875076 0.164912231798746 0.20441080734916 0.297051938229354 151633.647645814 110836.264619112 76999.610049835 42288.2582186174 0.365375152598852
0.691691997987447 0.690166853305278 0.310246406235427 0.522855471600261 0.260366920053272 0.382796527800445 0.773481848667126 77478.3442126599 54068.4560878356 94235.3297101634 123129.921923018 0.62926123898716
0.527054983472674 0.620282220125716 0.52105774180547 0.541302203000629 0.262889260673854 0.358986880848014 0.754726633108508 154251.539194469 113681.882911946 88930.2633520387 110185.674163699 0.463869892375936
0.227132092600487 0.975680325133126 -0.115587802082473 0.413190581126793 0.0762520835736003 0.114956942455647 0.243365670295892 96368.0790952494 79446.5466373999 80016.9995579199 42625.9758049118 0.194000068361072
-0.553570505857862 0.953675525910488 -0.596644384303359 0.868287893176015 0.240010399511948 0.217939331074136 0.118171939974764 255134.607606491 244038.36012773 68630.2602759701 83834.1759696556 0.347313873186546
0.476572700667815 0.950032027762682 0.920489593508588 0.405577544447897 0.700362474883454 0.380693382787968 0.761379061860088 141796.519044038 124336.106343004 75091.0047428717 39038.4808797289 0.212113165695429
0.520226107372302 0.697136508006202 0.597668218235366 0.465280364946902 0.244708831574885 0.455667794680766 0.734344685382706 60344.9436417207 43520.0918342397 91168.8737612774 93530.1892408865 0.552452098104296
0.204628898103223 0.954206848727651 0.00469956271328292 0.942894689866697 0.113810247801821 0.135778328307532 0.254138759531718 71039.7471638734 56168.3397736858 83523.6433182527 47151.6231330828 0.209525234476763
0.429579152131614 0.925465509411639 0.0696990902347603 0.513521472528238 0.0203825544639015 0.085122085766568 0.530464876152776 127304.543373489 119472.872286638 80704.6951023659 67118.4480379041 0.348204629390494
0.600928285145269 0.624656746310271 0.363182934994258 0.557424172901184 0.25448881443466 0.351229341134552 0.814846434883588 222505.809254952 174970.310427915 83365.5757499608 116387.338662993 0.497240139242922
0.390847599655398 1.0690787755448 1.09027990485436 0.65795830098435 0.184154593529484 0.278823378380651 0.386972561821895 241957.584136179 122958.415602419 129812.677623739 84083.9876832121 0.359761636600463
0.0992951129778548 0.996224754875132 -0.00384407011473542 0.354555395213697 0.115985844284578 -0.328923375415586 0.232008434147698 118078.159684262 102504.822368808 76398.7797368239 40123.9073774656 0.150498481775869
0.564115746693127 0.97354287420573 1.0266843880154 0.503288531677172 0.170411694593501 0.216214197336983 0.424890927749822 212873.372009367 130560.166002795 107606.687840045 98975.9281050629 0.959614569867404
0.395409385245779 0.827777834890631 0.504627877000708 0.551598499310358 0.163350197177514 0.138865325475919 0.493463437481555 134387.681008807 118420.078976674 76568.1628588623 64749.7464680725 0.268692716017206
0.231879013198312 0.58670085074304 0.390970308765885 0.573761491374049 0.21138259574101 0.184604766362996 0.408272800931678 118324.614556201 114596.836611209 81444.1265829951 47600.0264109148 0.629817340734426
0.888255860268969 0.406827297352011 0.472441291381355 0.4554630441718 0.140778629095341 0.209397956322455 0.472782112943662 63331.5696144883 53287.8356942578 77943.0575113355 72043.6148547387 0.896138714457239
0.822669829028378 0.266791317525064 0.0012506294703894 0.194256093571436 0.0849392434239856 -0.0478004801573493 0.190774356027592 59283.4976863399 56203.272707524 68900.2419466876 13382.2800968667 0.196014549195691
0.220759548564949 0.960226680089409 0.261693816019627 0.964610335903313 0.0925063569740886 0.116099586631636 0.24015703524485 121897.319687502 105812.397723012 75574.3756811808 42182.7315286006 0.168835321125863
0.573212255861812 0.557085329402178 0.121806247217562 0.466718245582994 0.155095525899582 0.181431812725874 0.360199979536087 142642.414394772 118759.031062796 78812.6067673512 66884.955584939 0.317196495994785
0.220784521415755 0.959146907525425 -0.0971449127963277 0.932629025657107 0.0945372142428653 0.108008980360197 0.251897106799637 147588.381638487 131382.369181382 73669.7031799764 41222.9614738602 0.176075520978466
0.306096495106364 0.941269389884315 0.581470663826228 0.568041355749266 0.537229275657732 0.529787124960682 0.297439646161767 137409.350762406 118381.20946346 76443.3076086424 33588.6943686232 0.186656613384689
0.39496906237752 0.394198816688125 -0.401956264592441 0.338418026196846 0.284564959834614 0.310791133969866 0.774894795160366 124793.721482273 106248.45731179 76126.8710134847 103620.950520377 0.355060494302577
-0.314910544433023 0.97925356752758 0.114047814104529 0.881795047398571 0.282169392168468 0.212833349599476 -0.0391170997104335 141561.035184827 107660.113518619 90597.6356583027 86018.2259556776 0.823841381828973
0.279909030623526 0.779056615667525 0.345618871707327 0.546611983400875 0.241763801244262 0.1781225872286 0.26183958188941 137204.282256883 106689.148903491 85442.0778107965 48499.1082548619 0.524301839527473
0.358647220731758 0.810677928061614 0.591509244213559 0.648377844448306 0.0753770405311228 0.113761629882753 0.506217258610199 134052.733369798 146364.269066019 80539.7769984991 55602.6523647612 0.200699709043948
0.97074287440098 0.524267642567626 0.271568548315072 0.179198381465538 0.208481900711071 0.138002823531465 0.373378922807773 117582.81110808 98972.889131382 77943.06608432 37745.1130932814 0.399857095069981
0.64423738844349 0.718273384854438 0.489411874752547 0.608071099088019 0.441690383706312 0.590122399044682 0.810213085213613 190214.256511576 143657.387609763 87333.5355960968 118548.592248092 0.547490991364567
0.374739683641147 0.99358949241582 0.418331874601113 0.813292964918679 0.123392872151647 0.157714464082567 0.374039864752082 229742.105311124 133714.47078431 114031.514473003 73946.2138995453 0.931340204019844
0.241588257728597 0.950510847626337 1.03938016890243 0.356364409834037 0.0915383300899177 0.132957900687467 0.258905773671581 70956.6153082583 56412.3403892368 82789.7634308568 45460.9330536182 0.208358805502413
0.344368740609345 0.742204687448798 0.603582836363309 0.406092342793197 0.196329091202571 0.184307065227358 0.274136064508849 155898.947877996 145735.907141103 69265.7948816137 221423.397530227 0.272368431622568
0.382419372390663 0.797129221338904 0.718308211042637 0.441913399764021 0.0386307683402159 0.159452400689165 0.445166668820721 132185.183775866 119860.404409773 75416.0561013703 48959.3344062091 0.259133359441136
0.39353447354411 0.909228119589642 0.182406470920025 0.68568964479909 0.100866410795547 0.0706574972815393 0.331116149432699 154257.747989577 123672.916539194 82106.1083061296 70283.4408950556 0.966824506039648
0.993770428125939 0.328954966671434 0.510715871845238 0.0787220821039289 0.141601214637519 0.163328549679891 0.4565522176986 75690.0752819414 64174.6971540178 77478.803794886 78951.1399710723 0.917255733785113
0.610859602189903 0.963805247077787 -0.587481172585606 0.7345737411737 -0.0353050948506943 0.108712312406486 0.873490168865027 161735.870959303 103685.658027065 102044.464875735 59504.8849848467 0.95497662362187
0.88911567712008 0.882132247350923 0.606723042930027 0.818499426703585 0.407518090555927 0.573919206838254 0.822682124364363 261737.129078411 227620.207568592 76453.4154591844 190589.133744016 1.03316717266576
0.230628287796767 1.04816400408386 -0.682296623240348 0.408277900458942 0.0762337742296924 0.124878806691567 0.269082800558911 132767.536172577 115479.843666484 75584.8274449553 45584.0901539806 0.198443908300127
0.777398162236855 0.768547186421215 0.564024109377628 0.620340718136445 0.336816879893161 0.426533953436529 0.808827099799247 262099.336874851 237127.848955985 72894.2631684374 168102.297498499 0.659789967297041
0.21943746378782 0.985555878647132 -0.596663117188134 0.37742824224838 0.926225111490484 0.151060641921806 0.170346016373477 121993.493974832 107772.690746106 74534.7572943396 39664.2770688368 0.0562360880621428
0.153695677302948 0.985340541513614 0.156336027850595 0.621503392954112 0.160079148162703 0.149788283257746 0.292395030743697 164058.049784106 146557.139988374 73493.122038855 23673.0794507455 0.230890455187834
0.501458533675714 0.863603953732701 0.263497128182549 0.545946005827919 0.160857699105851 0.0812634949552845 0.394284002186204 134130.938804817 110040.785658434 81097.5697397799 64904.457982643 0.298466241779441
0.33930778591366 0.599929987608027 0.18908394833979 0.597619644800388 0.258831275131018 0.329930156751552 0.348308231607326 149359.179359305 120061.319998478 77176.2249476448 63192.8195339716 0.287829914012182
0.861118564664273 0.782516807593646 0.570258450323856 0.490571917120642 0.325403153914648 0.281934797103957 0.535853928547072 128557.502553861 99155.7116988515 84991.0603723555 91637.4091322327 0.390152273835895
0.120924335946521 0.346494670869546 -0.617716431426925 0.290420589689981 0.150672515742605 0.121885961055756 -0.102469564284098 131964.1800695 124850.963164615 68746.7481652188 38003.53768571 0.346198350865635
0.260217798189929 0.589309391533752 0.0421425187951448 0.395211333139881 0.113262932164759 0.0998421710805594 0.29184808534668 166840.740080472 153683.93357626 71232.5321167794 44586.9121594091 0.192446673625246
-0.050876414046789 0.93612411550325 1.01629826878252 0.248269287571222 0.0156398391604612 0.122858031787237 -0.320773550593976 141725.601513509 121539.954030522 76823.6913202698 45617.7414124986 0.614526286823238
0.251988170628599 0.960960760420305 1.04458869859868 0.382454792287416 0.0894093114801827 0.156839171163489 0.262992722262059 105196.275189188 88449.2389096152 77971.9227602578 44421.9840465192 0.194113341978686
0.355913035417777 0.491934202196919 0.232844844740155 0.554939859789108 0.12856501103158 0.161626006957319 0.40359361704909 116043.636040739 128113.452582672 72791.4602016136 77515.9958655228 0.435876880666245
0.513952411966904 0.618597505238678 0.539005644616864 0.532959386711657 0.256335348064671 0.336544467658361 0.752885007971774 180986.660338846 141714.755543995 83715.8272347614 104791.066589124 0.448217601215316
1.05010812302454 0.978573391493116 0.87239691178214 0.704802032083602 0.891159057004493 0.2202079110375 0.7241001162208 256373.420517927 233547.816070516 72049.561877931 69909.5338949089 0.291718272731894
0.247203338910899 0.49096096397626 -0.123329456823848 0.45363809311901 0.112808309250052 0.0646421214979414 0.273965668021475 112979.954234762 94801.8807572222 78221.7625387763 39205.090362183 0.206971161760855
0.391622681375473 0.918456006201531 0.657996978897029 0.535111517053606 0.0759915750989728 0.075812966163764 0.360042891125397 90495.2960559367 99295.0010459155 75077.2209955594 65244.1882269284 0.2722952886035
0.368462334215683 0.741281440237556 0.0981232575200257 0.457818077527394 0.200550033505336 0.135716323912695 0.45690119109747 157996.385055824 122105.093311771 75277.9856848317 55354.397509051 0.399617832062018
0.553739738262102 0.606361900147407 0.0822042207304806 0.526264331874021 0.14329921787815 0.297819392088275 0.671691191481831 143416.208049581 108994.774645503 86428.1891087969 107796.5765951 0.430905810063398
0.255216808310268 0.832317568540951 0.40197624019982 0.498078036993369 0.25009223409187 0.11519754855665 0.354790301671707 157861.05572197 122027.243606578 78039.1609437945 56572.1863518804 0.216416005977002
0.897879244667211 0.348264073667368 0.146591770427603 0.471402873351797 0.0673875338608108 0.171828150959303 0.40740015653334 72340.4890075102 46696.5625469096 102989.376321803 64957.8588511361 0.698236139466208
0.241256352647227 0.497040239227094 0.0705436268398961 0.670000691848404 0.157540930076991 -0.428880777457173 0.0559076571971266 123063.544010386 108580.937477915 76086.1865080353 52054.6066007751 -0.460468701075106
0.860072791813639 0.932040760452697 -0.0216579845683519 0.890118836553135 0.600845717975515 0.120622881812582 0.415313856135891 141139.625979181 124659.626798311 74379.475560465 37012.0708215599 0.0924610407906771
0.193857703113491 0.962716840981781 1.01532222171924 0.356879235748118 0.0673223360677418 0.101353115259431 0.255634888462416 157131.293048535 141198.957570736 72951.3406839108 38788.6878696466 0.167625432147303
0.342939139489705 0.857744981324765 0.690890340434377 0.485264917009161 0.0695494512247871 0.171552646457336 0.513606473000914 129298.892709169 134532.285959283 75907.1444341959 87984.6150612584 0.301100395772361
0.616509350385004 0.665768341091016 0.407129567740053 0.636207094266501 0.457812266577422 0.713579460695165 0.585524474172201 148074.171398655 104448.51907177 91350.5942347523 141021.316148513 0.697040590809703
0.655302795143391 0.630951475774129 0.292254926529413 0.552060161659124 0.262372100868639 0.37216474803129 0.787825173447623 173546.704712816 130735.110005615 87049.7416973822 128322.059459345 0.5114868861877
0.467060207635996 0.826500495944803 0.308636457966113 0.541976739965009 0.105479022812586 0.248443431250678 0.584971894923902 146948.350955764 98833.6903768012 78034.9792529228 39649.6529860446 0.0735251355576585
0.661069832560706 0.574496513001145 0.50992518330207 0.465848610553479 0.228002929143585 0.345954624470088 0.970361059073184 155114.935226946 122632.254137528 83036.1809404583 108798.032745636 0.403622459018185
0.695779854184492 0.80166987752263 0.168438989004177 0.3181056620255 0.218427695843991 0.0772687306099232 0.540658658451165 168979.705844796 149311.564205576 74112.358465219 39618.5481336933 0.181233849378391
0.520619179501424 0.660928684350839 0.497998958424539 0.524451436403545 0.278600652660213 0.366251637911987 0.743909598521412 104641.34549034 74133.9700074471 92331.5085584054 115050.868500442 0.447331346384696
0.404267277514925 0.793797068567737 0.392130296684113 0.565056278343369 0.279900554028295 0.0396336405566171 0.505915985894426 148319.103233007 112431.789471636 74977.6979012474 74282.1665149197 0.335383710030274
0.353103668260375 0.974955329032446 0.233988604174101 0.981800484152213 0.160371494213613 0.228246208463182 0.379602777256244 146970.291398606 126532.34528417 76627.6774825216 137307.443672888 0.343573613185249
0.505315652582822 0.681096185897063 0.455184115616622 0.497186363791784 0.278648527793747 0.336387870006961 0.673633256036831 131285.80161549 104327.780477054 82608.6265339984 100407.289579276 0.399029021907028
0.659950451173843 0.828744207518666 0.593877852693917 0.59199880234388 0.260962879327221 0.317436802648065 0.621440096298708 162904.839402205 88678.0645180431 120159.7391596 111447.629252614 0.736504641907441
0.371809574338473 0.658407587948203 0.955473135800058 0.478505812995454 0.228377219406481 0.202085467566384 0.401666599727459 158755.642405789 129388.151556619 80572.6864982968 69415.9511167596 0.324155580188404
0.325797545977598 0.590354912111162 0.369025554548927 0.607592305849142 0.127941731785621 0.134022044252114 0.486727724870595 124434.155344747 120304.891890252 75008.7033441425 67235.6209208489 0.3559347334459
0.511080676335686 1.1375575402873 0.0289188763539007 0.574911890116415 0.0428900884561345 0.0719070904930495 0.605869713966322 127329.511424147 103068.036103828 73876.9492671002 62797.6180947723 0.336627858584022
0.519684676114059 0.744256912633713 0.542416259900367 0.634644977863069 0.15803961680642 0.57033919306727 0.58233535223398 134200.890852836 113497.990191386 77293.7323477711 43315.1733929922 0.801602076490332
0.674228480494326 0.99634713068163 0.498656550147573 0.953292602147457 0.319323592474345 0.402635759831645 0.7471313705003 261885.980323769 191753.198718279 93009.5027767527 146792.494030358 0.538465062699548
0.393242773745805 0.70435220466935 0.30809067913716 0.465748744452354 0.216936322594867 0.194832420636877 0.375028157632429 126334.551384311 125036.789150872 80582.0760208208 53269.6284280437 0.405631707819465
0.334892237633579 0.754275222321231 0.305579262302948 0.583269073988587 0.0943773127519806 0.210998794374407 0.439518029146339 124616.171987092 116437.289986237 77696.7861628868 66339.2013441194 0.42210264825701
0.672428091776359 0.691938774420957 0.334299722918338 0.417549222308599 0.220445113528822 0.201763126306961 0.544055197052822 99152.0357076861 85084.0701767095 76521.2621605919 61637.4787593721 0.263224602126316
0.40195763465416 0.842781329274079 0.45026372211225 0.602358037760251 0.0886984492636784 0.190000895039202 0.347731432573144 125394.412311047 112828.033935995 77631.045116312 92316.326664405 0.375514611689912
0.528698047919867 0.851195262009598 0.46456629908116 0.492764854662732 0.0823592416331157 0.117729346458958 0.530754921402496 119450.874936166 111564.738887554 75488.1503611709 58926.8523693428 0.32910338487002
0.346992508715572 0.695820393593693 0.376225906488755 0.617289805512245 0.145978037135109 0.184032682703559 0.404611706174297 140830.642190216 131309.243275925 80400.8130667291 64672.3958195271 0.383541737466789
0.28393088851939 0.681601415553848 0.379946808651146 0.533893620886481 0.249291933615168 0.316977313035047 0.446921366488183 159832.122474654 125075.574433376 83963.1526801688 110196.873192669 0.462561812873885
0.379117549116515 0.758649658483766 0.616162773992136 0.541810004099667 0.215657618046259 0.101471010672273 0.334166192917622 179268.317624266 105823.434073391 79516.5641630202 70983.9307438623 0.323244584742119
1.02676322837193 0.428743217875608 0.155094794973465 0.186240967839147 0.185017402753001 0.186383269124506 0.463863492290605 53801.4464750553 42996.3556971458 81998.9174007308 64131.8522713706 0.892416094570759
0.326193770445358 0.73586332594766 0.206860731478908 0.658061190269902 0.0499179660725877 0.197542904023087 0.452168448616786 182344.956496292 80638.5111527928 75464.5351087508 68250.6475255301 0.543548934098652
-0.52486311714885 1.54890100219939 1.28042803012101 0.494475542091071 0.953950003461045 1.34995260134941 0.458063273519464 110469.881158556 90073.0763866531 78048.8986908361 55748.4839176886 0.431257858843874
0.409768858757103 0.775275479542344 0.340700644761559 0.442128527652811 0.18708023732021 0.15533623613972 0.357494000746086 155527.716072373 113385.346206534 76887.2920534571 54075.9276887192 0.43054406005884
0.505298499300516 0.412947602760278 0.159939150362446 0.406271776891469 0.0895972528557465 0.0294438785535122 0.31471676674915 76980.4646832536 65419.5124937741 77066.0466205365 59409.8875185453 0.915719520044729
0.244684497780658 0.841057444076332 0.922671084327704 0.269515809534507 0.0522281902002362 -0.0900200554937553 0.161346802062612 75929.4098254573 68671.1043694814 72416.9922675586 29595.3570174026 0.826313886850847
1.29244605116389 -0.695758962786547 1.01452916480402 1.20756151144377 -0.785244308982136 0.379409599248941 1.07939206534119 244557.609058816 244507.729769987 68279.0660376515 146395.758013663 0.525883166397434
0.319115386497917 0.819469568747532 -0.0620819647631941 0.651095017626866 0.0448811699219801 -0.0783658919605419 0.190670906302437 70935.6447065179 63341.2807735141 73273.6745506593 34298.1393417156 0.85551644819186
0.192324269135268 0.944001887469704 -0.108345697230654 0.911438192283526 0.0752396280155309 -0.126540363470525 0.0963595605925741 126104.774963308 111734.77567841 74239.0455898134 37472.3947766812 0.0925508626796812
0.419899541729102 0.751456999511665 0.450690700756653 0.532880484969028 0.141366538210287 0.117691872279658 0.284605396668158 151521.841607248 110118.684697217 77644.1355959058 69815.9220258971 0.35380762512265
0.461155924458145 0.711157739000829 0.255658532576393 0.467582986039394 -0.0132442008357597 0.245968902075091 0.0832106557845522 143573.652805094 100955.181781394 80355.3509949828 37852.4021941808 0.248942881991584
0.761780465669405 0.272399238937517 0.480600964152795 0.478814108324926 0.0978094851195631 0.172098092098046 0.451484813390413 114361.725747761 97979.7692184382 76586.266089027 96725.9458661954 0.990575828102699
0.451103679113208 0.744319814905857 0.531225292367783 0.203014037033594 0.29937987051694 0.178371206566785 0.387594911436472 113849.620971429 136613.037451067 73976.3611799034 61212.6257845695 0.64472096281691
0.217566651963448 0.875487557630669 0.987768269897842 0.272265277955014 0.0537566311180804 -0.0249197125497639 0.267687269546297 132684.796359038 118239.660428195 74021.9428407793 56895.2475143429 0.869897583254262
0.292356933292095 0.737190599334618 0.588958203941631 0.597294217920855 0.0840870656244894 0.159726648426826 0.48627418435592 147548.148899455 108057.384349622 78989.3289236037 84567.4038276929 0.360627256033675
0.221721714985795 0.512317679827224 0.0557472132143061 0.156540396869265 0.058928609735573 -0.255137606431853 0.735103417792824 75383.8725248498 68736.7808756288 72343.2221710719 18672.7376788966 0.797476680265783
0.620259054119392 0.946290769010007 0.29820357996511 0.910343850771236 0.137366578653814 0.118951920810986 0.2871671115035 138771.613047327 116755.116107378 78197.9640694694 42237.9593477387 0.334801396726151
0.535345124866063 0.978404892633071 1.03657135402266 0.40244810652952 0.123128782144159 0.194830434130404 0.337430098121875 141764.634454587 113947.389416938 81821.6670815618 56335.540949824 0.451806981860699
0.592068771012905 0.662256243278923 0.205739064975414 0.499826270285894 0.0124620584457019 0.122388528047931 0.633679643188437 131468.006750312 91647.3420052155 79689.285360003 92308.0035616901 0.384924189184909
0.362011812629157 0.885577373956867 0.547718379278339 0.213979737021885 0.203381700849877 0.139638930420649 0.296835147939742 98420.2395222237 132061.703653069 72448.9140283677 36874.9469658051 0.417790780697477
0.615912498398834 0.878613897301176 0.627458220284732 0.702558083372282 0.110403510983122 0.0712864381161669 0.385564674336178 149372.550938597 108720.287935615 73499.4079157421 72328.4292921332 0.404990093389796
0.379457338441402 1.04725507187542 0.424360664069634 0.929933299660298 0.179328289415106 0.266622193817131 0.39554602354325 261331.719814957 151643.444784738 114061.376375703 81206.8095955977 0.375203894493627
0.790185497175998 0.376022982957419 0.50032147931799 0.530391341974621 0.126774625875958 0.216167480312383 0.490324581495153 106116.870720984 79005.1794556109 88445.8794178076 105664.691479502 1.02516402483944
0.364823320797654 0.76626269099062 0.571488770908289 0.677833952616377 0.0101925519185498 0.123561651106433 0.261159801321293 131911.540133927 117658.881767554 71894.1482741732 56842.0207289451 0.380394981786164
0.308221686652226 0.792174683678198 0.549346649583144 0.463744891933521 0.195305637238844 0.142274891145331 0.291277752171001 151490.10183852 118489.397904774 79239.4005218928 48911.1888388614 0.286969542502222
0.599501031162231 0.955427413243744 0.53329535327319 0.599677783201276 0.102324635231128 0.141084141837871 0.196891515175286 121812.287973437 87173.5173957629 79333.3628880066 96503.6520589752 0.642833860738531
1.00289808074335 0.849114972218261 0.297573176864754 0.353382042898034 0.514977779331068 0.872855612284754 0.767599726801316 257256.276173607 231785.076613909 75746.2895906058 212249.011659423 0.804383210287569
0.55677106245702 0.395631162654946 0.0979987656415878 0.271365670410585 0.082474963241527 -0.00186776625137074 0.325035498837051 145609.758524933 130244.973165039 73152.1489181868 65229.8785904904 0.795753363443563
0.33851878082068 0.841217649030185 0.745808070971816 0.605736618318746 0.175035577566873 0.128018808121353 0.294466036763254 192727.474873939 126291.549559754 78366.5064101678 36577.6910750301 0.388579374662916
0.349641861055457 0.705897291995608 0.427995157143435 0.505593777226285 0.113653734934843 0.245561478146767 0.530223875897059 136488.715682238 128683.286407734 81611.649952971 63870.4716061294 0.603213200931745
0.263760841747638 0.683842022495181 0.338479683752214 0.47156482872935 0.160715196513189 0.165701367313872 0.314022964075989 148728.716979615 91430.4433920039 78461.8107337109 63518.2499263693 0.170848692667949
0.568201714762631 0.848535386687423 0.474130836830232 0.421360594027732 0.147475549580744 0.00718491895813058 0.296778746416636 116998.362661037 87286.7934960554 75978.5969976726 50993.0770266746 0.297584282106075
0.304549932577289 0.807557283111298 0.389034152271689 0.461655566291801 0.168620405586353 0.230728068090947 0.535278846893392 132933.509529176 128543.907953539 79892.1843831529 53056.1054647185 0.529260629369978
0.500477605983838 0.807044350674248 0.283532641912429 0.48422524794563 0.0688550134595018 0.181658433350181 0.379104195157987 151381.035917284 95844.1486950126 78613.4044974679 73362.2606513782 0.386518323239958
0.78088756588447 0.693524048592644 0.375190491992238 0.585962660521958 0.296353503402983 0.404522868769958 0.804590282470475 188865.505229718 143765.500118728 85966.7270835375 152510.68553024 0.701627323244679
0.396372386200797 0.445575024635131 -0.0176397032146048 0.295938166405124 0.0587531189568904 -0.0483795664769246 0.200395118135359 67947.5920062474 62905.6171335714 70687.2159229373 29387.4214023565 0.787047265717598
0.383321248065104 0.804743433304448 0.576474363378676 0.515058284765943 0.203503062968867 0.261137726206654 0.40339593749744 129748.916853218 126006.145488104 78504.0370393072 64503.0686992868 0.366391162772514
0.28647555108544 0.650554218855422 0.358149763479086 0.519537718620157 0.128368844609036 0.19129158824735 0.348016570356879 122439.245117266 125228.017755174 77477.7713196023 42459.6909407385 0.484707997905779
0.39685951367196 0.324728859731161 -0.0276723809888685 0.241297152263202 0.0381251848610676 -0.0838531008908046 0.140787414228421 43009.6226887098 41860.7965931641 67321.461546859 11814.8532628075 0.317455728950945
0.303220831416022 0.725856700055996 0.446562341795391 0.377650737169726 0.0440374614416522 0.0813257699900013 0.388741447082683 120541.196673821 128121.171306231 82392.91562054 65724.3946093119 0.400622511190087
0.445622568858975 0.826804334994361 0.516105544645259 0.633741022750146 0.125827723487364 0.089105170334502 0.416578947791571 103123.372360931 117047.241505723 76715.7951710402 42963.6075637484 0.424127506242728
0.401221447998124 0.996134989236147 0.347477866584019 0.533276073136309 0.212355617013461 0.16863400989888 0.368072493178869 143159.484035793 116890.128338353 74997.633318424 59036.6745866921 0.462262545606359
0.517758653212728 0.844687156960309 0.526514747155961 0.297675024043266 0.149062119886369 0.190042606471416 0.284355376724324 145528.072595946 126538.53588043 78692.6523673295 60275.9466562377 0.417162746590279
0.409593833363159 0.804430814343727 0.336195300953728 0.384359409402445 0.190911796216807 0.243004852414897 0.35648054241985 154092.498670354 109695.171699591 80276.0128905077 64603.2708309909 0.356614191004142
0.263112944342472 0.58868998024439 0.359236766448128 0.473847573700489 0.242540797201799 0.123151783170929 0.282897523543098 132731.475399905 132418.383735968 79408.3444794197 37850.5499964681 0.249750793422165
0.531729797362697 0.288179250990926 0.478538597684979 0.480821682850524 0.0821700107371553 0.0605629170400961 0.408999749696535 163812.312181543 140600.978848304 76493.3496819928 101024.687072158 1.03766177401734
0.142636747710916 0.873848169997122 -0.0440735723682505 0.78227719636742 0.0553736422356648 0.00849869423963506 0.150969024537074 98154.0792339706 89719.7978293509 72033.1945637566 25020.9743589768 0.481794941196338
0.603179386144425 0.618962132565871 0.709869467580823 0.579364499990667 0.283589785866468 0.364008975909805 0.705897491337617 227599.206934157 173800.185576364 86036.2988882216 108699.179226036 0.516364340099032
0.398006575877767 0.482351855052163 -0.0783859603537221 0.407160496514688 0.121670224845692 0.089947043329058 0.27840464997654 77033.5796317262 59647.0183663035 84872.8993290489 43946.2824053183 0.229713755772351
0.472483062966026 0.736009135147259 0.837819620780775 0.575121360337768 0.24612660149108 0.222039387547363 0.527995598549387 92645.6391152648 105863.104095705 76135.8616345769 52654.1329180304 0.420454313020775
0.813633364526338 0.896260678541598 0.517545954615353 0.548963149261625 0.577214248848805 0.303765256999946 0.558015142199298 77002.4027780375 52416.7947444635 97316.6210676068 95225.5080273342 0.434374805014776
0.34872970136826 0.617324286172684 0.246104401213977 0.521591741347987 0.249510022556841 0.222039476822451 0.367619360150811 141951.885548461 121292.523780958 80253.5467156097 77602.4365961689 0.517980381104398
0.421611012929235 0.866610774056317 0.494982431088419 0.640422517065462 0.16790877998587 0.264410488590625 0.406319894323428 154050.521222355 103618.400751549 83531.0044962669 82401.9681478754 0.456564577340281
0.640431884859068 0.84319096271187 0.434671483385256 0.488137844360343 0.347409577533187 0.283771156432344 0.574044474820923 171186.329098697 145471.962457013 77173.0400543271 69015.6688395129 0.328428658103345
0.416159146670075 0.967600513141744 0.614452125163199 0.474803967799074 0.0883553615041883 0.270144885140898 0.507849498175904 152820.242146533 98172.4933579367 77230.9205408079 71817.3398622271 0.442188361531207
0.291430720505425 0.751322121033414 0.408255828339589 0.510763144298305 0.0826986639474936 0.153398616222715 0.353706466187873 136617.254108571 120037.727536168 79175.3365037744 49079.2705401513 0.417018616166271
0.485267263000401 0.843227097031626 0.399186861442504 0.306175786054091 0.237671825781713 0.154250141905627 0.449479388918475 164720.473077285 107465.449005986 73449.2062166809 77171.4176410034 0.41217102721266
0.781657695173865 0.401006052300893 0.551277990615872 0.447423901399955 0.141394193512455 0.212046848571615 0.474574312697268 101841.293629431 84800.6161066907 79147.1822791619 92931.9093986686 0.561234853160125
0.288010171731511 0.381052502567281 -0.116363731970936 0.367436169688914 0.053582872055943 -0.0335190751594613 0.262051447189311 126631.701621522 114335.019279402 72716.1434393419 51208.4612125379 0.93700353896605
0.510352971407282 0.671402259614516 0.350481103871817 0.306456133916741 0.103639960862228 0.0885140719371008 0.378364975414811 122721.111943629 116755.504195403 73180.0425143694 62578.6814381925 0.158223605053069
0.435875391555208 0.804106140489484 0.715048748147115 0.467655299287564 0.0480282431030645 0.147742043775287 0.415684531847344 127830.763902675 116537.296827145 79153.7697501592 83664.3803546025 0.283693858270962
1.32660527900539 0.581595821812974 1.28238771396396 1.25931181060137 -0.851993696644679 0.442638587110701 1.12587170836887 252039.871391538 120748.916217363 136958.142467153 188266.736836554 0.722790865638544
0.501452449450283 0.232055214766493 0.429876247849925 0.757724662943965 0.164299708703491 0.18822283585293 0.545827858389185 50659.72580469 46316.4327386002 70912.2273285829 121323.837701244 0.562568675690374
0.881780381496542 0.828080337374128 0.598069236308834 0.496204210759148 0.329225340929645 0.269693914259803 0.545344217481525 192144.266354956 159068.195485338 79334.1451579846 90559.060172018 0.385712847649497
0.271373744021147 0.835130802628739 -0.0840652324355519 0.575356119899619 0.0419436581853256 -0.0761412137405747 0.227672892288789 123398.325268377 111976.493169196 72327.8811800327 38520.3500550855 0.905809706644344
0.510052351677774 0.800048414039337 0.691915195983651 0.476169281868912 0.21565822464296 0.172915676767949 0.416953526860679 120825.899912211 106132.738568452 78932.7740316342 51317.2848768639 0.252037735306437
0.397846361945381 0.846464508830549 0.660980883419807 0.42508446951152 0.160496011331363 0.127920212328706 0.394994021535846 140677.156278729 118563.873566652 73971.134534616 60879.3581143004 0.346016546053344
0.0648104267430767 0.943478355324382 0.630545320353575 0.706562356232765 0.163824754099254 0.161458308068752 0.528767354917765 124651.595851953 80127.7430813042 80321.6189222755 24582.3832712278 0.46848757309183
0.231675223744725 1.04187026017099 0.241099104836729 0.400591989320232 0.100187001006941 0.14177007866105 0.279643550088595 127578.389669209 110167.392166223 76161.460725069 44880.0065080564 0.218663213578392
0.531867169463301 0.446723375094953 0.298249800018915 0.49419704327351 0.115851531020862 0.163904777324506 0.413750427639028 169344.818997531 147053.394807081 75659.7876421546 91687.3686211573 0.65578523530416
0.171022492224804 0.832603291366373 0.549459283338639 0.487366111714461 0.319544852869052 0.251153187068605 0.33149661373524 121926.243842808 111580.020194008 86053.2383762351 56675.4637940794 0.397488050898867
0.357966091040314 0.802046520602954 0.379938713050099 0.414126360077613 0.200566471395392 0.135088163988226 0.161731217459467 109076.382033949 125755.524788657 77868.4406756694 68076.1229190223 0.416629892930585
0.694798377671171 0.590406902681367 0.362739696540231 0.329005953472745 -0.0269860879288019 0.0242181311201988 0.369441462907064 92529.3036841189 113985.95819507 70775.8035180553 41073.6919262989 0.492827850163333
0.504823517488203 0.725590863053592 0.51978188607656 0.733595335794396 0.165042507170513 0.0600309469548063 0.187107945016658 121732.119820929 102963.484768668 82919.483927654 30847.4191761338 0.316480070314208
0.474348276303966 0.713094849602431 0.228097296494661 0.475531212438862 0.122861947086812 0.213674397677098 0.392714742094215 129538.245084282 110281.445144774 80258.6718576082 31674.6180832624 0.402660785053517
0.927560367423118 0.441401977454148 0.173645695835614 0.417813396727198 0.196908249362508 0.12445685316999 0.377608637163794 108292.164839713 94131.9845664463 75134.3789413601 29071.3816802924 0.443604455620193
0.575934841624575 0.642572599096031 0.3370962567969 0.461432183439453 0.210673411138665 0.296558061673423 0.778661876667645 65244.5614884445 51321.4323943322 83854.693399485 80005.9965733837 0.901300333317515
0.388425549969748 1.03339569333113 0.581086022155981 0.786464821384063 0.178224578853993 0.236904161469318 0.406156402867201 261554.79342944 237021.402620619 72801.4502646289 87340.016814653 0.578397167978067
0.557311942101282 0.769632087142652 0.796372566871043 0.418433043429615 0.0271921910771602 0.220812747525586 0.355328367056798 173144.996225882 147227.863542717 74230.2029015368 63563.2884482999 0.102808440141661
0.57002640962646 0.664054140262339 0.274091654223703 0.559619336787251 0.105541953304448 0.110141645547342 0.215169656547483 115366.676882568 119596.796849078 77359.3627156938 90827.0333466779 0.402999158928386
0.559131607778143 0.758582397339625 0.518660590681351 0.568173588361285 0.121583736586826 0.223687888364192 0.460531322844834 156401.938666805 112547.125468047 77289.7894523589 59388.7451382215 0.221062704288375
1.30111062284619 1.02539073959872 0.989839664699941 0.926661940723513 0.513089650482696 0.758714450961883 0.921733242893543 260966.288432722 221639.347670398 79815.7010737425 184830.172184537 1.28135894906514
0.512554232480178 0.659347797809752 0.431080508628407 0.619828335529582 0.12315708575459 0.166335402463712 0.476414752947533 134814.945114682 105789.150908705 83592.6711394134 65589.9528925817 0.296716151387725
0.435704767658318 0.918342950076822 -0.32241310768322 0.844984566678246 -0.0756496120882459 0.63782907277845 0.65633773289706 153237.133028831 135827.37688064 73544.3451017246 42707.5649602555 0.955290764277252
1.00826654450515 0.779875419464088 0.513492679238206 0.314143232034884 0.288255102915789 0.200720827072629 0.490196517804154 200104.353583732 170668.865515081 77230.9856666732 71497.6180129398 0.360519011167092
0.357902713188591 0.80535192512432 0.49902904144717 0.540917393367769 0.121118519467533 0.171697467755097 0.401308471202504 135391.055997989 111687.160310249 79634.6705915886 68411.1875130768 0.330642024848041
0.757723717328843 0.844499083278423 0.712319208079272 0.622117746928549 0.343957431354402 0.445101133588439 0.791456006313469 261984.869686409 163061.83036493 106539.903324781 183396.33649754 0.716098755195116
0.154115276911736 0.900909142620788 0.141452967508804 0.455033434191816 0.307804024546853 0.17697735929711 0.577795310644728 139938.520197199 112503.088709804 76334.7401586993 40627.2227366003 0.290364340528404
0.234883097471377 0.826106808911758 -0.258055905491996 0.872432976912941 0.279164770905306 0.220401057195883 0.205952166492393 133132.103955609 119963.506917875 85197.8448226995 78840.2150569269 0.203557339555966
0.394318025805907 0.798002770100559 0.0891340801569593 0.403965927149103 0.144470870012338 0.154091533882415 0.410628554590867 117651.276460835 84891.2994387254 78546.5869963835 35812.6583968964 0.546608041488064
0.367434988215054 0.806059180777712 0.311265829705443 0.541276918632138 0.108339647831726 0.113434226566537 0.524617785769326 155728.679572104 99671.7614544746 77973.7721727263 65714.4483644689 0.310293769426935
0.492016803667555 0.907815172503262 -1.00586775397766 0.692624568754239 0.143976982275648 -0.985241957048285 0.456371803715001 116446.641684806 91848.4097488441 80308.139681361 60335.398358166 0.81994724638348
0.730184094742912 0.801581652622551 0.361012267642831 0.426542177177318 0.0507958540708553 -0.109184678886606 0.264054901779201 154499.808351289 119551.70160559 77670.3336120936 87536.1768828756 0.476601379953162
-0.474062415283976 0.976066697383274 0.141993370829547 0.471443496404039 0.0866307776442624 0.163143581360155 -0.037654259661063 118557.077986812 109421.897954684 71277.3794485946 40739.4732951186 0.130830309328675
0.47529164899172 0.771309444006668 0.597364677339007 0.612280844467407 0.23488838382183 0.21638628594323 0.489511008604841 147468.238835746 93872.4037468782 77686.1271637328 72653.5531127884 0.252295089147665
0.222635323635778 0.959876226246021 1.01878901996018 0.201721922782575 0.0782497527646819 0.0183272738928804 0.174520359645319 121369.603464752 107161.020918085 74379.3286101415 37450.1523849955 0.0977023947354972
0.383981506933518 0.733305537982066 0.299117273672653 0.511715236285885 0.173250848689071 0.114342712251337 0.270962557673496 127894.341492722 126688.205704345 79741.695250282 53594.6976975003 0.203062649078776
0.505130897801625 0.855797290911807 0.528221159023403 0.592878398819433 0.20768121911013 0.102313825981637 0.219748066695666 112478.246326104 110361.139790813 83215.917039522 81420.9921647972 0.33030972513785
0.660988090043701 0.641727202458367 0.299468403078606 0.548765147950553 0.267662561872094 0.38786177604164 0.779786179280591 120473.258739027 86069.8934837679 91741.6432174151 143485.336017881 0.526556878408351
0.413955278236506 0.82475281677186 0.374178806375848 0.523361240364822 0.107885640511775 0.0929489810062373 0.158027751512545 153872.083442792 105735.266226076 79858.8490142696 45922.0434350628 0.391694364886773
0.326348070432987 0.864309626319326 0.362114859735139 0.581754191335398 0.133758343744695 0.163248402290575 0.411865946524966 140336.527291185 116702.882540891 75944.8789870653 56719.4481499423 0.283914079949545
0.319002285708082 0.798282924083629 0.712022832510788 0.582582792405607 0.170174092105567 0.197915874705515 0.442433659483861 116786.322298515 110263.69162731 83795.3928136514 75327.9880982539 0.258701860414077
1.03464230464209 0.545086949812029 0.35836685401765 0.0568247204268127 0.197057798526212 0.246074463939192 0.586750144196517 84660.1185622444 64616.1345458455 85779.9756291257 91730.2903820722 0.638096726174009
0.331044208389685 0.735408396170372 0.29233532155663 0.435793995501596 0.115719052720471 0.237297911791149 0.437196859313075 141725.934749319 78365.4127534709 74903.5762458326 69766.0397038587 0.280242665785941
0.0585001155449837 1.09902276065741 -0.103583438328731 0.44141135344319 0.145072506312357 0.178709560211978 0.516943099879125 143580.396475484 120746.244080093 70395.7847090061 45443.0701907809 0.335929601674958
0.174233068641961 0.916215310754558 0.508177842618929 0.644908629388081 0.161269427901041 0.173731602680938 0.396551231272658 139049.107562664 109508.840816926 77578.554519854 74089.3369647267 0.644194469996053
0.804942206358771 0.998741664427773 1.02034534122983 0.49657774242955 0.21243861302197 0.293487005991467 0.483405389706276 226712.833500344 173725.179182111 86348.8446839846 109756.609235692 0.79108837701563
0.256160549936702 0.468711898306484 -0.13005760755511 0.444973264769254 0.113477487170108 0.0643737833565284 0.274533938314407 159179.45309454 141017.565227777 74049.7917995724 38430.970067901 0.200733485483647
0.361369218409704 0.72294200985456 0.508423815199425 0.529617148501006 0.182202753417719 0.152283469452871 0.381619109398394 138210.268550615 127593.116498111 78832.5514605955 76798.7463360687 0.426612681393948
0.880929737561601 -0.265223808637366 -0.394859998129237 -0.200555655688712 0.149728644425284 0.0207868701307822 -0.189316474350689 86476.2447560767 85109.4949167035 65437.9546664291 19514.4838196535 0.470549936883988
0.3766554297717 0.807212035416271 0.360451100557087 0.61675328880348 0.0898018336615644 0.139216222771789 0.251724854582904 136038.575210451 131554.659629546 79537.7718214666 65304.4778398937 0.555894373730116
0.506075929963192 0.523345208963985 0.0631784259019814 0.292302013764088 0.125971350192689 0.016811018987628 0.325765992938164 61694.3788495471 53848.063770731 75254.1226615444 36341.3882837109 0.365460130908433
0.92093274575022 0.725724915944626 0.511950077180632 0.641979675113709 0.345188092859595 0.488491796395769 0.833036678188918 195031.125134669 102205.920854984 124881.102930556 217537.582934739 0.953744423305215
0.332087480272468 0.79065134222384 0.352556337166731 0.612226059064125 0.0989413560796031 0.100408637374129 0.276389827797755 130172.676985292 121852.883885159 75345.6232810247 51075.3134728811 0.426490282214938
0.664208870745165 0.937701136600887 0.85884650493614 0.415194778333832 1.0880845460179 0.436773147981185 0.987909655976823 163088.393161585 144352.557793228 74290.0488550141 35261.2633946039 0.120613593352984
1.04442954186162 0.780238208418044 -0.208803911859282 0.343150101992354 0.133803398730195 0.145897435653393 0.443068472155096 144211.733957226 103476.595678823 87508.8536454124 246885.951504735 0.287856797403005
0.373276246300128 0.883275704302067 0.479929477514669 0.461713961757827 0.112093709225254 0.233114979869639 0.352867501472282 156035.60800318 117144.616186239 75130.4327062924 56265.8577987052 0.255825580221634
1.17020818823524 0.706339700211306 0.562432739597309 -0.313754359595851 0.301612346015338 0.34657161382152 0.678879782446586 219459.219073747 127298.024156903 114825.316831877 122505.676155431 0.740697422833943
0.404310628270679 0.71930522305173 -0.0337341687638722 0.458787641329135 0.184180269976204 -0.0585610934830683 0.278311854999674 162693.732329733 114714.521640143 80664.6311104456 40095.2594340862 0.482433863238903
0.296340311358803 0.856254014581418 0.297071040178596 0.623972871200791 0.177989397548191 0.174480653381751 0.380819104392156 120086.130936058 116998.949255209 80349.3323416508 62056.5318484884 0.231026968877065
0.130847929722413 0.671145928968226 0.401875517924988 0.242669630845983 -0.0744962880227536 0.271417706298107 0.284415625194256 123805.436812266 60444.9428248952 73390.3029805928 53729.8023834425 0.427369046769853
0.135880811884836 0.944727197571801 0.319237762590757 0.934163765846848 0.162852959763873 0.14819047058987 0.265249491804592 156256.868917667 140244.90104208 73114.9258738814 23570.8884479491 0.178012584574995
0.207833264647009 0.849882454587299 0.852283717818896 0.239697645874426 0.0780867875373088 -0.0411183224407742 0.122183247962363 109358.726252311 101590.589060847 70690.9257244642 23734.0036319144 0.0588835298162362
0.44265263032213 0.747136251535752 0.487187088225919 0.593188646200404 0.0939364832038105 0.110902417678593 0.270297348671958 138821.76117987 118384.661047341 76832.018002495 62392.6444096312 0.207214408573454
0.40481532043343 0.62727654154799 0.380658097447064 0.479121958216129 0.147381399569337 0.132272721680762 0.44283786137021 108725.730954812 129249.459084694 74087.039360927 52097.9187987839 0.282220007870751
0.488015298469655 0.678349035238004 -0.133865861812769 0.575780043704063 0.222479622212758 0.342722700828818 0.711695698182621 176960.77351521 139134.491262838 81692.1579646314 107711.13840936 -0.902070616238737
0.336910068297096 0.746449412844927 0.647622308937214 0.548172595782238 0.101867223559762 0.17618234788953 0.317315479148705 134948.461086424 122597.164292477 79740.9331777514 66362.1539058523 0.400598530559635
0.41729162679082 0.939271235230622 0.238504425466474 0.592148741162072 0.0526190223484738 0.225983614146064 0.417817046629093 138156.08278008 118356.980409038 77240.4276302785 19841.8973472523 0.436035653939825
0.203935740595691 0.86220709758104 0.968635605161435 0.357714524691727 0.048457451762768 -0.0787019784776516 0.233313999039593 135951.726897907 124351.831838573 71757.1574928828 40360.5347442777 0.928245829298516
0.606802869655122 0.826044214473935 0.60487217311008 0.500746139448746 0.214515575956453 0.125734917361415 0.278537985282318 97043.8618100953 90191.3396720775 81444.4985410954 45558.386321973 0.280007552155328
0.34796269697886 0.876414093792902 0.0809130497592553 0.671723597966632 0.145616652736657 0.179423163058803 0.517327331390193 117826.516609717 100753.827222469 79565.0760816769 80495.272543574 0.33417321141643
0.226268701725985 0.974980782125106 -0.60689823048629 0.975163409878003 0.0945541846899229 0.128119126422254 0.242333309776871 119439.156464244 103392.58624874 75780.5846618971 43681.103897603 0.173356247788985
0.289059627575262 0.717829973924407 0.501057253333423 0.399854902478623 0.20154513860041 0.0886510696019201 0.282137357900215 134479.598020337 112897.448021222 81949.8858526633 58881.1251595277 0.409042379755713
0.24482263842411 0.957975618029241 -0.0187063510875565 0.88362331091811 0.106997679493554 0.132206458612097 0.259819163337872 106812.070110179 89290.3557826016 78572.4967622769 44566.2872894135 0.192176853411575
0.575139059580936 0.761576487021765 0.34764581149392 0.603629265392592 0.160751296132052 0.187845801855242 0.450046877586212 128486.550557605 122848.401215207 78715.275789972 68111.876271688 0.274089758483201
0.285167591844799 0.617059939645157 0.881747328256103 0.718265497051367 0.0575283857911127 0.130172192783734 0.528698625421493 143601.413128137 116451.231941601 84047.8863160006 81597.15731238 0.460193446231144
0.543575775260378 0.990515100732686 1.05831073497927 0.567609072887465 0.30782212524898 0.409232730243864 0.708631873688249 245031.74904743 137999.399330031 119117.281424954 142090.848219825 0.522053035026443
1.04048466514183 0.759860140184416 0.616549160636511 0.144921943668319 0.296269118447313 0.264758735905895 0.547967366716219 169155.052714145 136614.787993962 81482.5549599462 90953.147167469 0.375834598288575
0.424920480069931 0.777131872125967 0.178884204411915 0.509746293871725 0.129073911548876 0.127892028581672 0.480036491719588 138056.742473105 111080.401806022 82164.7608240138 69610.6721521371 0.344151993006846
0.732458476765928 1.01413404667904 0.323683114900633 0.593282994605281 0.174449131664026 0.307321952087574 0.502219697963991 184954.535466379 107932.987336067 111177.66280938 108825.670837013 0.577152150896499
0.414411790288312 0.664997802409729 0.550346937743264 0.365712144800578 0.287655940417139 0.145319638712901 0.371277650736412 136427.373664562 81212.9417239903 80487.2437010595 91791.9738474068 0.508394723320231
