PE APC-H7 PE-Cy7 PerCP-Cy5.5 APC BV421 FITC FSC-A FSC-H FSC-W SSC-A AquaAmine
0.878602282460506 0.599894255703846 0.511484957466485 0.691605124380551 0.344530997728338 0.593354103797512 0.516348339540198 92399.8661104451 77774.5065082351 78257.9388311532 88671.3481981991 1.01074097825675
0.304875659272205 0.526757348960926 0.298512654655345 0.331666269941926 0.0449696705706634 0.545554257906803 0.189200975332102 111538.222692716 97008.5776764001 75626.8169598632 36703.2686236737 0.539087567314077
0.427946116891015 0.687523023005744 0.571706247422392 0.568090453391336 0.248233981966692 0.362242843408845 0.292943905296751 129868.43024639 102298.167209421 79033.1287628235 69857.1099245031 0.268876046770207
0.187304420676015 0.760001592280246 0.431374735629538 0.654494623930865 0.213324776423899 0.100380266968785 0.105872615935795 94628.1927076206 85443.3306881444 72645.1820694296 28792.1785033235 0.299760275946891
0.629786667106056 0.612987733032274 0.766523278220156 0.811814040583563 0.367551767504901 0.317798995754392 0.347455103880423 161707.877099234 101344.194575696 80472.908465144 74221.0790032912 0.406618736769374
0.506477661435947 0.341781214931638 0.319706013564606 0.542388140545837 0.165781516516502 0.670800271344139 0.404967968106221 134747.846787901 114945.119029632 76835.0320627924 101909.597195317 1.07024038804706
0.202646935567358 0.544789174298087 0.246915571654974 0.42419469295153 0.197738601896223 0.245703697240365 0.272833176038392 148761.393978772 128006.980596884 76423.8003707244 34621.5743675312 0.234611491043411
0.439208607211363 0.668957484883446 0.519056508072639 0.431470306739039 0.57709713057207 0.139165930855397 0.431851331222112 139328.280266546 118636.503562405 77444.8622531655 46563.5732272407 0.214754579208612
0.326234567867953 0.893729916927447 1.00032383555823 0.407757907242865 0.213887580837818 0.424130989898783 0.207517059446827 131681.492671214 115839.954841507 74884.1818480062 34749.8679680999 0.203363523077577
0.221550414964427 0.931305278611232 0.616099439654434 1.10229077148408 0.606887796635553 0.1510719167661 0.175958036436506 128828.294492639 109215.946839886 77670.0544270752 32102.2704482867 0.147001523112254
0.4162961260775 0.925095033410267 0.734905089998133 0.666619100030178 0.444237468922829 0.396511781736507 0.134677274559764 128180.579302818 107077.588321579 78723.1504788687 75429.2830589492 0.305343472211565
0.356531612657159 0.805382273451103 0.858955045964569 0.391806490110182 0.0990298934410849 0.140425559054963 0.2153927464974 105602.446160495 86563.9478677673 80368.6629784567 42785.4437616114 0.199543234674773
0.48539770852064 0.781090231608693 0.505642638198459 0.501179057363894 0.292344766828054 0.217226462985075 0.300628315589268 138561.916883663 99637.8882486145 81626.8618047063 62686.1202889286 0.509992467812966
0.467335048233043 0.670074411161072 0.461827632371001 0.406518610163705 0.200524220491885 0.173776636949745 0.583653134023239 96842.7280678002 83957.1956715161 76089.3459300109 51310.6204951573 0.192293906854076
0.218779861083728 0.28760353189119 0.00174031261162733 0.47358541114349 0.0991885241147465 0.152540920283784 0.25002533562463 157412.722305754 135130.389056004 76608.9925960427 48532.0275936497 0.230572280487651
0.435579243047882 0.48109414656577 0.370483902024077 0.469347166533739 0.11905468605083 0.228268651309174 0.350461066738167 160216.002133174 137681.032830189 76513.3823567813 77680.0930013864 0.308880899430761
0.529720699051077 0.723624745570859 0.799187116316968 0.532227798653146 0.418491398692563 0.313028142482818 0.418981717491618 153113.936238799 98578.902853276 79317.539740433 79465.4227385874 0.413210782159517
0.288788265705399 1.02438266893037 0.697945985853615 0.364722449745783 0.3212987280493 0.150283493200262 0.227765109391354 128555.265482567 109379.02351712 77363.0594576979 53043.0467269975 0.194848662921143
0.524982218162638 0.950441134773782 1.00926606568713 0.398295441676416 0.246890632696034 0.170467138167068 0.215175826405989 113384.354299805 92841.7218453656 80538.076803543 46650.3893578144 0.242463493151976
0.172163646474772 0.808771970874004 0.511943358059725 0.932073151368744 0.440984659096817 0.461893902032318 0.187576635088232 113790.584463105 98550.030076073 76354.1142192584 37077.5048654115 0.230437544478136
0.332687059780997 0.820736384232072 0.94417007603363 0.401819347362533 0.111467283029748 0.601298419732715 0.224849631326692 104048.348430459 92625.9936721766 73765.8852828545 77062.8562891335 1.06726180090156
0.548585022245334 0.741281643940083 0.561378786702343 0.586022395723856 0.329117291501807 0.464561151501243 0.20005654901426 134046.875907563 101921.45595541 76399.7041068156 95112.7118032496 0.464099147838412
0.436738907446421 0.631400061051894 0.582823426581861 0.487785416806376 0.158832711720235 0.302459375686214 0.422615902314425 127715.640873383 107394.126249773 80408.5059732362 64670.7624369121 0.283723136666428
0.615471829832489 0.845004166843027 0.269701158851017 0.585779374581213 0.176613842365665 0.354107532216301 0.512356803136526 121911.193290009 88332.2572591296 82775.665129964 152469.240917027 0.669153928368836
0.178110717854348 0.796474189825401 0.484731679001225 0.850911068296027 0.326472223138487 0.188724690522186 0.254034411688499 121852.796637244 107492.607421048 74860.3592305697 84368.031328903 0.357504420035969
0.331253799138661 0.921508489899056 0.605848855612862 0.903718080870039 0.44206482523342 0.150368766407689 0.216957210072763 117222.247462391 98431.33737426 78219.5128045812 51558.4225896242 0.177214269172584
0.44467360062091 0.840972551234391 0.609898348656703 0.554578473218683 0.233181066384162 0.281532318596357 0.296493117573153 126359.083910028 120707.158461875 79606.28541114 55718.9053622393 0.382016326424019
0.330810901559211 0.937625285567305 0.850730710317578 1.00624197312191 0.525972049821699 0.165218301290639 0.222369130405876 120228.882309579 101469.282569832 78224.0918776422 51999.9995100401 0.188569586360269
0.882676245993913 0.287155744828825 0.0854365894409678 0.598283460426009 -0.00430975927564314 0.101636876169467 0.236411407573884 138505.746579562 120360.392351195 75884.3020277892 41689.2283973953 0.174601158834915
0.403446268376945 0.768496284522149 0.73240046537926 0.690014808163694 0.310810426794464 0.261769232934956 0.416267417406866 117881.057913053 87336.2380734016 78696.6049472971 101265.94818512 0.393553542638176
0.547059667732087 0.646872327533738 0.897117872988612 0.504226975988318 0.18415426884522 0.314944698968418 0.424926957680472 113591.673908836 108845.235428363 76268.9879666831 96531.0550928078 0.584550188661759
0.147912299012204 0.832247861301829 0.525164392133575 0.948484192240811 0.438731232138079 0.69604461527165 0.178655021829575 107755.33063059 95179.1005336565 74565.1907551211 34887.1472935829 1.0284224760603
0.657593255881646 0.761414967330114 0.712087153384851 0.795451270726919 -0.00831996187958889 0.286545144433802 0.441624585906471 146910.226977377 116932.498975607 80347.4345337667 55090.3983950516 0.856376217900515
0.537499503367796 0.813501916699837 0.521365570951193 0.566780450440606 0.280986588710236 0.52573738217106 0.394569991877195 117428.788114127 120226.450800857 79783.2410190037 77757.9627275788 0.318613220868814
0.912863042402889 0.178325977965466 0.428314387555732 0.686454645020382 0.0720938054398854 0.664349362919452 0.485893896473067 108414.444036359 90631.3791296809 78515.8828233691 115250.145595843 1.10492589293709
0.30909688343081 0.683942994607265 0.660257950865004 0.617554592229985 0.147209812814803 0.278970759685019 0.266262337594301 103172.590229244 95735.7262117685 78030.8455463414 104025.502510962 0.385333769876324
0.354958986388188 0.896465253482887 1.00887596736656 0.425054353812249 0.200282951832262 0.300151258245867 0.218836240596555 117268.228239444 102413.274842922 75876.7464017158 57480.4771850043 0.59331001186053
0.398687837546605 0.897214756680362 0.63699218628028 0.796694120335026 0.233705377453412 0.418416176614937 0.512730690502482 151413.779740123 98043.0277256252 80953.6255450108 53043.3270070094 0.377785877841833
0.242450804901275 0.818091796992918 0.828602554264658 0.840824031433628 0.316686966931563 0.646610974088072 0.174983396071584 129212.86012979 114724.579754866 74055.1496633719 38345.5525050509 1.04675717397953
0.445444421135217 0.765351110945954 0.443335316909123 0.707258267926268 0.207744207386856 0.533129955591307 0.243604455305486 131090.2437623 116020.615294335 74384.8871769483 74964.6033245117 0.989776378735532
0.533202001238718 0.699802742901401 0.628594099263685 0.759920454547831 0.2475585598099 0.281693690324682 0.387354900709587 139017.552728432 103744.182807372 80528.7267179999 75663.4983434298 0.427069216105293
0.382328847735773 0.616135546734301 0.707497657843403 0.485021302365767 0.44466134112756 0.200120997447059 0.238682763121471 134260.978595459 115796.223434797 79242.486330652 72668.152098367 0.103623030677263
0.422583351994696 0.673204137605548 0.567098051084279 0.659484835182819 0.347310652626924 0.312814690855861 0.33380804061024 128381.990368736 104419.853852021 81971.204664133 76409.3004129542 0.545927498148348
0.268600864413572 0.386514592953654 0.0838050204471608 0.439953532635111 0.0527900562898093 0.126022075809782 0.243172473468461 114798.061643674 93470.2489503382 80661.805469061 48593.1846935849 0.20579292680301
0.584870594262256 0.818247850229301 0.620060342874155 0.839608573180423 0.415285304775298 0.3631164791938 0.310868946402532 104106.366889032 106542.931150776 77130.7623954088 104024.903812805 0.515924968654226
0.268733866444549 0.943697151402193 0.648886621774742 1.11390161606661 0.630460697401683 0.144869904754604 0.209213823057826 138707.579753722 120620.899767189 75430.3288843306 49725.9612010949 0.17501192289039
0.459630850101691 0.584396969273185 0.307521943502878 0.719075168147976 0.342535799900333 0.196158517821515 0.299211831721722 155360.905682679 94480.7653124681 78033.408261782 65976.5489087853 0.556688637104174
0.713916551825978 0.925521220179414 0.637321058432941 1.0534551948821 1.03992328939243 0.192986752959664 0.40412589955384 129307.112645302 109659.762163247 77918.2405677651 44903.918853815 0.199087053114671
0.328189440775579 0.945070134601788 0.991838277458132 0.429606769677225 0.21369693691277 0.15731060957818 0.210887551459313 122806.420269568 103750.702460139 77928.0001958007 29991.1662700926 0.152319999750811
0.729195511730106 0.623157718260166 0.441484744134781 0.612522889231488 0.334500906965691 0.21258911175012 0.264582072170472 148487.63904068 102371.348642892 80058.3872359299 76787.6145771003 0.0771865529998099
0.278171647876222 0.650476244795768 0.500008725424276 0.804955469343133 0.222668079104099 0.196125113580806 0.421954508966681 117234.491110869 101944.22231498 80722.5393523448 79412.9493832953 0.302511568637471
0.288015706885871 0.713832567315604 0.60579880931289 0.595254004645136 0.275237972911848 0.414263416002921 0.27473000782932 91661.240374243 99205.1890185967 79140.9495065347 86406.4479893451 0.354193757668196
0.27155473716278 0.787933211046695 0.46010157194589 0.60642511369319 0.21233629199964 0.598173725719685 0.231377196417144 104915.967452494 92692.3062633893 74313.0634146407 72974.6678408301 1.06539382621135
0.404033885695536 0.670661945255538 0.664752296657303 0.688796519033973 0.27425713482183 0.380528179316264 0.367460547950593 127867.674066916 100140.486012195 78146.6350003274 68648.2638855697 0.467676189585279
0.327211995317783 0.802778573087894 0.816914374309666 0.282173680550091 0.108057254923837 0.023211594485209 0.106926470406526 108857.970240581 99500.6991818805 71792.907556689 29101.3289576878 0.114352056749246
0.401798157640208 0.645370241016938 0.609872918190502 0.58079058564227 0.0366682787040125 0.247214725131574 0.445087407611912 119834.127979478 120258.217672201 80545.1834976766 93230.0872559745 0.22549894577852
0.531457468944607 0.632994161099312 0.515878140125766 0.635255907731589 0.216216413605814 0.323098130134135 0.386517574139157 139577.939438602 106680.850812577 78636.8503094346 78680.2081939056 0.383399441639749
0.357872074059256 0.927231871361288 1.02405745299966 0.451758260992715 0.221691811689391 0.150907785273853 0.23767988097702 159582.62038571 139169.476220327 75376.0771869289 48505.147628871 0.20225222826062
0.69550310791942 0.68607975064944 0.639592424407779 0.884115702303681 0.268922585888316 0.355617241146405 0.411953009352511 142185.278854509 92954.3631800634 75098.5779867647 44936.335602782 0.293346639620188
0.497636477469596 0.689982828170267 0.352181595659733 0.48076592357754 0.335576465442397 0.245548583182796 0.270979989282828 120410.026733617 118285.724763101 79547.0530758024 72632.7133007199 0.356827711421884
0.866291268952854 0.668445511166562 0.462530088068929 0.578138189403736 0.172250874584363 0.0384124194777341 0.29563230588805 109987.98310305 99350.9415357437 72349.0165251673 33969.9196243011 0.0991300346379606
0.417918499937696 0.742312740983036 0.557029368639184 0.51166675248583 0.365881223632042 0.336410293241347 0.476406701222351 132708.119043952 90822.4242922643 76712.4862383211 70270.071766943 0.524833622040487
0.558155216425939 0.920084665612566 0.60965985239007 0.625600647464809 0.263678880244571 0.311133223671775 0.221366153827677 124790.166428693 95131.4679389923 80959.5054451994 68009.0476008109 0.225013631721242
0.391195585105105 0.592150002475269 0.599556147545912 0.569161260659855 0.301713648803658 0.337372069652758 0.415861479045219 135778.192960083 103816.850404602 79673.9195304972 70991.8350593669 0.406557018969515
0.399901636390823 0.611235670073053 0.617730083615634 0.657814107098402 0.485030563137333 0.354454520457695 0.449091133907487 119231.235357877 97073.3354404785 80213.0219442452 69405.7883272528 0.365681405505052
0.413906194060252 0.722611464872826 0.821439224712032 0.611625946634596 0.272834710731669 0.35783800844318 0.42764284062341 128902.03640374 84339.1060398934 79007.1538168352 65486.3321731675 0.516599709406454
0.52527979026193 0.697996045090613 0.541791785936587 0.907542274409507 0.0550743629915419 0.123909622304299 0.272488478184822 112899.239055285 89499.2242550551 79116.6957001025 70107.3413752363 0.566441547151438
0.341389573872416 0.857324590922714 0.997005571721343 0.39878137765623 0.133613088429844 0.561427680955555 0.19758583832026 135483.125266462 120753.927104196 73650.7961453041 37711.921130988 1.03906970383399
0.607249289679643 0.538405947993975 0.576024656516935 0.712943661911995 0.307105212702323 0.526708761935227 0.252397035442521 121180.604490211 83519.7297664957 77704.3027398734 53174.7476449906 0.461491506538773
0.275195078129497 0.960738785578606 0.667177823166011 1.13190971710159 0.654326279913396 0.154525911120985 0.209900419858504 109470.58039886 90370.4635327518 79478.9007902662 51234.9637122654 0.174070348483423
0.367105128715535 0.739713847338206 0.860046900995927 0.535288171469555 0.261355372241907 0.364898548960869 0.467970274572261 133430.566419068 101630.643852765 77915.5918913779 38580.3717050825 0.513617214097073
0.662882438316105 0.189245473191364 0.397181262770573 0.59279603929517 0.0805273201170831 0.7078874269955 0.470737710309907 159425.213975126 135296.641263661 77269.5227550266 119112.536135194 1.1588185921329
0.367189515189784 0.851803342409877 0.617101724758359 0.636191714895759 0.319861782076185 0.39630966211108 0.307712544209165 139047.526577416 96667.3942412643 80162.6657415039 71681.3400887502 0.496370615145041
0.366373704389725 0.762599972057571 0.587725204705998 0.44211398631735 0.314848023186283 0.24008976822987 0.257815124704713 134215.367761727 123717.78129994 75612.9343029734 67028.8748077473 0.202747091778865
0.432233891689728 0.697079782216931 0.653414788784348 0.81801276644904 0.374228630088363 0.390090272851151 0.443120127486425 145469.26042631 117440.144891881 78330.4193862552 88523.0935138084 0.748097465791066
0.516585085173407 0.819053044868 0.329595159936981 0.659483380352955 0.342051832934975 0.341604635631016 0.230207209793403 138210.236835455 110735.832634948 78248.8681424517 77961.4950600454 0.423126977982376
0.439380793202267 0.630406454750387 0.941723248525346 0.521477663078568 0.256084418078845 0.177354509334444 0.316869038923495 152584.06250423 86607.750019685 82269.9756306972 66246.2882943287 0.55793562659893
0.483135275620745 0.78801610839532 0.602581538933603 0.508511331638977 0.104410291397427 0.191549218089313 0.303428485408624 129565.34389076 112381.949014616 76084.529295388 64431.0871109889 0.529746253007185
0.464794892795686 0.844157860784678 0.847504850302808 0.474329815162589 0.364016132108528 0.307895353019868 0.282606335891151 113358.297301955 106385.335273169 73700.8771918843 79896.8902815851 0.323534519952106
0.524296557941558 0.73256092626875 0.606758479550533 0.617410542812297 0.352400263116109 0.471148496919572 0.32342906458246 131084.225706934 116510.889465432 76920.5167483097 60817.55575956 0.840123711124685
0.588522333036314 0.489099519426335 0.745423921905555 0.591311734460045 0.11099760036646 0.47159710140654 0.373874079647017 154066.275894657 94305.515542347 81388.5473624982 90337.2519037083 0.4128640707761
0.233126334953078 0.70914921408003 0.568320815655162 0.776907431197935 0.239885013351315 0.312792400660849 0.329975659091339 107615.442539141 86349.8882243645 72735.4054988906 94960.7584581999 0.419288423995192
0.266217511538756 0.149591650355184 -0.0989497501955736 0.358680904122105 -0.0583124831688775 0.476111704797001 0.263884939446163 135733.592592298 120168.353442786 74676.2712965048 87902.0512550345 0.895068037562777
0.521940103173965 0.630824784361503 0.547136897282957 0.648107066419976 0.294117328669667 0.38803074458588 0.381393799401156 131140.043408298 93432.2147187481 78251.3527386293 86469.4843377333 0.693121926640828
0.390355238102234 0.896045424048438 0.601013081229928 1.02663129457651 0.54302356300954 0.406273861917966 0.240472594017229 105604.225178982 84657.871415502 82313.4848105836 51352.3318085826 0.619648874300438
0.81457371522119 0.647024212992965 0.839975969048519 0.489648599142762 0.329397312303983 0.394604689266284 0.241702106428878 120510.015941692 123332.621983638 77416.6778116293 84876.5423962981 0.756694744350897
0.458300807813755 0.84820085940038 0.610174212414426 0.738386804779474 0.263029180550422 0.341035058525464 0.377134703513135 136561.301126623 92076.0356396764 78418.0627655336 58122.4896445605 0.578943146778312
1.04432704069322 0.682272167787032 0.596614717418029 0.892064531607671 0.427153855481795 0.659160794922559 0.59998158979603 91964.1322453139 77317.0150233654 77202.0581022597 51352.3289374855 1.00130726932521
0.46457538272857 0.715133821666413 0.674670909010802 0.680954055810887 0.2295598018536 0.337051866182948 0.378050163716165 122744.406463052 107599.460432699 79291.873341523 46955.7581555936 0.530156672031365
0.486393228087331 0.764846973785477 0.454221950097282 0.573786577207642 0.146066304804436 0.381437000540968 0.348233323333976 112916.175389471 118659.794246635 76996.4083769849 68783.9579872233 0.165710949368022
0.460445551622809 0.721609395327815 0.609796328725799 0.549243314269641 0.201781929930981 0.281363427707207 0.379848852304115 145890.8495829 123173.239521497 77203.7166133727 66909.0127882327 0.56057049225673
0.482273039644671 0.642429667570224 0.651024303033386 0.420161283047203 0.325613206351125 0.318445709604037 0.4514044794039 101856.896666161 102640.264244931 80112.8669274381 65292.9900506282 0.342941062913886
0.402798255029508 0.632890457452802 0.436033862832549 0.660498973589615 0.255089405892337 0.505822406437222 0.456612096385988 131716.059707358 102784.48173922 80016.8054831768 101351.27458597 0.485630048456563
0.308531324551908 0.184502033488664 -0.0688496887656264 0.354354437770453 -0.0424349539170386 0.619234237590317 0.256167048839541 116425.442516743 101841.585001244 75112.5607519123 82764.3662214921 1.08473487155237
0.187130238679886 0.576795198297027 0.257615838884029 0.322886046650343 0.0589958488399829 0.682056477562777 0.182675981665886 101512.959091262 88955.2633999847 75138.2244879534 33687.3968014984 1.01026850925262
0.506397257517037 0.694930681923939 0.670496743106064 0.671577603984209 0.259617844101089 0.296011435913143 0.198980425826927 114545.463009279 94499.3802044303 83099.7849072363 83623.6653428356 0.312899395109399
0.254969359574175 0.604052679193639 0.281155496379113 0.231590034269966 0.0487345485916962 0.0285620430258412 0.116082651394939 109005.110984899 98928.7194484375 72292.4462631814 30711.2332345765 0.0445344114014553
0.535949454943916 0.709794597438249 0.657139000405141 0.734580334731692 0.372894564912291 0.30572335741053 0.32135421066387 133326.721882776 86332.7359116619 83967.6348381607 77140.5580212213 0.4938906645023
0.436208045892573 0.792009030262868 0.655726480443246 0.600084532578427 0.39123630795731 0.409206299812604 0.495324252278666 115512.440554358 102221.084277662 75569.9916141796 38916.7274145703 0.737485243422596
0.144953109527416 0.982779658474514 0.783615035151345 0.454990990658161 0.298444100720655 0.165777501414487 0.222704324140637 117970.966083961 97071.6894332811 80339.123860426 53058.4181488117 0.201892885714246
0.408274667990817 0.48057588928084 0.443356542968236 0.424469899891783 0.196950181113597 0.227900822152428 0.241001827123555 131938.691430915 95890.2405521809 82167.5392141341 56526.7219290686 0.520648202576307
0.447263701772104 0.634398508367405 0.636165355563917 0.59744705488939 0.277343753749889 0.21691164583488 0.586025986408136 105087.25519673 91120.1303592453 81522.1648937551 78933.1088425145 0.34920230314612
0.464702303594173 0.312338839342004 0.0325895371237053 0.437404701957434 0.0718920614491269 0.196662402032225 0.263135503826058 116861.444542889 94002.3414042191 81648.2802288491 58581.9546112703 0.242630646478212
0.382843152016765 0.968976379084091 1.04285906305809 0.431909791686659 0.246127289375243 0.13777576228902 0.209436036816519 129328.10856387 112683.144982555 75269.2833035227 47597.3772352472 0.160460979829536
0.58016778104426 0.849088931301034 0.415377635173364 0.621352169454501 0.0972378359892852 0.424493775488324 0.349817416884641 110405.448738379 108167.443014611 80924.0006658033 68835.8634983983 0.281761508858209
0.583780438210571 0.816181882669748 0.443936875403389 0.696233220600116 0.371213506729582 0.183664039816287 0.498403404543406 138537.933050507 79381.4829511942 82441.212890112 91626.4232996958 0.488923660246728
0.426194859597164 0.707331551104013 0.674644141527467 0.549503057014887 0.314984028946 0.399633361877006 0.450872589694215 129137.166144171 98568.3619088986 80060.5532662932 47378.7883744782 0.46556136346965
0.411703904511586 0.952537065222638 0.520283466677335 0.499678622738153 0.355199753820277 0.257091722668237 0.492692617023561 82623.4844917776 97678.7948454803 76072.2497400189 60978.8779032463 0.462321284864329
0.542831108816272 0.662148364307214 0.729918975993298 0.638269206741067 0.458945983230189 0.247593296461605 0.392110652053389 122270.201004568 114011.703024853 81175.4726589345 91154.5705221487 0.502393710260646
0.511948876432114 0.791578986016955 0.693559230354149 0.788637710122166 0.224147020560936 0.356858809116382 0.335537088504804 137369.978750321 99250.1857866578 78294.1629798316 72900.6326829611 0.532520501924034
0.349613019004496 0.888878028730162 0.581082946714356 0.9516152963732 0.472793136664297 0.117122187340932 0.209692953448689 163420.334946763 146444.944678803 73227.1291891721 44053.5336838852 0.168346893804912
0.363439993664754 0.907441562267547 0.585370607921211 0.4948801249897 0.295812509406747 0.624385030304516 0.199711306080025 89408.5609636341 76992.8522588834 77121.400732826 34562.2495487167 0.667692522663939
0.453653137304113 0.698713703986354 0.83662643892044 0.6589676142884 0.331506276413042 0.355000260203554 0.366103071711783 125678.234026008 96574.987156243 81326.5218817787 74725.8249296094 0.555144936877128
0.499326882458613 0.620293399951799 0.535678982663438 0.614876283228193 0.301926005766185 0.353108738888051 0.385080589515997 154733.945580266 94117.8271673622 82455.6775306497 69577.1537964322 0.279146935349666
0.451227998478429 0.714094369480769 0.471836649341659 0.517834629803536 0.332238733070831 0.328868075586537 0.408104131203229 105003.62209359 94877.9069055951 83118.5317314921 60299.4960657451 0.607397739736895
0.276487867166779 0.386367242332781 0.0876391508956735 0.469456661026185 0.0586158285821241 0.119288440488959 0.240175337223165 159232.048938092 138295.627007471 75636.667120622 44895.7641808933 0.206371856687267
0.413521262756791 0.808154342985247 0.52141623846644 0.636425508197505 0.299146317181517 0.263963166213041 0.41017988576805 133497.512787626 87673.5406522012 81981.4266307444 82040.0117028756 0.607325828552982
0.351322738373842 0.542036693418027 0.831336813397259 0.645513175339382 0.429401918670976 0.334514370327035 0.423526463788463 91476.4939977797 114448.78821682 77858.120302692 51026.1864947698 0.574055574482327
0.208836348210107 0.919093695022169 0.584828143046479 0.45562782285429 0.255134086280867 0.149597696253023 0.210855663600049 146549.990193354 126592.047970352 76136.9514380124 42025.5236097722 0.20312056074981
0.41160432510515 0.816211382662668 0.557950737290075 0.808996870457332 0.0576036325254335 0.360870223317595 0.353067093244779 116040.619949448 104794.529235271 76862.372216248 75222.7724632988 0.439151201497639
0.386933525010743 0.973648608825674 1.05435623938773 0.445436945506265 0.254559842961846 0.157758268671114 0.221697756127038 109437.571167104 90864.0974981112 78992.3263905139 50042.041474004 0.174819158978388
0.520536328592096 0.781445092597541 0.644598096654279 0.603252458621361 0.216011347530812 0.249756974972364 0.484329018302237 145294.78889928 94625.2519685995 76244.3608470392 64131.7225008666 0.460011235693716
0.437615314205837 0.527882690856837 0.627652513777939 0.594250000581674 0.263834338375859 0.535876196533907 0.482049923369278 133775.06417287 81442.9148188819 78669.4994001996 83229.2351980081 0.577332246097353
0.544462495593017 0.681215902563207 0.75911651258871 0.567920029579481 0.337397432241934 0.422909068515605 0.258037956143455 141306.520669995 111002.156689785 80373.35840199 78996.8341966975 0.516560535658554
0.242159736261073 0.565803252236475 0.396909735604087 0.918162210576718 0.370529340652724 0.444422194067757 0.452842974642478 142493.091041079 91358.5664015634 78848.3927945488 83972.2440559197 0.338249460306289
0.517335277019209 0.735862766871122 0.64069580840196 0.671438852624622 0.35433316075355 0.319595659209276 0.129734357402848 116640.62518192 107139.012280471 77657.4472762467 76951.9779635284 0.527505635103672
0.463906540988505 0.787276093443035 0.838386860836262 0.816073174808093 0.276286369228465 0.369956206425886 0.564876260264777 115159.263773269 106456.057044628 76789.2607070612 75272.7642582688 0.435346311108521
0.392929474443481 0.264807592241016 -0.038837449524728 0.341924040377051 -0.0211593393990069 0.0891170679431642 0.200365775095888 144433.588688677 126445.107929049 74978.6173035298 42226.8848833161 0.160366139634387
0.320298761835845 0.775712226494851 0.452190805033288 0.764850860779196 0.260210126303056 0.578556889636189 0.210862860885337 137664.725549585 121598.812379537 74449.5184049716 45243.2778546559 1.059185112338
0.57624049110526 1.03546880813472 0.980216888733072 0.688240358665363 1.61202347432584 0.559243746235533 0.90971669362542 136328.912042485 114492.648130488 78600.7442047318 47012.469272714 0.438869579154332
0.429710728190136 0.867880880609104 0.646556008590728 0.488846136193972 0.303661672118797 0.216389093113928 0.367963398278958 129621.391366036 108550.706884791 81076.0578001249 60770.2726200542 0.295595474028106
0.351692935189369 0.957589221938841 1.02111684403501 0.429548048711924 0.250008556406561 0.165556117512942 0.14264442549939 128529.465105745 108801.680013747 77823.6057792539 36487.8340764099 0.119376931297595
0.436290080647379 0.813692934370567 0.935947382320203 0.440902982141461 0.115583148566517 0.543688986413552 0.2614062102415 124761.27416812 109557.786439571 75019.9715672095 77615.9162957812 0.991186896378522
0.568775752144658 0.845172985699192 0.699877942943337 0.629532453278723 0.102527450595276 0.303764372117263 0.3350199506389 134320.815348117 97625.8356428471 79544.3297700352 68753.3789629954 0.49182256055357
0.461673314424138 0.687088569829496 0.748714502174476 0.703251123315524 0.383744268002199 0.391787249169203 0.278534063203894 135245.430978804 103894.62454548 78995.5074177469 45060.8577188377 0.477191758944578
0.464279591088456 0.710420560330994 0.843441474236036 0.616815741058336 0.276574433862006 0.442085172986311 0.411516081918552 115930.769984534 110286.750111544 81260.1218156637 63697.8259773868 0.537892232583048
0.473852858287148 0.705956882064268 0.668207315449046 0.699035227063586 0.286042479818935 0.422338361594695 0.456990945215491 126916.849273841 98518.2730267989 81035.7130683678 81533.2814829108 0.376086662683507
0.426820808678481 0.703575795643088 0.575589441749888 0.682346287147422 0.33456150765871 0.544772309933816 0.33295891711586 146659.170492338 88079.0314772606 81381.3840255181 61561.9867295446 0.555641689649438
0.472761734237611 0.962730762969179 1.01932183317245 0.463315770649524 0.260585795609 0.188700289230569 0.256636726356067 130246.885433544 110529.959548062 77465.6292475409 55438.77460014 0.218226206223744
0.402684970180074 0.69679401856114 0.638158825729431 0.589769734149153 0.228057101370222 0.395822047919207 0.327149217536973 127911.969172757 99756.518498456 78957.6773402575 66024.1515747645 0.363267807472194
0.563037214423885 0.678454832818417 0.564752749838184 0.746934904682102 0.174101185161117 0.436044204710294 0.221102276483744 93798.5305545975 98540.7479342588 80708.6796487015 79660.7852370176 0.423302268153611
0.313073550748474 0.875189395331981 0.996321743855603 0.38698888016472 0.167838147755249 0.794718535792204 0.184069017087206 112075.14677255 99215.4263204197 74303.652515981 34797.5210597438 1.05667073913548
