PE APC-H7 PE-Cy7 PerCP-Cy5.5 APC BV421 FITC FSC-A FSC-H FSC-W SSC-A AquaAmine
0.42594209395775 0.58847148830528 1.07934367235778 0.444484766067281 0.283430351798671 0.347245948154664 0.368841022281836 96692.7620187114 72873.2895766494 88054.6435069133 77379.3605075571 0.289442938029871
0.224308165076078 0.890909058859575 0.468434931680935 0.476460476164752 -0.0771868678287814 0.101867440132403 0.229043455225154 145287.418828581 118005.939736653 80560.3909788359 61106.8937471529 0.451405222386464
0.0124944850092383 0.997197899871361 0.365267498858187 0.879151289535712 0.183417154066501 0.438947148545433 0.917413463730028 98503.3882213694 82605.1576010646 81222.8240103951 70289.8633416769 0.0499184192561434
0.649626434277585 0.507319955745606 0.118367956432071 0.419445471928474 0.153505791217928 0.265411159711533 0.333349043876998 73685.6294278417 56108.3418757832 86027.9841278763 74509.225250268 0.256373605351794
0.575649923589236 0.645493674359053 0.293253830169167 0.53610280284514 0.34789622183119 0.431730284506043 0.694056109162762 129489.866469267 97874.9859945681 86695.3924194822 140306.25469935 0.426428322196725
0.286866435432964 0.928011598769268 0.956765331482116 0.084980409058587 0.0226773342919099 0.107306170880521 0.174530212615996 105924.910836444 87851.9779770707 79201.808259102 33350.9940213573 0.0545997239725997
0.926171493175359 0.426923468452396 0.217136535052322 0.549520662712312 0.171453655946639 0.220676867460937 0.455775571683283 120343.143172395 98898.8629252001 79833.5274137954 96077.2704942051 0.977686463365291
0.630773595334506 0.585496419104438 0.299729611311137 0.408284537834355 0.219543552146148 0.359843903327246 0.69225879570966 91552.1137059042 72713.8866074901 82714.676330274 82921.6316847617 0.253805252316303
0.793910861048843 0.843828619848532 0.670772024168122 0.674973987948553 0.3975042037099 0.471579040246294 0.761011162589923 233828.692619111 158514.945550741 97149.8502245418 194558.991378193 0.753481502458517
0.841308205141513 0.71683837184054 0.490136554539355 0.668865666576165 0.431084600255452 0.505080543057207 0.787151858202325 166278.763884338 91662.0140820639 118929.679530315 212207.606912419 0.795627538989048
0.577246908494494 0.982525277768993 0.770959557091524 0.626981640547118 0.112164176884601 0.268014696975037 0.366719514962198 117613.972436028 63410.8554045034 121043.318361767 97172.2651560402 1.00995114277663
0.558070845758981 0.973746341954251 1.06435148069595 0.458420740229667 0.130097842831992 0.239816672653101 0.333058333062359 127680.639310197 90304.8911798799 93244.2835030187 80595.9375505549 0.733973437465044
0.120222998562139 0.987806221792822 0.310385985827503 0.53801030119502 0.0895272477486539 0.267031379032897 0.215401893879256 83994.9058463917 66921.5205755615 82893.5065921027 44111.1152250082 0.101237047642472
0.331488125958266 0.811277057624116 0.554718941750246 0.569340549405414 0.0624037044849471 0.113117124737397 0.480166482713069 94047.2394803294 93147.2799932326 87729.2643437562 85455.1126100106 0.330080379671318
0.276128304588744 0.678894324486312 0.418436130532515 0.619406689671552 0.0976325387406642 0.110452330042758 0.429235969085546 107195.070334157 99710.0346148378 82616.5007610296 87504.4125972447 0.345848391140998
0.663395692644156 0.513118490711206 0.17346041712663 0.467790940719066 0.174580088145374 0.27023079090897 0.385321777943202 144368.711877688 115369.942192131 82147.1277715174 87794.0548639126 0.311226316545059
0.800556327525057 0.941562100341667 0.44702097747478 0.845112754839439 0.172587447752314 0.272148872237743 0.611298164989327 199168.099162027 158838.72310215 83986.6283890952 105789.02104131 0.813886385450042
0.820824712632429 0.910339531131394 0.771977506778211 0.700734672659066 0.395313763076415 0.486530615181319 0.761707908700276 180802.148671369 84039.9564785285 142094.170217129 194284.977463582 0.870950937175206
0.144283263395453 0.984246701311302 0.232180352322942 0.355477786932878 -0.0891303374464516 -0.0456667107682494 0.201825526711164 166831.676099852 138184.047899783 79235.7025817417 34943.7887783126 0.118690576761968
0.202726080147176 0.265233121664679 -0.119748469033856 0.275660442346828 -0.0820891573364573 0.0935667606199211 0.207447886928089 94970.8505240138 78949.2642520046 78903.3432045072 70632.6488435834 0.926666544397916
0.131854821352644 0.975646241918307 1.00106546374355 0.296955526238657 -0.0347725291851347 0.00705199054101605 0.176160958667716 138116.985919909 112608.61473705 80411.9502874766 33216.2915841885 0.0661097166795497
1.04421814103958 0.91468076899066 0.504316126492164 0.848474556932053 -0.204338797006166 0.296831266508113 0.65779453935173 140639.692653118 103059.916889379 84252.7061855211 66235.0237418277 0.46620410755145
0.740883661313748 0.536705897459268 0.283309705840801 0.493463776193893 0.0296357935990728 0.225984529273429 0.496387869131471 72008.8829554901 54152.4495551705 87115.8410041048 77948.120809865 0.80624363628957
0.174738198591381 0.966003657993034 0.377260744294791 0.93090015530468 0.122222605765785 0.144798868451264 0.239462266879542 103288.931246771 83313.947848494 81394.4472752599 41178.8801045825 0.162823550464649
1.55355440244483 -0.215651576036039 0.942257768742733 1.34964293399655 -1.54655004847727 0.460164658309353 0.783918418954343 128073.610848395 82902.5501427834 100937.145401442 159848.143726719 0.531970177552231
0.696404799545634 0.676768140710708 0.256241787395922 0.474131209708869 0.37846048272378 0.420988336387314 0.601073272956592 81376.8301186399 58379.5470118358 91563.8250036645 74166.543930234 0.277753910422404
0.142065760249153 0.99181200886579 -0.057487344179819 0.904952768204276 -0.207444153743706 0.066940746980475 0.162727040564754 112589.355001317 91374.4301232162 81033.3610989443 37479.6957663771 0.052528606162762
0.513986395880289 0.33403325450482 -0.0671208403490626 0.180708057156258 -0.0824959898953347 0.0436325581707105 0.255373009777101 91815.0240059179 77967.7556640628 76486.2857288739 30867.7315618916 0.0820706930965126
0.637982648927184 0.969142380943216 0.711616781589984 0.662519026534598 0.168536510693014 0.298397998233249 0.42067798843441 190993.245539004 124885.662973831 100243.638036737 135713.837693094 1.06496383884005
0.318416915658832 1.01300762193691 0.984529261518766 0.351203783229221 0.421781738524814 0.395140312357511 0.661341025131376 77547.147758552 60899.4813755376 83303.6473656896 49416.8287297965 0.0860891477881567
0.850123504083316 1.0176943868844 0.840268996991527 -0.310934902166669 0.129207833694887 0.241035846731865 0.289570313284263 97496.4032508465 65865.7699210331 98062.0269978071 52390.9034743435 0.34377243938762
0.0124968770260605 0.276187794109694 0.894806815221404 0.305177629555111 -0.169999506414311 0.0402491692350448 0.275244150303438 66112.7592901915 54951.3294719882 82215.4952748084 30348.2755830319 -0.109391770563187
0.651636373837518 0.602109354152922 0.429968073521703 0.69535153405955 0.261848350150235 0.492185207339695 0.803353082530114 124953.797599929 78347.8821313903 103609.817707954 247012.673298231 0.571407825542218
0.100699892368077 0.97745692307074 0.331854118747472 0.889169991845628 -0.00901739333596663 0.0493443544404499 0.163729378927059 123852.508676748 101416.420244985 80045.9722017467 37368.6051545056 0.0518425247905972
0.607822015734133 0.629637465983174 0.396058035294548 0.516634671384643 0.293847497227856 0.447839248661122 0.767906219792451 68235.1989241362 44283.8721141833 101005.369721071 157676.139595473 0.42203958869236
0.102368306771722 0.867326893087699 0.202826681317886 0.742450089398105 0.0201494487776167 -0.0281190208348858 -0.128127052378248 110777.602890859 94268.2309179758 80525.5189295014 31111.7566408123 0.133177800081881
0.236017870166097 0.964150201714738 1.08401646378589 0.309601190036992 0.00386621958676553 0.095833803643502 0.159509479827484 56170.3295233576 45585.5812286131 80921.9436824843 30905.873932466 0.766927557138216
1.30382019586805 0.632049503110068 0.335273470489586 0.728786458718448 0.284956900873555 0.432332968686312 0.680020794440065 112037.679952343 80500.8095128315 92315.8202439283 123202.175694403 0.432562858014489
0.1775136830303 0.347904656173807 -0.18789815521735 0.0254288257090748 -0.126838732573075 0.0415584883284309 0.119969881824992 66921.6311238459 56502.6452396901 77580.9017713859 27860.085856064 -0.0265609590226115
0.178532608378275 1.03585533137846 1.11345619267014 0.325165765175091 0.00182131043966927 0.144158624168777 0.191874513261605 94217.6044773147 75143.3401716064 82275.2609976877 42055.8944558841 0.0831094817210958
0.621379805873541 0.7463293420853 0.497846167257455 0.600807032885752 0.280666048657738 0.385939802842872 0.731501445883464 118910.184405167 76071.3392961903 102980.311638643 148072.941164849 0.587524424071374
0.320238167507363 0.766226837944451 0.309656377766644 0.609332087101663 0.0952896343188397 0.191584299839112 0.494739303869675 93477.5673448601 76724.8351214955 82722.9742960286 66868.6388545665 0.33922653822448
0.628825646723439 0.639161223095111 0.4590083543108 0.529757515750351 0.310318653919068 0.385842071133198 0.791478838953243 122648.57253971 90319.5156256187 88974.4061068698 145452.615364949 0.4371673478382
1.53078202174883 0.126014901259248 0.694499087564502 1.1704565805792 -0.649164421696984 0.376447276898161 0.667644350564519 140314.172872239 101511.248613697 92609.4022996383 146923.981452318 0.696265057926727
0.198166791635099 0.842507063513556 1.02467563688372 0.270343675050479 -0.074849008384 0.0778628352825693 0.161347311135294 69991.1063344936 57647.1853422915 79713.1730756372 65043.5508048236 0.911551336029159
0.371325652678124 0.640146969526005 0.590895925895984 0.485981440548569 0.142861216675956 0.20528681916219 0.233134898766675 94572.5265199654 92725.7673695172 81682.5802164057 81683.8924415212 0.365761412706822
0.241853669240963 0.738006612210953 0.340889684887353 0.575819066446561 0.0807787565532028 0.12576696442857 0.335463642732177 115987.179947993 81013.8138874942 81269.7804402854 55635.972803556 0.27328793595916
0.562109774045055 0.648320246394951 0.294350132548827 0.527080142576443 0.337121730746637 0.464201189317062 0.69202712019918 86203.1213702121 57562.4492348598 98123.7113554899 151133.329929626 0.414754625048436
0.381113652140991 0.294460868219471 0.498421713023321 0.389162011897702 0.0478366784312894 0.224958803784257 0.300252871497993 103363.925527852 78601.6383306585 86697.3326809086 113476.139295185 1.02943788016691
1.11108298073011 0.804848508536403 0.620140925063758 0.743513134057848 0.260357848164113 0.330755463130525 0.546979163882296 89307.0753199505 68209.2190284513 84081.8913844598 64946.3229562423 0.900438049408133
0.226570307773964 0.993884209201745 0.310177599582828 0.805781681295223 0.0440524666384839 0.0484135678320067 0.215375518383862 129953.636123834 105283.081939585 81028.2084482981 35403.8311296729 0.112058834963774
0.725160375767553 0.689453582977728 0.261104399217574 0.489556333501537 0.411166989966481 0.415263970212165 0.585103988169285 111906.608438091 91394.3795079739 80310.1736731699 72510.8682831987 0.296908881505868
0.209090103660424 0.897196024367976 0.236212854429384 0.615727561471766 0.0973483888524851 0.139547781019171 0.247461796881233 116267.343945842 95629.7479693194 80019.5313221331 43894.513387153 0.17543539402991
0.224881581805648 0.715395325172026 0.652585808864312 0.490907873424533 0.00188164744698177 0.12617159795327 0.402435670473931 137003.711871122 85767.0215357112 87171.2363004462 68601.399564285 0.223686013093596
0.463197290501374 1.02606068030211 0.546534643079922 0.874984209683315 0.128997180841525 0.224095694129734 0.313606568375202 140973.434089942 98061.1151670476 94402.031378873 67175.085269778 0.579071584315644
0.366360920781682 0.822967898960783 0.139541827607136 0.654180992745168 -0.131374886806566 0.12875466042609 0.379476752780689 61426.9587032804 101551.094120636 74114.0075597316 111706.15003482 0.45817090901247
0.280016077375193 0.883522991998101 0.367977139642932 0.458432863810937 0.164453290219537 0.118980579198733 0.378013171005777 112805.966304462 94091.9034947303 89776.230815802 46075.8184946426 0.419773250643963
0.319308176078504 0.746408710232905 0.157267597090784 0.498525213934499 0.0649444685723347 0.216841908459324 0.373989525430781 113498.286836864 94333.9340455871 84989.2596283589 87958.2807905101 0.191318413195251
0.334486949447569 0.350798948170483 -0.155615535505922 0.256471631746847 0.0134723369043375 0.0714769524805 0.172375817574433 108342.229675198 88936.8597915701 79995.817986622 37458.4231560548 0.0840246741244921
0.426979738228052 1.00747864526073 1.01715456637171 0.486150776972579 0.179669667559177 0.263228499728959 0.722558005125616 181445.94369118 136462.270564903 87854.7054725061 79477.2176957381 0.814925431789033
0.206915846387821 0.667143277347385 -0.414183404499869 0.597690955724975 0.0589278941571881 0.227643362202803 0.254006363852545 126072.422303055 87112.0395988553 97261.4157443271 69861.5374794622 0.708925545283445
0.236995329284858 0.977097878389246 1.04474626801015 0.358407932593315 0.0673160804982921 0.139618810799129 0.225960138556427 92982.3768930536 74837.7427121966 81527.8881738796 41079.9947128641 0.143951775867668
0.657030030760012 0.487871297027514 0.254292983394628 -0.115443902393204 0.138988714211447 0.369606199510867 0.679843624921516 60583.6176125881 50392.4043765164 84464.3604683783 75021.4072040046 0.780628349363126
0.304861665280093 0.653858703173176 0.623784166321498 0.729591023876393 -0.0241020188653215 0.189817396210084 0.578731067648923 133240.554454751 115333.569881438 88297.4206465961 113401.441458264 0.59789415727314
0.35600502142257 0.686877280177872 0.431323159574811 0.499761470162023 0.0739436882157365 0.182150375183037 0.211626739650979 133104.085136123 84673.2633200571 84164.1508688436 54801.6616985005 0.578634148288349
0.763104213053858 0.292427529464428 0.259776466684443 0.477700546111669 -0.0153643847728639 0.185555179415321 0.378575802197672 93381.7235504161 74368.3719747354 82359.3201102717 101950.432189102 0.972203236993764
0.171486020441893 0.812303682207193 0.0907078095547645 0.385304650801681 -0.229775156352022 -0.187700197506776 0.0997014952739353 99070.2413119249 86642.7632385677 75114.8141995355 30052.8688888291 0.741573579393519
0.394920189509738 0.766898727343835 0.653673144209796 0.504619303873613 0.100762911071173 0.134252860380609 0.363747269148321 120566.870230481 95400.9472781141 89058.5160555354 91651.4875768245 0.4985408201287
0.38295486008606 0.648820104807701 0.501918395848467 0.544945049375452 0.274031144800273 0.313607439907908 0.427065023118815 130535.080652036 98420.4049283754 87369.1327688182 100322.658025063 0.422827495197235
0.838095213381334 0.832467917768503 0.6561002468963 0.738843696576069 0.439764930188742 0.512612514211888 0.799520321617768 261965.739480595 226096.50075736 76616.5143993353 219250.488853729 0.791727335908481
0.436080335920628 0.267754985984106 -0.304688054673176 1.17171157448969 -1.39146519466593 0.337954674935239 0.592720725589177 112224.711180703 75326.3124106495 95840.5373883434 116732.457681275 0.287471704254928
0.196728506538585 1.04707409988183 0.962046345537033 0.0726836395925166 0.162989762866522 0.760501085977022 0.230260801500845 79317.2589930102 72371.5489650428 79613.637292745 24607.8700788795 0.190566245292321
0.569913150652973 0.644951999999603 0.181238259316202 0.417933997586998 0.319857301294507 0.476727613730273 0.483839244457239 94041.509908131 72461.6467485834 85746.0948004242 79785.1978021203 0.218489707151679
0.341506274578186 0.748479686988921 0.75434202408916 0.481861084807359 -0.0135170330130099 0.278242118341933 0.169915791658801 127166.808315206 85819.4953149191 82767.623883637 70725.824867752 0.380517620337635
0.579311241120336 0.647936476895024 0.310549790530746 0.531138332534598 0.344671314798959 0.445053059947926 0.695668516282429 107179.239133033 75916.5163531603 92460.1035046926 145025.662761912 0.423069474571335
0.268925377569144 0.682985495997153 0.387687762910694 0.592301867435054 -0.0265572035491974 0.256059400962148 0.400587537337751 105107.176555245 97723.103556845 77353.98311411 90235.2866050883 0.308153294242048
0.592947656068332 0.759015210879543 0.693490985825784 0.653088857856239 -0.0337020793631392 0.251561152165096 0.419619657294317 132549.190804892 92690.8183646183 84863.1226687824 41086.4850951007 0.481757274683836
0.120380638810567 0.743755048557214 0.476531553357836 0.679432499428904 0.07619506217897 0.146927837192747 0.436144724642145 95692.741605619 112533.031221074 83678.8746943702 33570.005376901 0.285348530862134
0.228047415086225 0.97145568882007 0.95505094080618 0.353598936121523 0.101262448932557 0.18814973148539 0.234184092648782 94986.6727333421 76315.0755707596 81661.0509326062 41621.8066728327 0.14275736504509
0.372549699521574 0.727512165681359 0.513197578530382 0.463092279594317 0.17151261247236 0.0945655348315388 0.310239770946825 140897.159844885 83420.6562988553 85114.8753767806 81891.2248185146 0.207676624431245
0.428342530281579 0.65635758427714 0.529071153799649 0.582500068316085 0.299057356616602 0.322127246430988 0.510849271354894 155758.448067277 114702.849423069 89363.7483775971 124217.06806596 0.384244678702994
0.367361711504332 0.755713862897334 0.548457965937825 0.551286628935184 0.105241400049793 0.102211867930887 0.369181863155259 145888.650481995 81598.0974057763 79761.0737724746 77471.4550943179 0.432857228043004
0.221548387596712 0.448375321902992 -0.0574535085832129 0.423140479041091 0.0888227962081645 0.139716338968386 0.267103232771267 117125.333851677 95326.7762156336 80682.7920116281 44331.209232614 0.203324647575241
0.420309990372905 0.784523962046044 0.281215528981135 0.520319715395533 0.123879812653906 0.227599185802028 0.406839267431861 119052.425847674 86342.2295332212 79604.0622794207 70824.9185158735 0.521946313160945
0.309679126249741 0.670548556016536 0.503889983121772 0.406310264682938 0.277980409552754 0.152878013666165 0.303126677345985 102367.615933023 95231.3870802426 83483.4457767866 76906.2119208279 0.233105084403375
0.505275787619671 0.531741279281795 -0.217126074441402 0.447099500660189 0.0661604989609982 -0.0321868545441024 0.681914958794747 152701.463054956 67739.4227520002 86175.1690937839 100720.718657925 0.800315385284674
0.116073770562094 0.855503508835728 1.01185688433771 0.0694572145616156 -0.139634630795787 -0.0257781256206551 0.117817495411126 114215.486750448 100955.372797953 74486.3404440183 41528.8154618386 0.794074283448352
0.525169151954494 0.754554040278607 0.500138972774747 0.508220882089684 0.189486340628128 0.156049432111287 0.431112897738432 101266.272073562 83919.7610447579 81590.7184858104 70323.9615665423 0.290991558548757
0.336612442787472 0.72870360114959 0.825328315482002 0.557019343668155 0.112684285988548 0.242850643927544 0.307552219643212 124399.164836866 62774.1021139007 81450.7252601155 73065.3402944744 0.0653341937859738
1.02820515073222 0.969831172469596 0.316884795287934 0.889396266272358 0.823546423184711 0.261272029042267 0.57971366930972 103508.289137989 83674.7930933201 81633.6088191344 42925.3502413792 0.10805224477153
0.140951986574601 0.946288124736285 0.850222837135121 0.289292902051921 0.0157556785281283 0.0604996761759277 0.185792063520308 131839.197050582 107787.319076971 80183.9216517843 33832.1335446874 0.0732658128447773
0.856961295833108 0.482134016880819 0.670746896603458 0.919917871057756 0.484706577854257 0.576984016114504 0.71647407810236 172112.525487299 107645.387371972 104106.453393947 196573.841431575 1.18276849899408
0.830555226524664 0.309565275945383 0.448463976808195 0.204188696482695 0.0265995560551422 0.153774772400653 0.390786986627363 95004.0538502296 76335.7790344291 82597.8803321275 101711.313911531 0.88054379358401
0.725643521505948 0.752221446889544 0.495086303809558 0.619881350230026 0.38723442840719 0.481019442016379 0.752918952766829 140853.63198113 98545.1867804251 93856.9893054144 173429.424089146 0.723155444893872
0.511325107766254 0.709636190854067 0.735944300047886 0.512489001133362 0.316969712188357 0.201324342452555 0.419488400996786 87654.7361969811 100067.473624841 85266.9175937969 38110.3560003693 0.272079009804593
0.71823026010486 0.685663465696931 0.450126498214141 0.619836568689557 0.388167757160139 0.462221543984188 0.78622277941623 157549.710722134 101847.885036007 101702.927135658 174290.755586383 0.540172313441782
0.472877391735958 0.990096308257493 0.441423195197326 0.502359231140197 0.391692986642396 0.137189352041144 0.493098959006771 151331.433076591 122310.767464653 80768.4099610169 47174.52641157 0.220169643369803
-0.99645176404178 1.61025701663019 1.81673049228553 0.888139322655674 1.45090273169574 1.20715287460593 0.744706365772764 75286.463624388 37878.5182988043 123320.105102872 225634.382996123 1.39352981566361
0.107325440601243 0.733175147975061 0.603678052050789 0.523205455011098 0.192104140192915 0.227832681485576 0.285209446255788 117815.595765596 85547.3169284974 84845.1777962772 101562.055372932 0.37712500265373
0.277752760694735 0.685993258122689 0.440493626891974 0.517103757802782 0.123350778417309 0.132822263276728 0.449241098379343 106551.306510677 93046.0316631555 82357.6424469304 46643.6133712803 0.313780098563839
0.628772976564716 0.648103198517755 0.449196262032443 0.535368575113072 0.313756400587741 0.417660218574576 0.784112491440933 95014.5552151085 64507.7870763541 96496.6868397059 155347.673489945 0.448176020854864
0.677822787432475 0.676395978435707 0.479135582503571 0.628560365639696 0.392522967944787 0.794071323471615 0.736084553796735 148223.568137028 105397.409480099 93805.4627052811 157613.443913359 0.532013634391541
0.616969102882568 0.703720861763432 0.399967360198421 0.572318193818963 0.412105018403267 0.439317489166258 0.645805650679414 96308.3252251738 61581.0740625698 102436.144597359 132202.040511012 0.485719846728367
0.465814094870939 0.60620464382038 0.246490362839466 0.500067603274028 0.0881437929416001 0.158980035005837 0.273477599710973 88973.7220040648 86487.666017925 84142.5064977973 101995.050328774 0.248100031388003
0.332127576266557 1.00385952674813 0.458954778568967 0.635484733891277 0.0188583400675941 0.0972646725612485 0.284985243757576 104281.485501706 96472.629779271 85293.9446066717 74332.7730327997 0.209876104733708
0.261765378479296 0.719200567463635 0.503774375016844 0.699288458591671 0.100060911397435 0.214941629006675 0.518313126458761 103021.82565481 58150.3797785377 78173.3997108664 57496.3220281759 0.362707435689927
0.628613145092425 1.01578835158619 0.551972873480535 0.963831962890205 0.376884316787163 0.436490185762265 0.645885400570292 222748.90399067 131048.20362762 114234.969645054 170142.18072195 0.471512162768936
0.236289224583163 0.984174104023745 0.576458390627895 0.506780769226236 0.133362978931536 0.102676354746595 0.548323147165078 129553.767908348 120057.35322575 77476.8825968129 142012.261425152 0.380930638900971
0.546747595589158 0.788018614540137 0.717409061497891 0.560184163860834 -0.0183432466486714 0.200789835152081 0.298322087203746 95753.791604957 93724.4338558732 76820.8322277245 87005.8986106838 0.136509541040114
0.170363342965188 1.0474961378783 0.334606311616113 0.360442401046076 0.0506711450699074 0.132280339917769 0.211498894745256 99144.07469913 79206.8095464119 82223.4773691379 43575.4270125579 0.114103885771385
0.428374682608518 0.655815064725929 0.314993572614484 0.516605842768838 0.0773017265567749 0.233196707422426 0.434404355983801 122430.638371949 93438.2629255889 85773.9208792878 75501.6274201876 0.363078435789584
0.201470968617438 0.740507209000585 0.438017011170351 0.384033611956549 0.133542249709835 0.175946955058417 0.224272645465048 111055.802596254 92609.1595668583 90588.6617390436 44548.6056579591 0.358487944762425
0.218687834603691 0.759787471277281 0.177290377388995 0.387581876671693 0.135253198989525 0.205758743113056 0.186794050478291 118000.534138947 96269.3321371188 86313.7061494969 90508.0654622931 0.236408896358939
0.154047568582527 0.418553619773129 -0.0969398426284606 0.360218905454983 0.0870893797582425 0.110039584557545 0.23392060093965 127702.281693253 103631.99606859 80902.272713707 48412.2036252361 0.138244758131641
0.315786291795604 0.828014349120768 0.23383959419357 0.439727867921497 0.0730623642951123 0.172542056148551 0.322013348585783 133249.889248808 112285.226715993 83799.5650575013 83508.8266887656 0.450126761448659
0.882751689848572 0.321828871505836 0.227108560157043 0.480417055359385 -0.0423811297188673 0.18730212733044 0.359936132689243 57797.1227980921 45590.8858457375 83125.7812012987 80986.1120687962 0.880336135796699
0.109592064256557 0.945865604167324 1.17134465307337 0.320361063815434 -0.18604724285481 0.0644125488635286 0.188868685889779 106987.380378719 89667.5295653692 78538.2893713514 65634.2329903723 0.898311733289008
0.254981975041401 0.677077065440094 0.483651971617479 0.677544906278998 0.0580482778427802 0.209652602760096 0.382120827159378 110736.277241623 90078.0588013156 85880.5106250429 75377.5062695918 0.333757329148629
0.829986130445447 0.766015791081669 -0.112164733347608 0.502232090119794 -0.0649280966350606 0.249423058402647 0.440019765892238 129526.033721102 60840.3654097544 92545.2200935196 163337.420042453 0.334384778916544
0.426745311184096 0.286007250867431 0.084885905139736 0.378543001188825 -0.0357169496561047 0.168613549220075 0.311968154026091 165186.638346895 139215.123175679 77724.525837912 96297.8417938852 0.876016667164334
0.163145005435329 0.911353843978954 1.02581196514361 0.216776731475068 -0.204001716239818 0.0160331561076619 0.128151661736598 53827.4685246472 44595.3027647327 79145.2661795861 31493.2656405137 0.799966561164233
0.286143955794397 0.808229359325246 0.424255997010701 0.383037918639301 0.20936901577511 0.184765181540223 0.477183673449855 107858.605936766 73564.9948736847 88426.2527978754 105954.935720271 0.428744595117387
0.178377022036162 0.845759480332996 0.0848355581405824 0.471561917780457 -0.10647013288732 0.0606325997926276 0.161465916236653 81089.6694583899 67905.648793327 78353.1740996305 52854.629773927 0.886424716957666
0.791979333410932 0.717586860173878 0.506817614229639 0.680452979768099 0.413743078028219 0.502141919223323 0.829178402384962 262101.855449204 257593.583838969 66685.7252362169 237175.412173394 0.603277448912395
0.0346269204497558 0.813678372052745 0.364309122557757 0.377017075829442 0.141794994703571 0.260099274792784 0.424109260858384 97507.3172546781 97643.3526206737 89325.0173577103 86927.6063480251 0.176132416910469
0.190192637104484 0.791628682836812 0.730226294836724 0.423723302479014 0.180190073292935 0.154654040579389 0.247448141353314 99579.2910863513 83134.8010985636 84393.0851551239 105964.280586619 0.56022651118695
0.387910124954853 0.81431655194178 0.521551898383834 0.590544528336942 0.124343440542949 0.132576423298063 0.380298845911896 120056.28040789 91631.8004333085 81565.4526947057 66217.5962410687 0.314416318464108
0.137962197588245 0.843305041222754 0.594029017585731 0.473976794023043 0.134500465945829 0.214227776501238 0.403617353771741 107789.236123078 85102.7504382805 82031.0153634211 105036.299991922 0.401417056591688
0.282567023854531 0.864324082483056 1.10068787804042 0.327912111470595 -0.00894504631313764 0.112096624357987 0.186639716375421 105377.889708665 89073.0608196018 77752.0493080821 71198.7208594386 0.897110867699983
1.51596911069603 0.534102117051918 1.29407774553991 1.38033345324703 -1.2486221644772 0.618690763001682 0.96955451793093 254372.746598819 234971.595277419 71380.241647604 220151.872705396 0.83851075734991
0.372064763960578 0.712200190994898 0.502085761214804 0.572653442287188 0.195392026167824 0.121188327655406 0.436829256985115 118055.070239508 95070.0941935733 87643.3924506593 62988.2230449116 0.530197700787066
0.38307994658828 0.9019754074913 0.206383598123004 0.586140476924564 0.016981483306431 0.101271777295024 0.1710152117162 111054.02527116 91703.0909571159 79662.2022006156 35919.4997077483 0.0542931014480479
0.228993387276931 0.973908498004336 0.967535752130428 0.354693255748296 0.100337742325892 0.211653534828381 0.229978755360735 67551.7724944673 51409.4849840357 86206.899899279 46546.906198121 0.136911205570387
0.250661214696882 0.846459783418006 0.633989626051819 0.553923612758978 0.107081579416822 0.253632617750291 0.301033472107974 120443.622115249 80412.5029136473 82909.4276688532 65808.4813245996 0.283187121393631
0.205287498851863 0.722831900152021 0.614929735408803 0.489639368805574 0.0196010017179565 0.304005641176021 0.387189318188893 126550.378843431 94080.4416663182 91455.7183363158 62177.4043390702 0.396843981711965
0.381998249395497 0.437168134663304 0.274890396935815 0.570018999285817 0.206228103542624 0.126107295294578 0.50459587430487 138875.660850787 95106.8456492496 78568.6547325089 97305.2679340178 0.38194878289262
0.366406369128814 0.835776144863845 0.341043919198646 0.567747658414715 0.0712408336926966 0.181203508486727 0.216951751999757 96938.0166619789 107475.878582457 82661.6840334408 80637.0078839537 0.442306940840522
0.677733205131814 0.697766238258786 0.464771284108687 0.619871120836538 0.435778208299907 0.420269975857057 0.754435291089942 206562.201489395 156883.386536203 86614.4803439254 149856.711019051 0.537580512272119
0.0507277341438507 0.873398544283924 0.867445550041713 0.245624291517659 -0.200707374127418 -0.124182335185342 0.147130648889354 180777.468135176 151310.120806568 78363.1147243905 31105.2988388653 0.0503171508579412
0.27050686389938 0.700040955267387 0.722749612640417 0.527577225944827 -0.0561796928707109 0.226960610364281 0.183353844116566 135722.894553752 80864.2581273869 81183.7507064725 67313.3866864817 0.429243945623229
0.151548704224565 1.00137468384267 0.35652465273921 0.891625036372066 0.0458372254343613 0.171758812331885 0.196390329219985 65146.06880895 49169.1315913692 86867.8284857301 46385.7857654646 0.0847773623529453
0.943602679961238 0.643469184528043 0.604226249947283 0.640889073173702 0.244193433954432 0.353803135069113 0.517666248946861 160412.738551398 93278.8457574563 113294.352198746 167819.27033309 1.1113865756031
0.245729939132784 0.807315412186214 0.554903429350065 0.703362554558702 -0.100828681886155 0.225921030929489 0.537193472810363 110732.598985969 74946.87566575 85396.1572378849 72253.4440209186 0.252863640146188
0.335588157368999 0.80599003268047 0.520953058400744 0.479426892069317 0.0538756201997254 0.203213797360564 0.367489810125765 106028.98615621 87154.3260650126 83172.7504506123 72426.1314917094 0.323571267449983
0.35690789314656 0.832326221135358 0.604602915324257 0.498504028221417 -0.0415792733945498 0.137500974521386 0.551208586904918 125241.732040528 99018.5425333594 83060.5043054159 91961.6706709022 0.432719564807354
0.30463848411795 0.760189077756848 0.523138893103751 0.599720189394116 0.0719875632003523 0.261253269278151 0.313447136559299 115887.297696432 100965.5148269 82076.4524003456 79059.2890962187 0.461331380157969
0.271332564719287 0.897653706577125 0.521340774751604 0.510239912455799 0.164857512604908 0.0910659746920325 0.261032777083847 147806.932511042 88506.5267559069 83173.9599843386 97021.8773797995 0.389696868384831
0.123017770056779 1.05322788757189 -1.07296998579305 1.02068050375919 -1.04391684329708 0.10408090199771 0.306489828238834 171158.094531025 120966.768080249 92662.4029745761 72603.1376722943 0.244589149685526
0.0992706196911143 0.796593929898033 0.554878608525763 0.501282625484379 0.165218363826618 0.200884207402099 0.343409482175857 105607.31663102 93254.1717326729 87399.6546256394 81701.5235734271 0.37327534171495
0.654323093723684 0.685363788075947 0.480868087059727 0.590969502323605 0.380600563705711 0.422846350335508 0.615347356186663 124580.332231873 88661.0732516961 92097.8362328686 131006.773346839 0.507112853458183
0.603473640325469 1.08714061507966 1.06914419603957 0.877642020048702 0.85832566674781 0.507836150579492 0.423080307227425 68631.8084368757 49928.0441020048 94578.9509875978 138105.696805048 1.10335392458812
0.4589626096848 0.947393236922021 0.684022582941218 0.578182733158148 0.158828831186516 0.163406728511105 0.348042515137453 117511.59524207 97878.8107005186 93627.1373346674 77940.1035427359 0.309532648787061
0.434577761157418 0.904904842998246 0.797682855025709 0.648642271063211 0.0586494550389094 0.174137818340456 0.0953569686282603 111021.426452743 80997.6110133772 81093.4119477487 49442.4987207518 0.309941318109837
0.0923332345645794 0.293151476825861 0.138915013437045 0.154357158885332 -0.30618671707515 -0.24856202273417 0.452147484113049 51521.4817644946 44378.2708233241 77148.8596355372 23013.4915609994 0.604786301129165
0.333400359012011 0.778870374295947 0.263047785281324 0.563055600573821 0.0886300270091793 0.129634766559881 0.27381212828047 131155.362294543 89033.9588074227 86001.8851171397 58109.6151645228 0.24461954573182
0.530508811206355 0.704057965541297 0.500248684230283 0.422930861924327 0.000458605069076745 0.111732961555182 0.551159653694161 102018.858549486 96439.5254145633 81844.320875658 65465.5193541194 0.471378436027409
0.122959865655207 0.884836638066761 1.00207829490904 0.300187673624502 -0.0639461609236917 0.162299611360004 0.205428888406689 99738.0689255069 83891.8560175977 78030.6340711779 67760.6460124779 0.853389043477672
0.310411233039214 0.538523760020144 0.610547617492708 0.498467379467249 0.246269463961887 0.21899175429077 0.371235801061972 99237.0893345284 105667.571362036 83311.1320199466 67139.9678218646 0.539392535923691
0.228504362969646 0.767949969108047 0.468148142609582 0.607376188226422 0.0498750823292911 0.190619787465861 0.377816746551845 103778.404906704 102796.998232556 83425.8392027593 56258.4079467348 0.321683997197859
0.258937136891265 0.641991018727277 0.469862576107936 0.385367112826316 0.194945015821529 0.104402728660037 0.342061850140646 85444.2915324031 82788.6055920816 86352.487262165 95388.7826310735 0.284124774922776
0.708646081089827 0.276372115334642 0.280554434217441 0.48895130213923 -0.00442677257871738 0.18909775047463 0.398368379007077 142292.383878273 116279.921836014 80195.6893366761 112409.439729478 1.01990514079902
0.0552455108958531 0.922274891996843 0.433441364287961 0.445500874236271 -0.126168535396961 0.101965404941789 0.121236045850227 57358.9849520357 48169.0840180603 78253.3659455559 27370.5845485422 0.121193175219311
0.723622371250076 0.686453994777888 0.424278476322894 0.626011223534957 0.380373798198632 0.475981034032349 0.80683320439031 222975.201814714 162839.889812893 90081.7146692343 207330.114120562 0.537623194117396
0.184877098427404 0.453592605561807 -0.0887447427236629 0.37473420806274 0.104923143326334 0.175838619541877 0.246255204150518 92175.703032112 69874.6028794177 86635.2710132319 47568.028988676 0.158066046247098
0.386867494992633 0.448767910173674 0.347045765085178 0.51710678130579 -0.0277178877024329 0.26013509480352 0.239700050600548 105451.398517142 86280.8413464687 84524.1933550076 68985.9524210926 0.271821135772037
0.636175301192899 0.650517228814465 0.177868301034208 0.468544458758858 0.445971178980108 0.456432424251838 0.464690053851991 87785.1797681725 66654.6636158151 87064.6271265058 72955.0377759481 0.282896656595684
0.330228726735934 0.792521473859004 0.387459874457161 0.498453418398101 0.0807657285892226 0.220089123029043 0.432929910034444 112213.731772931 77070.9218312944 85794.0199813978 93554.3805385416 0.200671959820533
-1.1522303864711 1.66415838259339 1.94899966572094 0.883591873871537 1.47657264864181 1.32270586942331 0.736170836522718 250623.382224459 171120.813368931 94285.6378276295 91348.3688673109 1.10816720103175
0.601882308066746 0.627320598276398 0.428013601955985 0.542460633574038 0.314415510841011 0.367687593038239 0.743866942517935 161632.540529876 126032.215437583 84062.4788919067 135886.8781087 0.444378042473536
-1.15788250403376 1.64507767544149 1.7121595405698 1.00938468209329 1.22960685409767 1.14565866460477 0.484858422455682 66333.0343994322 50752.5517194225 82262.8914642059 46762.1296498234 0.113025291357146
0.417320282767204 0.75503594641525 0.34796262457795 0.502950925807383 0.0760087656175583 0.122717304324138 0.31048278413132 115433.650735463 78910.9651340891 83320.5949290241 54612.583740463 0.313279144403632
0.369240863478706 0.768616245622543 0.458576616325258 0.578345953343181 0.184295587792036 0.144339105564816 0.497775621259582 115433.539803931 65061.4812014109 82393.7780158425 47594.2235983202 0.283007245250604
0.119512322674947 0.652949018560923 0.358481814588072 0.505870675812227 0.133867992947668 0.159978646421518 0.270486747784238 87815.3267676286 83527.2926143239 85544.1379731037 59737.5020496129 0.283818070647998
0.248262023774807 0.265386744239985 -0.133147917344495 0.238201830601575 -0.0998221211899391 0.0820107778717366 0.182313325757171 61283.3498285539 49484.5422898622 81209.2481157977 57678.5327174155 0.886461176359333
0.595401434329954 0.974604684035133 0.939072224305689 -0.547093890732355 1.2598525713443 0.281880724843045 0.926508340463351 93415.3883544612 70083.0095478638 83027.5067201465 43862.7484003589 0.148057107723013
0.133568993751617 1.00426942560901 0.346354160568892 0.890047525151742 0.0244296266031481 0.147779165012482 0.175914269778658 89112.8422731946 70701.5471427532 82658.3352421913 42381.4475472719 0.0538776676846379
1.38991400210857 0.69589540084077 0.699095662883558 1.26114155765522 -1.40423288269932 0.551212760321676 0.864186856870806 108454.720665631 53958.0301585232 141700.385169173 237558.104322241 0.926179893911002
0.390668200980569 0.902795639311938 0.736321502650475 0.525180921730545 0.0337599181844037 0.226867180046921 0.275519375612137 89075.330679932 81737.8576363903 85805.8265361092 61398.954534459 0.301961737883356
0.572457701365037 0.699199600419878 0.372667192107052 0.555940633909432 0.403919040693313 0.393180894997868 0.711793324320894 130820.040176575 102699.761678957 83458.4984809506 123689.900590709 0.458016919081405
0.554493489891199 0.893455368484599 0.45089406985047 0.531194798208522 0.173703599961233 0.277774189481477 0.38903798917243 145127.214565138 80998.570814949 81651.4481477036 55435.3218467336 0.420149368352957
0.0397582413569983 0.849172472153391 -0.0169223350471899 0.443203000639085 -0.245426415901287 -0.13434304524214 0.132711467055644 184329.888452081 154277.712069042 78444.0177679929 32830.0476650527 0.0697941191824746
0.14505863580031 0.823664297256213 0.418331963226802 0.467085825543793 -0.039514463907197 0.21347646853819 0.343865028762114 122394.370002045 92307.4874412817 78336.6052514215 51322.498103364 0.43372095079508
0.254591481971543 0.757402951093021 0.123014713742949 0.385209413088194 0.00947914209392742 0.136662894291363 0.435972304548843 90863.0230053973 91965.1281182637 80847.8943352633 95398.4990760671 0.339372445021112
0.0770823405060922 0.965885393481059 0.110019933682383 0.512291732372383 0.0024444947631278 0.0676667812890526 0.1650100281632 119647.136405182 97480.6111503581 80565.3299816802 37494.2093517637 0.0648833078705735
0.405031749161105 0.745881237703931 0.320476477511036 0.575448472678502 0.0451548327778277 0.0638889491368563 0.404764981229825 76696.9904438967 76503.2183777445 84763.6214903668 56792.0733794323 0.284391002236294
0.264208601656954 0.815509412715053 0.549547701570966 0.391089166705962 0.0458930040858655 0.244548365751481 0.436313570965598 138957.019840118 83538.0953553106 85074.2677793252 93399.7001683668 0.282666313272536
0.0370217051584321 0.98713542083945 0.741866780049224 0.227891765188049 0.0216774929790139 0.0707370020792699 0.528684945588373 117147.851023456 101972.287769927 85210.1310599703 86788.0671544095 0.239287220765805
0.411896321144199 0.590976785765788 0.323806548920723 0.496491265601151 0.0655109635123396 0.176489311729024 0.569619635144112 109136.645563477 88967.8944642472 91016.946103733 77146.3820204501 0.475479866118193
0.557747243070367 0.715704694239469 0.36493833467685 0.545356603066495 0.437754148009634 0.408021223704167 0.692432240624041 101582.710859232 73610.8633280741 90396.0966613719 126800.178491817 0.444435096836461
0.405376150688007 0.789664305048104 0.569401863132541 0.410020660840331 0.194832420972117 0.217899734343078 0.370598836641447 112449.669694591 71384.382761508 81205.0448287342 84302.757776923 0.550291471723477
0.264515841339505 0.841835812651173 0.0694515142093026 0.487985966585246 -0.152666442977869 0.0378881702860083 0.145799360836285 55361.725518175 45291.2304096896 80170.4161098199 40920.7348273543 0.836417665636276
0.440774139394103 0.673641656301854 0.349731384191339 0.540606994083094 -0.0602865576412486 0.157121520633293 0.349424702392183 105607.19687572 94541.5038869377 85685.078578827 53131.2459083876 0.123199660536233
0.397314809047292 1.04534720592952 0.818213749959163 0.747539083241431 0.216312936092771 0.247247062699074 0.385479633997198 260692.041637731 213870.384869174 81682.6549428631 91137.0880901836 0.51760460655716
0.519822050663381 0.887319130889747 0.0245773326257442 0.469426144758453 0.0420121004036729 0.222687920337658 0.278785775724046 119919.107649883 104374.257795676 84984.5227325891 48742.109638708 0.34393598966448
0.45860285934875 0.608827509421766 0.188981880686686 0.520235930129888 0.224781582416969 0.289411800245721 0.317777790620786 99015.0795892129 74642.0297076923 87354.7229963674 89285.4063350345 0.264899091376631
0.262179028717134 0.77062939113469 0.678356488584704 0.465851548202902 0.0920544946774855 0.217290372446344 0.0524361016419265 110979.251943706 82632.5902560602 83260.5531191604 47865.1772706855 0.356897083089163
0.395437609583529 0.864879852738177 -0.0643750268147676 0.511545779199012 0.109314073513325 0.290379582654859 0.251192487000732 119677.663164787 67445.5470343768 77817.5362727267 87730.9741202996 0.0150561115507475
0.373614678203154 0.932305005492925 0.355274227009308 0.679784978277782 0.183441676875454 0.046856809162653 0.230567063698539 97795.2477179395 107472.015958067 83448.5309419458 78888.2406563021 0.383635535716532
0.484365371920933 0.909448713932272 0.222125135743404 0.536676514402272 0.0707166051450304 0.276539828983002 0.246275224695132 113202.607184577 101156.548900841 90016.8382684621 57308.1948139879 0.628916328070618
0.269072662256327 1.0359243957051 0.745715363604913 0.73911313508366 0.136405757823894 0.174233045805359 0.318475098135085 253341.023128369 197287.182137562 86292.3308933764 72057.4686618037 0.272439347812584
0.424493401109912 0.708084099774066 0.53117146220261 0.477737705627561 -0.0163599534107015 0.136880433063729 0.331012616135537 128025.115407781 89828.1957147946 82469.5452827507 50866.5585295454 0.437863336931418
0.652919152366699 0.892383223159654 0.76930933749293 0.620781442310158 0.425959259487612 0.496986773157151 0.736177291589654 210426.374550349 115189.158984449 120532.937023005 207189.972943365 0.533527976482412
0.325883507479826 0.831364467015048 0.228471980436298 0.7502497394954 0.0800554521396339 0.277487600310255 0.220988881984126 108666.320670926 107008.123550496 87939.7188592658 75279.2617540877 0.329689161066868
0.394414207370376 0.7410239605295 0.648945350147918 0.562159735914781 0.0847266932621868 0.289857017768852 0.409256675162496 110323.545668156 70426.0340596043 84246.9422845407 37288.5287392215 0.298002182304261
0.190006756718011 0.608650594639659 0.849368480931755 0.656415330522449 0.0978993900756047 0.170765606666198 0.386027152655808 115018.484859419 77091.9230614811 80234.7081874678 99418.6156215857 0.23866529049265
0.326841589963627 0.844328266127323 0.354583125416081 0.65370406029927 0.0743164081351382 0.257863514436072 0.346310698760248 111157.352894705 83399.609165114 88571.6833274411 54642.6467140451 0.245825011587649
0.329942273419973 0.824102400871774 0.258326645341709 0.426149264723738 0.0195767779528246 0.180507112903591 0.352755472759079 101932.604611536 78274.6203735811 91003.9977624618 96068.1806006761 0.210961994551572
0.333689680148703 0.75689944966435 0.409751487589283 0.439701134113775 0.118442890852693 0.131614897503548 0.286492240862359 108624.662989596 91036.9950278114 89008.6646758106 71293.7712909229 0.455205071275607
0.410458621197917 0.765465702339944 0.407068463389128 0.356153153770627 0.201241814085256 0.130546539056712 0.392027442856872 143437.205278361 119388.59378441 81052.3838834249 30138.7095762513 0.306147492522592
0.376929835582836 0.832891158369622 0.324868419091626 0.474090461679354 0.17195756920425 0.107506436382636 0.503956058798088 102170.71746323 88217.6770163898 84394.4919568111 73568.4089065519 0.460815192202816
0.0897871378500361 0.999511950259415 0.96358289105364 0.270152084715435 0.00330740905040072 0.155947461573365 0.165722920737863 88184.5530547609 70365.6511348638 82231.7413030832 37878.6093086895 0.0176932636019533
0.0792460594624302 0.942081198701569 0.528070629790902 0.390593892488558 -0.0124076834930433 0.13468908433057 0.318083650607652 102180.586054296 87448.6449565999 90130.717565837 100249.126257885 0.334144576139272
0.49992821654121 0.815926720371266 0.611469334012698 0.283992609428088 0.0764494952368052 0.212443228830102 0.279951121081692 100190.898742802 82654.4363757456 85778.9221254557 91061.5255626454 0.212783519128085
0.388865074942462 0.599507108248057 0.535975371593472 0.407382264135855 0.00464036342828938 0.143066465282619 0.385060629242316 89029.6716792662 80722.7361620269 88539.2728117191 73119.6048357708 0.165207747403163
0.210378749873899 0.99533313500725 1.06850542843842 0.338122838755947 0.0336206667263512 0.163338451587436 0.208927612424868 65892.2744258981 50160.6370936672 86204.7614860283 46166.9005853254 0.112103405217522
0.404532104713345 0.909438522016372 -0.0766383806951831 0.747537821092209 0.0304833577868052 -0.027428089222432 0.558102316203379 144554.918772554 66101.310281622 88896.6775229569 69950.1235594299 0.288132542762651
0.328271056203221 0.690201699810609 0.547664329775843 0.447394323187639 0.253552297275376 0.197284754348794 0.288186013190365 112974.324002781 88907.0086555102 88033.5748623755 77098.4145989122 0.184802127322754
0.509188568025286 0.601946283436767 0.407999827013207 0.496223699128354 0.171570516228408 0.154590351568095 0.3703721023688 134957.496541529 96210.7426956036 92075.6841695409 95241.412612493 0.270419694008157
1.08911538774427 0.555720561594487 0.603727320882417 -0.410893845321877 0.226706004287691 0.401196144883653 0.789148792925603 84563.5904401922 68472.1610012375 80669.6862205914 66535.5186322492 0.223651951231148
0.344374334707624 0.791729235631694 0.491859524600314 0.476882876507199 0.0793856209037598 0.158384086179363 0.296126211174005 98458.0741261329 74049.2505334339 82159.0950134267 69580.3396130047 0.256968047228398
0.931016361845393 0.439351409871545 0.182460024152837 0.516851330770739 0.158422677934413 0.20977814302963 0.428699752533879 69838.0565446179 55581.3344230711 82348.8566709963 86926.172982104 0.900531751509046
0.568409044099027 0.765962869862546 0.386065682596033 0.476243633179027 0.134790102539119 0.198456925469591 0.249094065589433 107893.998118705 89786.0741376758 81966.0214099709 55579.0612541413 0.315925358530675
0.186737212377913 0.313044964261301 -0.112761620413564 0.361963900692126 -0.0218446954746525 0.0186558624505848 0.226590440984433 162530.347937354 137190.180134894 77632.3532801643 40078.05867996 0.150672068117654
0.33436804557347 0.85100768652275 0.474542023212311 0.478636331701587 0.211796111238561 0.129433884473195 0.40477839476853 135364.465508445 87086.2176287534 84944.0251237847 62554.7662920802 0.282257618268847
-0.376009427729783 0.0295566232100006 -0.336895972627206 -0.444106295518914 -0.481208016671508 -0.429647527316881 -0.15262916396736 72984.9870873509 70185.9214576471 67702.7384166508 13179.7508739554 -0.317755237394942
0.294480380080564 0.58197142255953 0.309816491644249 0.55424096470181 0.12352685159968 0.270267921208803 0.506406829317285 121905.112918671 95862.9703382299 89364.5269137646 94027.6016280982 0.264944463448679
0.354437569680238 0.212654746399714 -0.128190006116676 0.0727763659759078 -0.148362078884413 0.0261233136511665 0.152542322971057 69407.0541937589 59917.6864438031 75357.9424601457 38871.0913721412 0.753802129650667
0.350548011435749 0.741142078638335 0.164608415321702 0.507114392675964 0.184862044493973 0.198708561822074 0.419070029196042 137441.030915831 80621.6019101603 77647.8786073925 75430.3627893777 0.323411121106506
0.473309114536159 1.00106557071065 0.433296433102375 0.506822946235407 0.24320409641451 0.146314272154886 0.463613234808253 133550.701159118 67834.8358336108 81867.0508208192 70160.4646994495 0.0401387827793011
0.332820990639985 0.862643939603409 0.513360193781465 0.54446196249362 0.0990278188210782 0.287494356786831 0.0888116990017382 104493.145403422 93535.5036756969 88563.6542301152 69702.5986252438 0.238729541070776
0.612632121485745 0.582861632573726 0.358452947529504 0.489671220213866 0.190928328518294 0.444169497653976 0.77818902038489 62770.677604735 43973.3446966285 93848.7569148691 122834.24433026 0.839419063264847
0.0851841114327861 0.924196793643689 0.223042442786129 0.846473153010037 -0.13881435144367 -0.102006744037481 0.145934600842714 171300.348755323 142623.287979633 78773.702663036 32094.8635812886 0.0511347694851287
0.674668367631865 1.00911754188464 0.905289932797511 0.674131957139733 1.30156568067113 0.486487407603463 1.05542657506627 233360.078465758 146127.897153564 111550.033650951 179451.759135192 0.49594140731111
0.131705029986963 0.83135151171482 0.102761445836137 0.416429870025291 0.119021506789814 0.181065121406112 0.258208000586919 120700.336881201 96874.6366284395 82652.8776910942 70961.4975383343 0.292943250376954
0.189901016816008 0.614563175949283 0.130096710465613 0.464172173025912 0.231762772829103 0.240217382200233 0.312368161046055 120975.516902478 80876.2733335472 84250.3528554854 94194.6838669534 0.448274425991186
0.131017691997501 0.704122384634372 0.387270693857725 0.444889456661523 0.143022161298368 0.140318955246188 0.272817496471374 92592.5894344272 96146.5490511434 88350.0518745849 75857.2462446651 0.356168616471295
0.165187787285249 0.908550523837885 0.259792309630488 0.877000095849224 -0.0165088899835876 -0.0087184994680303 0.214171427069531 164640.239375491 137181.465989638 78753.3946244828 31645.8880761148 0.151009524848145
0.382379419668838 0.789437589705971 0.426644911703944 0.546739331761936 0.236150873736875 0.300659559237069 0.517699971687837 125370.840528384 77551.6370537985 86482.6444989861 70190.6723495646 0.30728099934434
0.52045902570143 1.01377875277373 0.0244139089308637 0.43923161540908 0.152736442924206 0.259278570061586 0.41701088856839 117111.629770232 89027.2578076352 89781.9070252266 63533.006997723 0.304271942198751
0.49943839640511 0.724661085259187 0.699728092462089 0.445222537632011 0.0839336150486653 0.0881232074196789 0.448915900926557 88531.168097937 102519.360295288 84674.5662811618 65710.8579638542 0.471159705410632
0.0988031538567058 0.220190337618565 -0.184718425586015 0.262601482879916 -0.12144861030734 -0.0835976850735864 0.169871575047882 171620.596151712 142342.138225905 79077.9287182436 39021.1749713404 0.086878023380918
0.370089047922599 0.688717397745019 0.49903385108362 0.413280020721144 0.0931232844509174 0.258446109573979 0.355461319910292 102300.826572534 76546.5104220328 80178.1964764127 50545.7816600563 0.132377965929441
0.205764403967246 0.887234938755033 0.547950523514992 0.491120956036579 0.090985826094042 0.180125058611417 0.342558907420839 123822.732060331 96531.2123927521 80339.5618274873 29924.1556841464 0.20905963026502
0.177327270652581 0.92620128471398 1.10660245885718 0.276447019312652 -0.113970292603611 0.0467086560168995 0.151363808204397 87427.8179932157 73574.0253571239 77970.9791679946 35165.8670829116 0.875401180557546
0.527425943374089 0.720072956032301 0.5929840989203 0.659913900885235 0.642848994323489 0.541624514064057 0.64065612300052 141116.956046274 112275.31176009 83423.2096973137 147502.521864013 0.631541699851263
0.38259696569284 0.574039810785061 1.13971999446462 0.408049530069135 0.23927661252966 0.292444982387654 0.0664320512591507 89145.5690552769 97751.335505795 75043.7355828837 62120.7386572434 0.688441457122539
0.222739007143137 0.823408578959005 0.289121069485794 0.63165996547654 0.118213417378839 0.131806367884632 0.365222924392198 121440.491658019 97829.043221715 89227.3212520135 67511.3025204047 0.25275972617367
0.212960649792476 0.910012141313743 0.912574340556302 0.344524727717734 -0.000300873655098732 0.0120805292259102 0.218682265731846 151501.703572706 125226.157375992 79352.0221330973 31117.5370122772 0.150048954641599
0.127537324350703 0.97859255746864 0.17334487995569 0.478432512740851 -0.104501974599659 0.0431431417509146 0.151379092879327 88032.8555907543 68435.6823726474 84828.1526902427 37031.4854591798 0.0387195250497543
0.0737099758149381 0.94969054967031 0.288252264109636 0.792148823042498 -0.146713337697409 0.0393066115183021 0.142765683265126 65738.1630469287 54577.1282071363 79247.113013651 28944.0118877174 0.803397882226448
0.468244857017576 0.759139714784178 0.596708296104519 0.247281763456298 0.186055203174753 0.192899196913189 0.401351797488865 109282.166577053 85275.3560647617 77567.7402591446 69619.5528557165 0.367052149303268
0.511518277134293 0.672827532403457 0.47968143511174 0.399113738076491 0.210901376947238 0.206917348913525 0.423043051591975 89337.3005626553 92560.8379963078 85121.0924527464 57267.2262286089 0.396416229032434
0.871415317009672 0.380592868393026 0.358698723252938 0.504801501352164 0.00638906571977649 0.245803525265781 0.410390204353919 92360.2553516413 71542.2048202873 84467.5880969909 104859.758112049 0.446492902864065
0.179572211195542 0.769745703717244 0.114450508578688 0.467618732510404 0.11476228223639 0.177224195896045 0.437635456996929 101890.255850552 92429.0650926768 87512.406124924 78260.1895019155 0.30790007076924
0.378041789692767 1.06937120725388 0.845243474819252 0.749994173982605 0.259144900023167 0.310866177653968 0.384962965202698 215462.853467094 115353.963393153 124206.123915017 98915.0727015208 0.354307217983524
0.557407615384283 0.983247004649943 0.80544607848272 0.414663814700001 1.31954645719464 0.355290513452501 1.01707013518409 98563.4101068447 77540.9413514313 83792.1390409122 45286.8616830407 0.0801153311786009
