PE APC-H7 PE-Cy7 PerCP-Cy5.5 APC BV421 FITC FSC-A FSC-H FSC-W SSC-A AquaAmine
0.289982758487348 0.969210157914182 1.04314597755532 0.407038925108828 0.0923389960731745 0.194157489295916 0.283731954235112 117799.958990933 104002.58529956 74418.525276611 49935.24398064 0.247671621147831
0.111263214803721 0.850456528042001 0.881873665877603 0.123921084599018 0.150604489404174 0.0116852318677246 0.140701348036737 80434.4351829341 75351.036905956 70280.9065597222 27677.7979450227 0.326651805505223
0.295418594479276 0.776401710035449 0.883956390725751 0.356152566885376 0.120354081110011 0.251194375700623 0.463461678756865 128117.317898992 141768.459894298 70315.1022598852 37290.8388671989 0.368951935027123
0.107115322355889 0.94448000538402 1.03129899638742 0.346538070872513 0.0655714055812464 0.0930908544666255 0.229896544455433 110854.677326318 98911.3991248911 73521.8444876216 45434.6838798959 0.191100590878881
0.138876513529995 0.946492072611253 1.02860001811813 0.125655637144632 0.0786340410673698 0.0927537679580256 0.222828684289058 101793.637442305 89142.1812664819 75147.376839887 44937.5783271238 0.184174614770963
0.122512163386007 0.901310519312019 0.981105261429975 0.332462358476261 0.0597657562344145 0.0552616258943051 0.223740007000288 157999.749861398 144341.220727095 71742.5266479781 39030.6770078899 0.192445803673971
0.368194878464888 0.932334631475398 1.00461520359127 0.318968604214488 0.0683578944051747 0.0829260144375008 0.228719981681573 132583.34429752 119742.486718554 72763.8995816374 42423.473009398 0.199488744868632
0.114200834674343 0.852847710377628 0.929570078623599 0.046708221122754 0.057964057042717 0.0109775311268282 0.204295266670564 189735.570727779 176018.705593697 70734.538049849 32928.9545648779 0.185252876508914
0.651412029733573 0.937127222982622 0.895206504010401 0.505558748176726 1.06578843392418 0.398731694346136 1.11303535864616 129650.532674731 116090.33451651 73493.8845667563 44977.3080145557 0.213464566010778
