PE APC-H7 PE-Cy7 PerCP-Cy5.5 APC BV421 FITC FSC-A FSC-H FSC-W SSC-A AquaAmine
0.333262702357877 0.773333364448146 0.507583209977396 0.434537298482455 0.147294118170675 0.221327771275328 0.388678731544796 117993.41305745 86233.6098941259 73378.6780335697 39195.5570655632 0.357229193242447
0.241054993064142 0.968093973067526 -0.0881809872620511 0.446294086901026 0.0862522422363788 0.140001910184059 0.241563572105414 92826.75782689 82533.7428981088 73793.9986400678 45307.7875977326 0.170619331762494
0.254497622148484 0.95647781817066 0.673379004534956 0.425422469137045 -0.0274567633022713 0.210618514466557 0.302813661886285 140867.494874221 115664.9240265 80000.0029018178 169437.966813375 0.315589007329804
0.622659448631836 0.676636944380755 0.336839403092164 0.342415201301692 0.222458288945523 0.229408230410913 0.501372669380566 59757.4170953228 48727.5678452406 80232.2546195757 68965.116142924 0.298636989713495
0.379762405938594 0.850386595004457 0.438627459175047 0.564290840632459 0.173203992368244 0.0972560587218597 0.200417773031459 90810.3336030447 107466.916351502 74192.1392094007 97698.650580856 0.527698677326307
0.461993428311148 0.522277368710866 0.124385250420178 0.413354724813962 0.147675657308934 0.175737490152511 0.322951912835419 101685.979199341 92204.8722928178 72409.5776697966 71012.0579664747 0.620215585773197
0.833113728292386 0.331093572015882 0.390191211069124 0.0994070902521331 0.198498145838658 0.265449556494318 0.429118442795175 88824.7152714339 78794.7851829452 74047.4443873074 97330.1331361043 1.03299962173853
0.677942977804635 0.86847696480269 0.526821056729062 0.457335533492034 0.353083968644068 0.27561899017483 0.572837911574676 114141.297204253 100964.763958301 74101.5677273284 66924.2528058531 0.308109629362393
0.811352725939405 0.792215232536399 0.710651031512612 0.67353599849521 0.395077800719797 0.558489341338309 0.851421298995929 261825.636123575 232664.801297702 74227.9183986273 233619.029133042 0.921192708065588
0.750155002307906 0.744645381975446 0.528279395197889 0.60329197481207 0.334439165470789 0.483235933731788 0.788343990123051 135959.499228888 94679.2838116189 94343.1982855164 186225.159786387 0.778955051978305
0.464771527993905 0.965780605916739 0.0428655303278323 0.872464512971934 0.141585484573029 0.199080533141392 0.333170236035524 141628.563935382 115775.643626134 80748.8036541664 67408.9111531775 0.620163055391836
0.184768134616863 0.684562724199552 -0.0593661420223447 0.321765435355635 0.129216274794223 0.0512634120259707 0.115459651536037 77250.51219359 73281.6811346959 69175.1624608905 25229.5315417608 0.0330489813777124
0.340511887258179 0.912977209969032 1.04723828283543 0.404400908625507 0.122078883727815 0.156638706202933 0.289752736577968 103170.795726719 88323.6984713753 77177.6459135621 70442.361264857 0.682329319437834
0.191961794758407 0.569600267364427 0.35932371133237 0.436335680698716 0.151166153955554 0.207511329952977 0.161584922501217 104840.747181825 92658.8107740052 70661.3012230315 79382.633155672 0.437492730317832
0.308467099812871 0.731716400071989 0.901950637975767 0.491602509505784 0.0469919859622933 0.346753780922714 0.226154261176068 105560.863405271 95648.2838913535 73623.7629934928 63663.4255273315 0.255508556263661
0.0422060840819615 0.138921140585155 -0.0755520243364192 0.232158620756532 0.0790836373334529 -0.204493403605544 -0.104991010760026 198103.320864817 72814.7601279715 178980.137060855 158435.390580228 -0.0306626169811081
0.476795008130707 0.848444432784866 0.0888758200182364 0.499153719076587 0.205563093957348 0.110771284075722 0.0700416615092911 128021.135442309 98265.3423662056 68876.8206466341 92347.1302109968 0.230300822826829
0.700764878995202 0.879673100503299 0.771253412006677 0.644393096079207 0.313716553261617 0.471203485259243 0.790114547753857 222164.479925314 124908.380405341 117515.989309779 190582.781438584 0.61617095334827
0.384907578035483 0.706621628158711 0.38200689896255 0.605327611812559 0.201141346023178 0.346139750356062 0.471449150387373 129522.68986826 107652.190215402 79268.1172919968 110625.658428505 0.473808519998281
0.398473574050417 1.03104171271938 1.09017038890463 0.638626315267759 0.163847284157467 0.299262628641162 0.441495779860177 226928.244736892 169308.426686584 88994.2683228356 100562.369985286 0.413477974866259
0.299622957663984 0.986140026552773 1.05370898312815 0.444300510173486 0.0785365279797472 0.165862791376322 0.315579981194592 134105.61815174 120427.451074855 73132.3252857582 52443.4231277168 0.227080680337976
0.362108817406848 0.669428437624285 0.412783820032834 0.479021647847066 0.260752908150571 0.190662615515733 0.465371941331054 121285.142975635 128401.570199718 71787.8764125109 49482.6768845582 0.276005474473246
0.64818354616436 0.941057269384477 0.674913280881104 0.642106427886537 0.252401408653137 0.346142039488547 0.489618574234228 186870.586272838 126412.158713081 96943.8833087516 141929.662377574 1.12099156229217
0.554693303495346 0.814843460681843 0.477765601890459 0.613567100221634 0.291334491365813 0.232608491526554 0.197804022226792 127905.893422204 78480.8769602311 75288.6674331321 66779.8940649061 0.260590266823668
1.32604440041771 -0.839618098930333 1.53030347061228 1.30658802239266 -0.87127122814533 0.379679268219829 1.30133112814233 119295.357859493 89089.9556858407 87325.9123351378 167474.773940467 0.842173447867793
0.513535108838396 0.734514468169138 0.448427264767991 0.539039879590852 0.160647953207229 0.184325260743379 0.414574775596614 100687.221191273 109334.984224215 74869.2935416873 66632.8775598595 0.420952205019257
0.29946893314711 0.777866934716365 0.435406039529718 0.379815415012256 0.131467218994792 0.153320651214985 0.281247344151149 102255.232630378 104339.507048665 75104.4350145967 39305.4935310968 0.300358742229666
0.420389631226366 0.335051484065394 0.559957688955132 0.423046498040525 0.131657155465611 0.177679963681641 0.332909208698578 112820.017287866 98981.5606325872 74965.3313145044 102841.701141957 1.06604899701277
1.33617654835355 0.00522391999229038 -0.479895250978735 1.12539473196994 -0.641037202194668 0.39390942348305 0.912112784004492 117263.121787951 92392.8967749687 83693.9368855568 131109.425317792 0.624946639602818
0.365987307286493 0.649740893799171 0.509587887899931 0.54676959324189 0.165720220618287 0.22312117101462 0.341825031183638 95439.5015057415 107834.718339039 73991.9182099538 83999.554900856 0.484047178936621
0.544487706713062 0.811590346984348 0.725263581280621 0.38137766825093 0.771225209697781 0.172605638571177 0.22890129052131 120507.781996966 111164.074378634 71154.5913972499 33877.65980156 0.21764454426392
0.372876419659149 0.453869381819725 0.207173614599309 0.272989600461628 0.0988450298989312 0.00986435670591922 0.253094259021747 55958.3314691408 52846.2514163576 69299.9730153943 15791.3544126724 0.322740418007147
0.307162728821364 0.98782610697986 0.296059775305857 0.541415487716062 0.122258854168045 0.289634087588797 0.39977527744895 117194.343925972 126991.580897358 73258.735741785 85414.1324663775 0.379136730585815
0.336401059540865 0.803869969018325 0.505100226413146 0.468710408325349 0.0441337216239472 0.113782662183169 0.318271860373035 119753.770317457 98665.6543601899 69241.8735623182 81640.0302047983 0.409938943108643
0.630916701636552 0.639617221542211 0.729395856160894 0.544425258277876 0.253993008952411 0.420091485854168 0.750469129141132 72390.6035878815 51117.4275781126 92678.7223686835 139432.080534928 0.509295041322485
0.510001553678646 0.596495593359314 0.670699773853647 0.462608388592578 0.203507895690252 0.313889358254804 0.830408967551396 111982.345271829 93178.1207522784 78917.6648620983 106394.595922533 0.398758818825315
0.788905547315233 0.778557269005828 0.567603575594683 0.530607149272909 0.284094915467432 0.359372283894372 0.505159006172126 142118.144479876 83078.3463615188 112095.189991782 144330.498468196 1.15971939984513
0.503285751028509 0.494054184633141 0.494271507502234 0.739755000476683 0.497284655389258 0.932419800555696 0.801039452068397 30528.1659553337 46991.428646198 36068.3397695134 246194.092741043 0.074202317299712
0.207816807953221 0.368079627835063 -0.122873423329617 0.437663887077217 0.721814212232854 0.174919721845891 0.186343503621712 112415.752395721 102984.556112102 71756.3176736559 29516.3749509306 0.2176030274194
0.477940786842385 0.829617356166933 0.283521017964003 0.586677835335544 0.153081787895796 0.225317448797748 0.275970814271605 100276.147442436 88411.0566874713 76240.0519507015 91371.1093428119 0.364065151834375
0.226296985810828 0.963597823841892 -0.0621671559141247 0.898325511717881 0.134111013049621 0.135615026191015 0.235277156781307 75188.1241985888 65103.2948605708 75786.6938874845 45796.8926085022 0.159001402203179
0.164279103617948 0.871599358283349 0.85103947013973 0.415263478592371 0.183093338611829 0.0708838340687897 0.37007974842585 96198.3206689666 117405.458454744 73046.7753686915 61875.9920861672 0.549562053022249
0.532038225886165 0.928346006386869 0.363243458527407 0.781541617640618 0.23363839265569 0.361390242763445 0.575436365631087 235714.862608005 178349.569520954 87740.4526952137 132421.485456897 0.490971855949721
0.252746970774448 0.69316856271935 0.579621980814101 0.497730987515024 0.107070154315291 0.108922817598156 0.259692751027651 143458.934597771 121947.127790447 80575.5199796368 76584.9423956729 0.171610195924976
0.345228560236366 0.882842503758499 1.0022446107099 0.333583126824137 0.0880819727786831 0.130080943355735 0.209064684358496 57937.8924710062 53998.944124946 70307.2479375011 65261.1061254748 0.9575937898814
0.411317337562359 0.73393756598149 0.367668342377222 0.310879280371232 0.0727782746170431 0.229835794090551 0.378224233172059 110507.866207582 113741.199149676 76375.1097111118 84620.8131371663 0.369355661702335
0.205789423177341 0.760220090067497 0.629293572345969 0.517353243930916 0.0399297058656099 0.15671189047922 0.391386911950862 105834.180254759 95311.568066452 68622.5825546911 50042.7829699762 0.160449102942914
0.23617407739961 0.599184973474864 0.0818537109984693 0.401001871994136 0.163284074153228 0.354470076923407 -0.0942608771493593 121479.299871814 96592.3700730206 71517.4955183422 -6728.84675712392 0.299988445419994
0.73349613669146 0.346218912283132 0.296358965476052 0.490126261541102 0.175140636843609 0.268402318584203 0.427254111323768 72452.9794428249 63718.5665844166 74577.3392059867 89698.6180036461 0.995495995062121
0.537653898113016 0.528509003242046 0.42663228744967 0.516211098675934 0.27005398217776 0.634689497599803 0.621055482864144 113478.186214898 89311.1872247853 82608.12172374 180453.133311508 0.562000296564491
0.218116845243692 0.954372838570419 -0.115844973574448 0.89548037529682 0.119137439311603 0.122539510895088 0.229661861621639 104065.335002395 94915.591156823 71896.8816241167 44449.2870731841 0.153143467194919
0.503653330932508 0.613186761611437 0.174999096731221 0.491660978688282 0.165852663911975 0.220685862859348 0.3649877356216 121383.765226579 107641.372152781 74016.4975743067 76987.6909619962 0.300786513140077
0.314266936874998 0.9595110070598 -0.0693386600014641 0.810811185354583 0.124926832560059 0.124345920870449 0.303127115936053 134556.972630127 122490.133232601 72105.2715752932 47392.7838659544 0.205916336143983
-0.0617419510333984 1.14541740907321 0.96443768732379 0.627591242641773 0.989630630258532 1.18873505641215 0.912508491615026 167732.813318668 161757.15305714 68116.8975222192 99206.192923914 0.833463396158097
0.509318532101895 0.794726988094736 -0.127529445312307 0.490878563920308 0.131234303341088 0.166556115562146 0.290804229948897 159718.158783475 131066.944664956 79871.3709308822 58423.758952321 0.551320516087217
0.287222352970745 0.703648153933558 0.414476733975084 0.445068841777291 0.188105629477437 0.0715206192968156 0.338138748721119 111681.657933861 105557.890800414 73926.9658825621 78397.2396579358 0.208477924538646
0.375856125358164 0.838034505676003 0.574816203209051 0.591055111149039 0.200354933181173 0.205258821510491 0.389320131854306 112163.407411204 92487.1936961259 72244.6407499411 62080.0426167357 0.423940205676941
0.212056407246008 0.761681628293765 0.361241828844455 0.478702719892931 0.123153277634958 0.17273989843491 0.306396064498362 120102.83916379 108405.816523494 75817.7082953018 90831.2663545118 0.366126320186924
0.28809565916671 0.405493773013001 -0.125240339639269 0.432032412380207 0.118606183050588 0.121203936305789 0.246086179982524 124862.580931388 115605.428177641 70828.2264003939 44648.3251364224 0.1908774898964
0.32342713379739 0.700310658741472 0.353750534479138 0.46942922952237 0.0677067449176565 0.240080859901407 0.319082541608824 115703.24035955 101796.333278893 73315.5322951845 75477.0876728521 0.509449529549532
0.148709352607026 0.0488581796825371 -0.250878258193178 0.360315252345472 0.0453372186973432 0.651556917825615 0.233963169279054 88571.2226604394 43046.6840187329 133549.144629389 251938.796028061 0.448992659658598
0.372658221963297 0.870100039115159 0.696870100137653 0.763786082738985 0.00137312761910131 0.198204114722265 0.20483307700585 99468.2448631365 108393.726537478 72631.9459269791 84553.7439924115 0.44513166735486
0.460959369259719 0.607605686545839 0.724556515925477 0.610138935975676 0.191262253753534 0.360080323740518 0.251185369270039 108534.129751771 124381.089463122 68911.6585759362 99477.3175436796 0.58486524843692
0.39515764786761 0.742318302400948 0.493929060477758 0.34262124935167 0.115767609542339 0.17942944733647 0.106754502233294 138127.296020125 121423.855339312 74717.4040606561 61409.8791077326 0.48264509417708
0.326558986205148 0.791571365791524 0.394743926055493 0.459129143926105 0.086618733140332 0.210602626537681 0.352640124284795 117452.949725404 100085.042390589 75565.7961872536 74500.7512646424 0.229134523552613
0.631385949171182 0.39825724839219 0.413672548868407 0.718907300070614 0.341106046213067 0.590489307279376 0.709650187862544 104582.522271237 74148.7310870167 93436.0424335572 151130.362588178 1.07845197030315
0.289295860686368 0.738844720996107 0.417327080094845 1.00093488091991 0.059770152176744 0.159346569837197 0.408257379972496 140397.605625243 131437.418643836 79921.1042022892 110383.466471119 1.04861383139977
0.604812879329727 0.765636202620259 0.311781243327401 0.794508561524467 0.30987348420345 0.90125046779796 0.883145352828119 130960.613033046 121817.428052704 71088.1263380508 21472.8513746919 1.12484949072835
0.277449518168546 0.762891890776359 0.622317122722497 0.486889890334146 0.188017383774397 0.190777386483553 0.339525704297171 102271.248261489 107239.771085027 79603.2051829044 65564.6876474533 0.229968886293128
0.328582879805782 0.412857696760491 0.381958923179886 0.46518927120489 0.484940837467294 0.651131774285806 0.426303626700849 200898.008306532 179787.139707289 75736.9440620722 116878.445953701 0.408656208855511
0.442832307499252 0.710431029426613 0.599754297430001 0.432162402688503 0.112659090516918 0.201107772966655 0.354561017318965 116554.287905548 118136.817921705 74930.9222179412 86801.9554735556 0.353702465640315
0.347187881120869 0.766482980093255 0.360479439532732 0.647399104438751 0.0987054226820715 0.241580749899243 0.294585424472539 102738.0194906 115209.952604974 74428.7280757488 68299.3383172449 0.389474000095598
1.2074540388969 0.632525480313084 0.628395527335047 0.697259360500871 0.132748922904365 0.391773348883506 0.750197814595475 122158.265995483 97995.0077498855 82231.2747892554 126757.744331416 0.531785354074238
0.496508995072551 0.766357011636954 0.688444358308437 0.692741186528545 0.0715529920400946 0.194427701915838 0.410699487995767 98609.4475264762 106334.74278817 78254.6176052266 85591.3124951404 0.407685570560292
0.641614039691397 0.643783015581132 0.323727597757282 0.540856926120506 0.261014173551838 0.426204995950688 0.752853897142199 101107.767666436 75456.3900547112 87821.780319198 158498.389337879 0.533852309925901
0.339131196710394 0.771350120570155 0.348151115056566 0.508837100071297 -0.0198621716745098 0.291985975669489 0.455751728792664 121244.113483234 97670.5200890047 78272.6602631537 113815.451545495 0.224699497788559
0.204519216412241 0.552464550743577 0.457924485514683 0.53152323065818 0.0269985361512852 0.155130745097545 0.404630823048213 121375.917254398 109741.319759758 74256.2386431565 78461.4926545915 0.419765106573842
-0.329236189035245 0.075384927943335 -0.0527145193896425 0.358828180420199 0.0536428372186896 -0.238618611198126 0.0625314635991035 259901.008771853 242093.468948095 70460.5177611413 206774.248107436 -0.0608323798988528
0.429331643330973 0.735707307329239 0.578832091608759 0.458976146260108 0.148253132206901 0.124938065223174 0.242570920885364 117556.716915864 120604.97186611 76416.5108085229 47996.4219679388 0.365884415410276
0.333047021634605 0.851947782274929 0.0594027270356872 0.516161938835088 0.0617709165472581 0.0548022393329982 0.283411884942713 107505.209240904 108997.881699875 74831.0173630428 91804.5420047467 0.455511735454951
0.388978136441195 0.579524273124297 0.401868910533082 0.163831165381522 0.259590303308121 0.1895762466554 0.985169602585121 149671.265120345 134657.02528087 70904.5975950004 86032.1025259894 0.366669430072968
0.167826736349176 0.862528107854591 0.430227343706528 0.728563975251475 0.89294644107086 0.139037230488237 0.860630523662143 157821.17612696 135082.873199411 74787.0452151913 62685.5356017263 0.259215140664443
0.192087065711571 0.0276042643033952 -0.163287942992686 0.444499375182343 0.0731882331824774 0.29516647811597 0.2917078728153 99812.6036472034 89302.4464924223 73560.0515787395 22652.5887044074 0.399252555140749
0.355379317340366 0.862078839633248 0.634051163437706 0.55341075188602 0.270539272249297 0.214117376034753 0.293253644762577 135390.775580667 107663.109163018 75942.5048680712 73204.9061988405 0.492281792203781
0.34287136651602 0.828043144921426 0.177533501383034 0.463048924701093 0.296674706392139 0.223550304953286 0.421927288272506 107044.337906971 98873.804003723 76926.4975972863 68171.0518991972 0.380656870001299
0.439127801639198 0.7713061763614 0.187213111329774 0.486914261883719 0.138820211526919 0.200831469287055 0.348801968387379 117840.282508229 94838.6810495092 77472.7675351968 69042.3798056621 0.336914591340845
0.333633769354924 0.79351868737032 0.36140462783789 0.558800245671567 0.095841345165102 0.183005369788817 0.363018140475495 105629.642235875 89865.509119006 75917.8900799872 51699.2882249507 0.317696932069462
0.595701847337887 0.653958402065261 -0.117697216527185 0.133578321928847 -0.0285164280306388 0.144911779595061 0.426578884655065 115500.783882045 112739.325602555 73482.6460662756 102356.235816407 0.394507620501941
0.194344161415857 0.0242872029935615 -0.284272821119146 0.170645530481608 0.0777263017741525 -0.0947725700763445 -0.114034012244409 126191.681639429 117719.853297848 70229.2067050251 171171.275756642 -0.117311084458976
0.23007908467027 0.87350021720075 -0.0620865538891814 0.673081610414257 0.469471106300854 0.19043386337365 0.248924222378626 127571.598792324 117542.68683019 71296.2572622154 37400.8599233934 0.273461004614188
0.221498656794361 0.935769475918036 0.996300892507053 0.35812396570482 0.0801699878578953 0.104596852369424 0.241331651389209 134223.339357999 124983.169850144 70389.3077455172 38971.5466625665 0.163477626268549
1.2280214958699 0.342694902445327 -0.638356628607448 0.766676224509773 -0.182260598335312 0.155768792787669 0.514476826532686 87165.8849271465 75560.3917164375 75596.8181442726 80532.4163607351 1.09425851388489
0.91709250876706 0.72624549287325 0.57351396821845 0.0157538445204905 0.314901646910592 0.391820627372646 0.751046645911532 131781.532972307 99002.2911767039 87894.2288739264 145936.509073262 0.745481088493743
0.579117504055651 0.595509465049369 0.537597854283304 0.517377911982446 0.22347728184468 0.354507129510018 0.695160182335623 139485.029287223 119545.242793892 76443.6005755391 120845.981459403 0.454782750696607
0.243333344468361 0.819149526906255 1.05463826492523 0.554488453470817 0.283776818052096 0.188132923206223 0.305897241438435 141346.87640869 121231.90172939 74644.3951133365 60092.2934609443 0.267275067788017
0.637112961831918 0.617440091893882 0.839720894280978 0.552510365336015 0.255213247345698 0.408143115189127 0.713239039672524 109785.55589609 83888.7763571128 85772.9416672749 131965.702762857 0.519359337157919
0.381850260257093 0.693512333638286 0.0729322951844529 0.634198481129953 0.0497700526889499 0.188648047945834 0.49636695124915 112505.970948143 80202.1422338213 73989.6025434058 48226.4051763433 0.374876931646721
0.622764277894117 0.679917116040976 0.464846406676319 0.512838090021703 0.247506880733076 0.357612414738194 0.705311710782701 86614.4094545848 71252.8141859854 79752.9521165201 118837.653351867 0.421173200422225
0.46371637824239 0.56399134241105 0.573965962707617 0.548310725390399 0.124187824723297 0.307444629731556 0.404271063449099 106860.052386376 103154.0301179 75357.6707890081 71678.0924827264 0.433269472130302
0.386667794102538 0.746788688358197 0.339253597410152 0.533024416585374 0.17429271703696 0.137448332208178 0.485191385030002 120289.545709609 98710.1391451613 71089.928590055 62637.6596823352 0.222687462211857
0.624836117228389 0.628897212905983 0.386486787058167 0.532952954515749 0.252239441772107 0.40627382923739 0.752895538127623 126313.343762645 101230.678088677 81788.262768377 144109.507950354 0.513971030084458
0.821357121850179 0.823371606741014 0.641352231094834 0.64784313085643 0.347510699864326 0.502239514386462 0.77773582818376 140860.75412836 71757.6142555267 127823.313839833 197841.188874509 1.01696252564559
0.414592095462636 0.680869272215927 0.766392327915804 0.51460114890467 0.101316213139433 0.243398732532151 0.493357328974946 121903.056611586 94359.1775081723 76763.5682399039 62442.1278896014 0.413394975313152
0.416203698827295 0.830155702788633 0.607702560160643 0.543703156399013 0.202737861191635 0.145696636829062 0.464625201880969 104181.689154674 82112.7824503605 76435.0991525124 60445.9047827286 -0.00283542677965396
0.197218763448251 0.696294677193009 0.488590216493517 0.620927539785415 0.103857688172714 0.219550335401233 0.401970538436807 130095.734528726 108161.721361147 76171.0116384109 76884.7380919538 0.282090378519457
0.16377941216209 0.816051188020151 0.660685058391212 0.508705911316885 0.25801144730209 0.197871580261519 0.490731647970393 131054.249907925 93833.2687678705 75274.6031139519 76304.1053589005 0.622241648788712
0.45016288603158 0.941784681865773 0.690532828190781 0.525908285261949 0.141151700726982 0.104257583869393 0.21623970342319 104330.884401454 117960.934649664 75551.3814946128 91241.2804697916 0.278349323023514
0.336673870907322 0.747942411793264 0.153626819260614 0.629895464886844 0.182919042598117 0.259668393902703 0.389968109563615 123846.42865108 91938.0674830724 75519.9969055414 47901.8572668379 0.216317719765082
0.356972718692673 0.723446121428549 0.4984078305531 0.442632673759499 0.184818600427467 0.0981550921698673 0.351874038403673 124439.505829852 114017.251415385 66862.113065967 47326.1280792378 0.378985034633671
0.67479132658883 0.749024013835688 0.263802331625902 0.260189596416924 0.201111895084096 0.107455316819315 0.398001585455197 102114.395986273 95640.1742104232 69999.8708649532 33261.6526308322 0.128123822510109
0.458817301552018 0.827937082146434 0.460768318675305 0.723601592508128 0.150166506572916 0.146831640579147 0.426940010134116 137546.600380166 100092.783282781 79336.9925141602 56724.8835532911 0.250639871042965
0.278302489683577 0.846719784341079 0.0213786489556604 0.491574699067747 0.103476497459277 0.159558378271571 0.36461280740199 105192.802778414 106547.140183046 78629.2567987613 66061.0244411538 0.17672534754431
0.343404591717146 0.792571934169546 0.341424414676678 0.579350303150736 0.241659648741053 0.180995872021137 0.347656440091156 103634.397378911 98688.4247591252 79827.1131395331 79729.6717777555 0.421032235216008
0.280286788757588 0.458218992781471 -0.119241875282379 0.461716918112875 0.132601574945009 0.148022922443641 0.277169671062107 97234.737260467 85941.6648947871 74180.7809684973 51041.5872207341 0.207505261253037
0.334384787358259 0.903810922190501 0.409702127762907 0.537999903187115 0.0777927597233117 0.0927944961632302 0.154398704530527 123171.580922078 100421.980130632 81631.8234593037 90162.3493507102 0.516431450615983
0.785609038091411 0.38732998797625 0.302207906299461 0.332826884077042 0.183606393955531 0.214679451616371 0.390148418721163 50095.8622004768 42833.9330635565 76640.7920193824 72573.3606708742 0.90174414756484
0.310607932903897 0.785823013308657 0.0909507064182396 0.531979710008898 0.216206927769495 0.161868428097996 0.566800878786133 112726.480970002 90571.6615467153 75342.0917730057 71842.1777586495 0.449643390554724
0.0474143689686021 1.58068952649507 1.1443556985344 0.374214057276651 1.10032191091858 1.46125216465498 0.512782264653645 96489.8223326519 76326.2332651229 79321.5206741081 49219.0730695677 0.246254722180754
0.492096994397888 0.741007891805605 0.507402775198903 0.514619900302435 0.130984553120951 0.16994076873229 0.268221724060924 114156.350578514 92444.1062510314 76011.2325735272 35440.4672812821 0.49270580272407
0.305718858463901 0.628750024105058 0.339914537835306 0.668005201631517 0.0878668879970535 0.188971174342144 0.225261686420105 136786.616228051 75447.7854125822 80867.7130972242 37354.3517736371 0.497778571873402
0.237233154337943 0.861448090928064 0.984770849147674 0.301716145687538 0.115642730236198 0.0473019974772681 0.139193068514741 58787.7239763756 54044.0884269983 71348.0772560863 31350.2450869347 0.818949732605818
1.25351366474431 -0.647168322691642 1.00922093779361 1.26402936553562 -0.801850260689746 0.53257850010563 1.14899811138632 249925.78066723 208513.851019273 77496.683366615 247721.099603572 0.815388333496933
0.336197779609153 0.81525402974582 -0.10668828400553 0.638918991237209 0.103425274027403 0.0647631532385907 0.175957190825121 56259.525733541 50778.2366569161 72538.4669949097 44483.7852936886 0.887637575949211
0.3243643870488 0.785981737583724 0.526237220407274 0.486478807861939 0.106339115171341 0.182516562552968 0.281330037518774 100525.750768935 101743.845049442 74445.7085880366 45024.6417674759 0.446951313429478
0.231039647713546 0.822106324780082 0.444114681406365 0.404786982296508 0.117213072344849 0.0839385747240956 0.44315439928743 113593.814648416 120931.093708198 74710.4256870732 88780.7797447239 0.549471658870356
0.34119803026825 0.750512717753312 0.682115469967914 0.606903193604239 0.060180110116333 0.136409579704632 0.556989869007281 98024.8136202221 105312.97501295 75013.2175189051 104341.436538529 0.275524305024396
0.677841114855058 0.283735527146169 0.33073644865998 0.50021668128632 0.146492655496465 0.290139386713467 0.454269170330654 121052.300489804 107560.449047356 73829.3434120921 107851.045173781 1.09330473513555
0.20300260055289 0.77188100795707 0.145392773565166 0.601536589451137 0.233638080184485 0.226798354303754 0.318165930703498 136922.576565325 99952.8774823188 72255.5512687554 16108.3041717072 0.25755107469274
0.242371764857073 0.849938297145218 1.00373582784851 0.33294085609503 0.100756191369575 0.0785511247118913 0.19979229663737 96395.9380487163 89753.0195581425 70449.5241643137 53026.1322661353 0.939997407678494
0.374899110295384 0.786113104608388 0.254134674825669 0.593066179659218 0.132147345937303 0.106576871661773 0.509991467743926 108838.080221065 66249.8245522136 77310.3725624762 73238.3191285064 0.0719866078085518
0.545135900042181 0.627061648717946 0.294918667704655 0.339333867875101 0.203509525311234 0.435911947428038 0.660009314938503 61562.6808075085 52376.4835375302 77432.5336845451 70571.1306647888 0.741741802880925
0.628204611315685 0.877797493254096 0.0251058318102095 0.816912335485538 0.167220375526176 0.0811549839043256 0.218875004791567 113462.875590924 106569.279253627 69913.9880670149 29899.1006940587 0.0967033192130344
0.172455982043293 0.7439344155517 0.145534421281013 0.44497958360696 0.113302453190799 0.539894468276749 0.153934085830631 69043.448311449 63640.4164994183 71394.3259760093 27870.7506712112 0.888020030120341
0.184994261343457 0.703626388524828 0.181081069169117 0.474250893006408 0.211019605290336 0.230357078236556 0.247351751915778 105804.821560754 107208.204354332 79731.2461319472 22639.0237486938 0.549547806633918
0.380558625973791 0.867418460865975 0.406905144071823 0.567733809411096 0.0917639315258723 0.277870092827507 0.284834642518166 101839.443828995 111170.931132762 68269.1874728038 52465.6592463573 0.380991710577697
0.363208267098878 0.721227734155611 0.362702608082566 0.454716882570639 0.296263445654772 0.177065683285149 0.462722531654746 131341.58651417 100698.575859978 68317.4803598434 58209.8649639033 0.555579872249117
0.356266873358768 1.03602352962502 0.7072065461309 0.739191108793157 0.115221996467492 0.244077832216712 0.387839107952728 240059.416431674 127887.011929542 123847.04638575 80859.6372454241 0.353257729218348
0.903849790960945 0.709600442264824 0.464861921314106 0.680405404309042 0.384271962067207 0.463934468483677 0.649170042666205 125570.380655296 96205.5404987874 84327.5844958281 67982.6907703786 1.18557333715502
0.365120091405784 0.849172344976977 0.898195850324439 0.456328822893252 0.192465051387453 0.151475537496931 0.429434839157232 138117.749404781 90481.3395073445 78832.5636232914 71460.5974394754 0.317708108212764
0.226379215968992 0.648922746953976 0.0983113411991924 0.441159779226905 0.191636068008781 0.148833993753666 0.408375366788943 107012.217993033 112075.712469234 72819.2098485794 77619.9981712972 0.480190978949756
0.412528999895187 0.674846009658659 0.955868681595784 0.507514593635462 0.0588142679054874 0.220673517430537 0.467166325802528 121047.181945592 108341.864593091 76113.7551311477 63316.0063111599 0.329419693159021
0.614120112768612 0.602873683546049 0.394768211438278 0.533533912505446 0.203568911670845 0.275529676819148 0.415383859146638 84581.0118559487 63294.2336763458 87943.9593201342 103702.638125213 1.07009022143832
0.330142312563122 0.813131260405558 0.798969452945469 0.354973428500745 0.145118309412638 0.15054750897935 0.228066647890783 124505.540323584 118525.886031851 68492.1804573929 58019.3178801927 0.261126934473802
0.455350887383683 0.787407374444697 -0.0264140538732139 0.657845441147245 0.16995133774753 0.219261840955169 0.305450738591993 115565.216356228 87327.7094528774 73755.7173379702 60502.5364950366 0.332776497989894
0.383510535006023 0.735139197145243 0.396857830146672 0.485099921207665 0.188001470205905 0.152012518484816 0.446112630136501 117311.092962917 109571.386764821 75615.0533146567 79821.485076802 0.32829352249775
0.275022256688019 0.0585256574912635 -0.105641878766308 0.522208702706628 0.11125981272026 0.404074361240109 0.420820566109288 96203.8304605523 75469.8829574191 84069.2053489684 80246.8974848193 0.544651178132724
0.42644830763662 0.800744221935634 0.442021849887138 0.512712940913901 0.136103518984244 0.219863638692612 0.388386053358116 86852.5811429766 86926.4741002802 73573.8016582508 69551.6612602773 0.260911085503439
0.218657304290363 0.727934191850059 0.556028795110053 0.538692108649741 0.212246683939636 0.182149116101296 0.569364469348539 149024.463806901 121118.868623867 73614.4189474779 44774.1323425772 0.380143180664235
0.358380742368846 0.810540787188303 0.231970556499228 0.53700751598796 0.197280129892058 0.202109476344631 0.561618931435227 133862.371648816 101012.799009349 80339.6552128342 68407.4360908826 0.457411493112052
0.701461585196963 0.7019460010519 0.843830281586772 0.621488634738253 0.399706631261534 0.472753162213595 0.759157039202993 156366.563724962 120190.728179371 85608.3067331418 147471.855419798 0.652243576197158
0.774804606330715 0.947906550341441 0.319858338436653 0.759560034469795 0.847906833270488 0.504511972571044 0.714961526589988 105265.520401198 96924.0011116308 71371.1863018677 43870.2758660934 0.219680954480753
0.320790172122798 0.648212508559491 0.0419416964048458 0.417084220578438 0.752748578032074 0.152360569556568 0.165852805996089 67717.6642954315 61778.4547173275 72025.4015767642 42541.279475929 0.950601079178037
0.461284809039018 0.651982745250877 0.237610053433206 0.547363709536919 0.214890100299893 0.0617063573228493 0.388224530749069 92858.1864116371 105414.583833138 70842.9843025897 60418.4059199931 0.411423220182297
0.287903914120066 0.865645854882195 0.562840017486764 0.554851906121724 0.257338550399056 0.235074436386554 0.27945965356634 102922.754230796 108492.326121776 75449.991788585 49246.5938471763 0.433266299723272
0.643612963188166 0.803830098262722 0.704552513921193 0.257596033357285 0.154972618169113 0.210064160116859 0.277525145892389 95616.8714830048 91175.2500442675 72709.5719029828 44564.309881858 0.276185111979715
0.404907433318393 0.436732508925922 0.511950575829806 0.527994051397853 0.257621734765669 0.124278670181582 0.433662230141809 104221.269496102 104583.315640118 74259.1092301543 90804.5283234211 0.3428808575967
0.226092914690092 0.784932518322016 -0.221887281238075 0.603581290893543 0.135225212863633 0.0662415358498823 0.17830202256902 100614.597932674 93720.7405010187 70457.3462654393 52149.6943336447 0.934061718244753
0.353099444055367 0.805748767169076 0.555360261981386 0.516758892545551 0.239755784205775 0.280535359041724 0.194829445316178 110786.022765131 103954.82555772 74068.9004047906 66626.4301153122 0.352903714174868
0.359668338204727 0.767692631819279 0.553559524575224 0.431734361274752 0.155619190359616 0.153619495078608 0.466288271825589 122359.978392035 101307.142378951 76117.7368901567 62107.7611701395 0.142238505134882
0.422171459756383 0.772954652571021 0.537627615525724 0.492524271450251 0.217441095235874 0.143854537517135 0.376513199907754 135047.345683152 108264.872799961 74089.1304442334 36169.6160641935 0.467289557183176
0.329522188255597 0.361500508955261 -0.112992864324591 0.366758090433473 0.105818151831363 0.113922624511709 0.251980337836373 106636.623593615 98420.6239776716 71083.6259893992 71362.6456795414 0.987967307879261
0.195140418278119 0.919615527179259 -0.0744188746525361 0.813091885236428 0.136084750543156 0.0664605208198416 0.135746593006091 70231.1083424895 64940.4686749693 71085.2359520606 25624.4122837142 0.56611088309342
0.708890405733158 0.700815467875895 0.558961392584634 0.610140232528704 0.349945464073283 0.488572675424928 0.818590562136456 208635.465296279 163086.839675745 84112.1583099519 210464.101686903 0.640722339242139
0.168187208800231 0.842816983269135 0.412277606811315 0.461777899310786 0.107391843537727 0.254546425255285 0.412107282176377 140385.901782218 98032.9731506409 78325.6885543321 48193.4903069649 0.532844549685181
0.411417907208328 0.556656504942412 0.398596702876061 0.529873015025198 0.105320202076217 0.209889547347004 0.339983338714615 107315.651219459 90862.932329169 67141.3459135146 51405.3199820498 0.504338298284853
0.495243125262864 0.848712304976166 0.660920006064423 0.395105891496301 0.215116286132166 0.141116986706981 0.360644295641874 109481.407575892 109701.401591204 79833.4492293572 78160.0495281407 0.431816479417788
0.45160399044641 0.652873054702308 0.645080885079561 0.315671176249657 0.241618644039198 0.128322518483818 0.422555073598766 91744.4478361589 104700.824213091 70415.4550803205 54879.0278508139 0.446163531012829
0.385246941957737 0.791529414960445 0.23847334056914 0.398699370043054 0.0840153795795812 0.164016152304849 0.393206881913826 94948.3137545443 78770.9651307752 70397.7635030607 58343.5909095081 0.626373396610884
0.228311432720606 0.835737936293326 1.05151295670328 0.298893109371259 0.0837166258554215 0.132632153916807 0.236882874513065 101909.069792963 96494.3248283499 69291.8513356447 42928.8293059485 0.160580074445022
0.217336161188932 0.711798464919809 0.47895591004688 0.582303129052772 0.0492433930457366 0.222394855411466 0.211686936308801 124040.687908586 105924.818691332 75192.7980416231 45872.8069693284 0.577999696858044
0.306611961136971 0.826888585753868 -0.110847473077845 0.564559707470074 0.102077273214667 0.0747413364180118 0.207055698337096 93765.5507718752 86865.9263258193 70808.0474335649 50861.3795649283 0.942435227883696
0.310907763650873 0.794212712782212 0.846813127786737 0.509620958339399 0.357243217635949 0.236618784894583 0.252310944267915 112062.838183462 65701.7576331858 73869.2024587643 44682.471158628 0.610979536717169
1.14471750295273 1.45137202420705 1.50902824903929 1.16913447608027 0.755068448505876 0.805917915478071 1.07308285129455 251664.502149658 243085.53071916 68456.9572903001 249442.222440006 1.37059766429634
0.321794263166846 0.365742973445637 -0.106655562594962 0.386273992723473 0.11041606443707 0.139129588360252 0.26350827646209 77615.1291009097 66183.7124548411 77025.4020489167 80760.605931985 0.985759757083227
0.951852105799375 0.960922585516671 -0.0772269406123411 0.915359416842915 0.443806526004441 0.107955571260896 0.401475489996064 112893.053763289 104999.769403104 70588.2039513264 43895.4718151972 0.176112954574771
0.129457081090345 0.0594818509578111 -0.174543211646863 0.409309367913549 0.259394208850707 0.259534049628202 0.202063399108027 69140.5521357943 61173.4866178043 74517.5422318913 39350.9779201507 0.919424059854664
0.353435660653417 0.640411454578846 0.390322479188863 0.599522775772496 0.307019985593452 0.255556776055185 0.411195407981422 138819.524589735 107605.189364671 69679.6829316787 62688.9472175019 0.26833951126622
0.656885762159837 0.665395808483504 0.278595549303898 0.54381030918461 0.2697761279536 0.433470642446152 0.758629093497149 69318.8154742229 48054.7518051726 94611.731937569 169415.122393094 0.548033863730535
0.366526409850324 0.792553109211429 0.186044501913861 0.505098958616815 0.11864910379132 0.17648537891488 0.52004271337408 114280.72465766 102410.318284805 69805.7476904245 45801.1833211828 0.44581263874056
0.455138832908213 0.787515260302998 0.430547350299534 0.362614581944112 0.141169562724705 0.179406882908413 0.401557333810882 124505.522149737 106483.546251146 74481.9509359866 48674.6964664919 0.300929712841067
0.373823824850776 0.766859539904552 0.454261332076225 0.542439542208292 0.204008704008316 0.139429765428627 0.3368739707528 113503.187581025 102918.567685224 74973.798322678 54607.6388924649 0.459068500039267
-0.571662619597646 0.165249548667962 0.202072095686955 0.536806696316739 -0.115781394549856 0.814960567761369 0.382019078562001 259108.115547617 254854.998025647 66557.0104967174 260525.537972028 -0.033009161200342
0.017584368870663 0.926156895107286 0.943546649013587 0.629272601597699 0.143290670152775 0.0493144263757712 0.459237865326057 128732.571422572 104090.698371583 70676.8208580036 69828.5140965194 0.562805151387478
0.220967200837985 0.954874356539447 -0.102757764799923 0.46099328834583 0.0812212529670151 0.105397485859248 0.243457906382156 132702.291287937 123267.511846098 70610.1176664896 39882.5792511158 0.172081425015287
0.456901301891591 0.929375298285002 0.586547694155898 0.653267443946072 0.147110461228508 0.224079746028958 0.382617821361994 132726.339669639 90644.0208821901 73904.0982598629 66844.2619050985 0.479454927492957
0.488694756660706 0.801279080290197 0.442638504709968 0.548632046657208 0.12945997250014 0.121426124738632 0.390935810171516 125969.878487976 98814.577132555 74383.9329734676 47299.9877991098 0.325922120473591
0.338558475965105 0.675251700052064 0.530389828486047 0.537489757955374 0.0641060493722164 0.192162002662793 0.298972454714291 110730.233116614 93321.6283041242 79043.5852273286 73559.8502130885 0.28495483217054
0.418542119379941 0.869561077878974 0.542650010648898 0.467534817875014 0.140688836305504 0.129821612211322 0.308151417880468 126960.940382395 107414.987343192 69764.0075412816 73766.5194231809 0.480630993548308
0.361362397114013 0.891744942610305 0.421051683470386 0.577866326395469 0.154648186189459 0.220184129035387 0.406760959487125 117821.143450726 98452.0099999898 73093.1388899139 73041.5609010138 0.389550771608753
0.312310948706154 0.831224595005414 0.554995460843443 0.520894818105646 0.118817899354927 0.19625765410909 0.393250224529681 127232.258519251 84609.8202475915 75548.0779552672 64534.9521337225 0.586968927177293
0.354063141941058 0.654300139397499 0.0764648114325544 0.331197507062433 0.251780419629491 0.018400244206829 0.536823767061132 120968.37718439 110858.468995243 71506.6645402758 23388.5795586209 0.481037073683579
0.59883790582696 0.699368720795021 0.659027077632062 0.489243629407597 0.239941811132348 0.35410817341681 0.745235726762681 63163.7464195158 48887.31045933 85308.5599723291 93618.511810781 0.880332487296259
0.0992575921184798 0.28370036519761 0.41429895843385 0.553382764980409 0.51469774028865 0.7258463615372 0.509497317875313 261332.754863197 238626.182731603 73200.5933118546 261029.92634522 0.160803227260556
0.369597174226937 0.747297509874199 0.332060117749137 0.440146007871173 0.134042550892608 0.148316712931627 0.445416749583059 111616.50646059 109670.448529469 73887.265390623 53558.7178204259 0.172916099004688
0.227675901717864 0.666814554742117 0.0396820948608614 0.443747168139645 0.214962668510499 0.218117702741708 0.276269756053561 121477.279713998 112231.618889674 71025.2934267201 32540.4127623191 0.284377549372435
0.342097133718642 0.71028399019711 0.366190694381118 0.552641499142783 0.211103779967428 0.202621472004472 0.483114309877892 117408.517807962 104626.77910617 73015.8054070641 75823.5786522566 0.345101333213714
0.38572496961105 0.721507439723802 0.515190710088659 0.628600719669591 0.1683579830165 0.157886475678339 0.361412861516411 99486.2401934338 91860.5508076975 74727.0379323484 76348.5352058912 0.459857188137806
-0.376397345320737 0.0291598782961697 -0.22091755041344 0.294436781091619 0.0860226323222703 -0.0540736654248759 -0.109887770036481 235049.895821142 208828.142627285 73538.6559056386 181107.562179626 0.0881133201276683
0.369497242722584 0.605004259814694 0.363050581293162 0.471051863590028 0.21306631781097 0.143613512218839 0.334618993235651 107384.282052504 106544.47916046 78193.2138429593 83492.8885671833 0.577890498114707
-0.755286733996185 0.0774179548705678 0.618074456023398 0.697900282370198 0.656290342418642 0.79073289850473 0.640169146059028 262130.127744603 255944.177011971 67117.7839179172 262121.229338729 0.300801308126035
0.396242451847526 0.77870838152994 0.10449425032723 0.461804901052033 0.0826509198746105 0.233529535119819 0.27637828342058 122635.185578647 102471.092909444 74526.078678204 67871.4404653549 0.374468996625149
0.76008733651047 0.738778479980774 0.554646574083448 0.596786162156126 0.314799768997303 0.458837582051677 0.753577316493905 200951.260598017 154276.271613849 85478.7949236279 181356.62658038 0.863310813930078
0.629908642378191 0.609317756010788 0.435981319726173 0.596166708279781 0.162139634741527 0.24018732588252 0.368153743323856 119040.172109719 104144.811063795 71883.2439942616 81517.4663233189 0.252398489778445
-0.640024905895284 0.0733350939405136 0.457138055288633 0.613314963681118 0.568450660713737 0.71161933442616 0.523872111149122 261920.994317797 170706.359480572 106907.779982518 261859.683733552 -0.0824261645787703
0.341234786077531 0.684939861866718 0.200570573962668 0.508227158723984 0.279936006844824 0.135380441162849 0.389250326175711 109343.020018272 118527.87384338 68832.725446318 72839.3659485952 0.215268382287011
0.472889815019012 0.621199548643666 0.919926267894463 0.337598629955227 0.191840580919996 0.117963651915292 0.681043661750743 109722.638626646 92612.280380893 78151.6401600495 50922.6215744264 0.29513185051433
0.29144978486356 0.846054312167187 0.855501963720717 0.444875146887472 0.100650101987853 0.187794023462548 0.260150822086828 125472.124267872 85100.9541652492 76532.0895671972 69541.41348889 0.307897438612076
0.840801733642808 0.627607433371187 -0.200538925998224 0.693292534048123 0.385130065149953 0.971610816068124 0.681513408248413 247025.731325976 235888.395154831 67023.9525690643 235234.652994801 0.926486604289171
1.11364475690933 0.723580492418533 0.690536062012907 -0.207517767697374 0.317141108333753 0.298465583867766 0.62171697172877 87777.9764481448 67386.2216744979 86114.9749259513 82239.5446703055 0.452019908036886
0.41491212727677 0.559624280437544 0.621518521921651 0.379790244680469 0.165947108860631 0.154223176664124 0.448021872684354 94582.5586539251 107367.753425217 74750.6230334084 93260.9470887885 0.249736689607551
0.217349319794216 0.957686969134664 1.0393618236379 0.34787119083014 0.0878754796861617 0.122468171981265 0.231782078997954 106774.177065059 97687.1855760611 71661.9666424122 42950.1060709022 0.156515583770224
0.203390219340096 0.655841946121907 0.629881112033508 0.586887906966787 0.0123245072756892 0.142115088137468 0.0815699923677312 129012.523134797 121967.177468971 76799.4665258705 85009.496758512 0.279885848035234
0.323227591055029 0.65059425773903 0.736831683764398 0.442928738637496 -0.00544310448320431 0.161043953132356 0.330303763145451 80759.0383659622 103255.725011652 77518.1671757001 77607.8966036297 0.582309909229464
0.661259781014356 0.60016159615261 0.977564164431541 0.534955992058424 0.0777073557059501 0.229129037173852 0.23568098893835 113213.848379901 114561.253637439 72352.3751600794 79340.895987699 0.4542329172327
0.230411945888716 0.967002682565975 1.06672331390165 0.351203669802563 0.0981793971769551 0.1398731054107 0.240496628314243 81951.607788674 72213.7513342652 74396.0489805759 47472.8744006363 0.165365925708552
0.409525334685883 0.719709049408177 0.780318154203492 0.492519923213547 0.212974138620363 0.0841793341963847 0.383284748800101 114707.10085045 98422.2917593344 75726.439220743 82857.3492926585 0.143797174983389
0.279401207779938 0.687698139000116 0.566630446824394 0.562767407216291 0.19548948036428 0.192446818169139 0.276970141810868 128199.60080293 100785.975047503 74200.6149460158 99784.9212451991 0.311526553691412
0.691018024081028 0.603185426288965 0.559290431988187 0.170465976535482 0.257865445481327 0.381549451724741 0.767020957015891 117028.058246843 94678.1462786974 81316.9410847755 131119.071058031 0.475638482930642
0.746379980190291 0.853527479444281 0.426081505687559 0.259604471709737 0.33861646546333 0.335897517627261 0.684802698624949 112518.034414118 95637.0500353493 77222.9377865322 96965.8959943399 0.356023822564494
0.35005369288775 0.766731716553962 0.0558167733581064 0.49901652386809 0.0977617252544962 0.157210033018595 0.252144617728296 150128.528523724 105625.891458704 71731.7709375465 64003.6004823768 0.463134310708188
0.764544319708586 0.735786347092355 0.37032502721275 0.522328441471497 0.562382564954695 0.320594133214561 0.540860378962466 82855.4447812517 75552.1624899008 71794.8504256847 74876.6220805246 0.905932652323901
0.0638892988127649 0.961963046508843 0.893644532140402 1.22851560166849 -0.0742582521269467 0.57856348667603 0.369463820443595 121958.513869641 115026.301995944 71058.3736765411 63412.8851442866 0.224478890668773
0.215053077201595 0.196759284522101 -0.168014559760118 0.412001044589782 0.0882026157795794 0.104444528271507 0.256572219509845 159190.217519383 149304.326077683 69898.8338438431 38150.2616841128 0.234169373451358
0.128240904755012 0.667792025477411 0.988562812348514 0.480701992349698 0.09433763605626 0.169986188761169 0.265434264172887 107956.702677262 86230.5672072013 77039.833749314 33143.4365454543 0.331000928481836
0.395728335716126 0.97729006419261 0.384472531214157 0.40215698346235 0.211775520051107 0.184835195430655 0.397002787950969 117172.161134946 107851.804263192 77381.7524267972 74288.1932927287 0.368210940160585
0.228769939884775 0.769492668980518 0.605540302380764 0.499088240912992 0.108776615917217 0.106897729229297 0.369261929707582 125085.300049528 93878.5459318953 79699.9226987739 26178.9728121375 0.462439493330788
0.350352017906462 0.449661766471362 -0.0881052542106802 0.336015972286273 0.103461610803557 0.0945532503215009 0.194265879040692 56439.1694278942 52253.3405619286 70700.1762272122 43078.8955919282 0.850381726896086
0.949132371813373 0.849385502715565 0.747655442788233 0.771526861477089 0.501448739283986 0.724151222581569 0.890727800927172 245730.776748732 133976.244065787 124133.09206159 261132.429642995 1.31720069424
0.488927401884865 0.785633759590059 0.109146531047987 0.586849148087588 0.274058928113559 0.137437367894986 -0.0681112862134126 67046.7330388639 70496.4601100695 61719.9049351362 162236.741276703 0.146950720533363
0.642234830699092 0.949006006044651 0.950902561643148 0.329546081404684 1.11012671745133 0.497340311089011 1.10217150927031 118575.599326576 108830.697463808 71554.8145935982 47704.8349602273 0.14969928353887
0.665151066322929 0.713571296261008 0.299669543734335 0.428174155250698 0.272194117374442 0.405469599071895 0.791468491715846 75083.2763835221 55372.1468607673 89461.8320078094 145874.23429995 0.77333167473859
0.0150796161940294 0.0562326767495523 -0.214937325907336 0.169437660003873 -0.0326438267811164 -0.286053015270715 -0.19687236783359 150539.899006075 48059.6067220917 192824.553822646 -6273.57477357704 -0.106318184917128
0.337585244480243 0.863464860129447 0.430090530036926 0.373825598845927 0.138341213054249 0.23247848728019 0.511396153300607 118339.277727063 112870.278362967 79973.1062380233 56292.6426466373 0.418855817113221
0.356056632387436 0.810534108003653 0.269578022898795 0.523934363310858 0.130350470470146 0.280641224031624 0.218322374493676 142917.245859862 115491.667323752 67710.4855573054 57691.1090989028 0.281419267119177
0.433140168054423 0.657079200148621 0.302755011267575 0.464204528389262 0.134915350012575 0.153678790731989 0.375522624784513 117461.127023101 128596.769921458 77183.8677625191 49657.7330656943 0.51304726972209
0.399203341775584 0.78894067280746 0.179709229272983 0.435250562543838 0.195083953172428 0.105052722577364 0.430369720941575 100070.666011107 94340.181227471 83052.8925039689 50966.2173662779 0.259934724227812
0.436890978001289 0.733441096938164 0.102195310363195 0.522135453553983 0.248022349783611 0.195495998602357 0.208786994245416 107382.713804902 103208.481429827 70346.4647020678 60232.6552931356 0.544992891426612
0.168859588926477 0.891932113696857 0.927437516766371 0.283789443258656 0.119054993081177 0.0721602096901836 0.121268508888297 70343.2655056469 65669.2658927999 70467.8284639513 25494.0828294594 0.152124471568263
0.342873675808209 0.726972407433054 0.318179069139024 0.503775801991888 0.179692973345045 0.126894282788589 0.412838848504509 107458.935528168 100086.377845118 74926.8499211148 55308.8820841791 0.413633992231682
0.309345740849179 0.761179319564307 0.254819302058292 0.55932513242078 0.137659710223685 0.219996653052681 0.406983306323726 131022.780532174 106766.19809996 77147.8509585259 54308.3196084208 0.285021219466688
0.53898606611198 0.473139789411574 0.193204919604044 0.513590105142625 0.675959544119885 0.382002939208769 0.595389512016809 105452.217429465 84721.3198870752 82363.67048463 103106.91590817 0.471829466511658
0.0426354516580785 0.053916374731163 -0.165268193761274 0.206611733049481 -0.00480781707091332 -0.17650997719219 -0.125868814968881 77871.4953018657 44701.3272363279 113387.63583167 176288.397936814 -0.0778894662097067
0.374084584219911 1.05775557493458 0.342731982600265 0.500811084770611 0.097566313236816 0.181399167843844 0.320267631629172 114725.897170383 112284.144609833 74736.9830137851 55833.1608381171 0.446042181282944
0.278425880714098 1.00297698355955 1.02180029994877 0.252583426423809 0.29931594492891 -0.0527261652166545 0.381148851827982 158879.182485215 102085.445724449 101807.899352091 69684.7716976856 0.988593133438133
0.886879192913537 0.839320789407415 0.708758651652063 0.472409934608917 0.323445906233905 0.322203183993035 0.605723155597212 97548.4820427246 78664.371535017 81308.8873556063 81385.5790175946 0.413748367279029
0.0595677519655944 0.72459173673724 0.779106798986171 0.562629862086788 0.218944270780801 0.127894039673284 0.410510770906113 109627.752060693 96359.1453071003 77997.9156513264 43363.5990521288 0.442955621632882
0.223255086307817 0.935075060671606 -0.120437386220627 0.876489127545862 0.116645453651223 0.0992514193652722 0.23914594996211 133932.363221714 124921.066033856 70291.9987480564 39127.8185331273 0.159925849449357
0.553026712192993 0.806087657061894 0.746986467411156 0.420448554640207 0.0656931832469575 0.146159856096957 0.256499049514728 98412.6802581484 92825.1785263869 68781.1754934357 106725.28462368 0.371734607385712
0.349737127716147 0.795492991140326 1.03687642577315 0.503042666481503 0.24833333744223 0.249826360954305 0.363369725328809 93434.1462732962 126669.025248375 78524.3352187706 92764.2533822941 0.45034137808654
0.709885814961054 0.561779415327966 0.0866919424523701 0.529459465042819 0.811321334751016 0.387216091885257 0.447767736667373 111371.253172671 83846.3374905014 88444.4807939919 105258.680342063 1.06469632515728
0.287821201822447 0.630069664722351 -0.105344468643498 0.431346250141598 0.158651729657333 0.1564854746971 0.375334061538483 92980.1923808692 107916.302779116 74490.7626745782 73967.7841146756 0.51956773799161
0.612600796525127 0.610488072284364 0.871453471061399 0.537378653455781 0.245434877320006 0.383872340540841 0.679006039151647 130215.578637745 106637.208668106 80045.4769981045 122479.493245543 0.498349794169232
0.935469085089675 0.836492150731625 0.611017927481811 -0.0285487290212754 0.346587329163651 0.286582816195964 0.590570072237027 117304.970524625 101958.59611715 75631.2403106943 73164.3934960595 0.362038856340128
0.36457553662665 0.718993713867201 0.45127451057994 0.473344164836567 0.189810146221226 0.072543634135239 0.227257087999716 143678.978246777 102431.826947276 75207.2113715249 74675.416678462 0.3245264032861
-0.529902797030751 0.0792528554622302 0.264214169696308 0.521821560761413 0.414807251163791 0.530717242466218 0.391381672939255 144418.149724957 87510.3627316537 116292.44163329 261924.16731346 -0.0226556719298564
0.28337719659929 0.543823690095326 -0.33502803221506 0.75377105801726 0.0869631324911303 0.0125431912878385 0.225695723724983 120885.254974012 114421.971154848 78642.8407935796 21962.8224681243 0.175270084154664
