3.202161829440027807e-01 6.299662203052945886e-01 6.556038172179696755e-01 3.915262547689452588e-01 2.095854265181862908e-01 2.738968580224306337e-01 2.959490548103684837e-01 1.104730698977169086e+05 9.523223683432607504e+04 7.610859852558877901e+04 5.208182933133136248e+04 2.172668965590178747e-01
3.054615235726658717e-01 5.924403455114665151e-01 5.288533691629857536e-01 5.149088292510421994e-01 1.725296742770233982e-01 2.479724585986138874e-01 2.845358341239334066e-01 1.286297638763176510e+05 1.063260629690257047e+05 7.961040462229050172e+04 4.080381485566568881e+04 2.278184071420898682e-01
3.279679472018976472e-01 6.445054627549388071e-01 6.359436297838851893e-01 3.429754132344420836e-01 1.832715075090103340e-01 2.750966874305026955e-01 2.871934650405224554e-01 1.283470646910494543e+05 1.063417969839681173e+05 7.964875850493475446e+04 4.306179248445561825e+04 2.162136508029294524e-01
2.896696307580964302e-01 6.369495075478475155e-01 6.411890547001464213e-01 9.730730815258928357e-02 1.918359244676918207e-01 2.573197324769974648e-01 2.695913559459196529e-01 1.143551088291445340e+05 9.474901456143260293e+04 7.925643909893737873e+04 4.020197388714355475e+04 2.062269032285546921e-01
3.264153637094738269e-01 6.304899700328197021e-01 6.318955744781323824e-01 3.746108016186218692e-01 2.108817966924894372e-01 3.090329821563341794e-01 3.460084420765007773e-01 1.276829505656541005e+05 1.045971218905493297e+05 8.031117539155198028e+04 4.573014435201411834e+04 2.370101259956244877e-01
5.065109809373870009e-01 6.281585431726184332e-01 5.905603394279076435e-01 4.271020473229840686e-01 9.134706272694157470e-01 4.953631350265690347e-01 7.330763717922822442e-01 1.110079554807153763e+05 9.074765233908167284e+04 8.056812419124244479e+04 4.883420199392968061e+04 2.172895664736135823e-01
2.838505870192152836e-01 6.186523115203417245e-01 6.273866348187412401e-01 3.688154927665566740e-01 1.796213324408806877e-01 2.334814570735358474e-01 2.816728395684170994e-01 1.521418863647418912e+05 1.273216122967919364e+05 7.833074033131194301e+04 3.824497082483724080e+04 2.163558616338953355e-01
3.154187248277807165e-01 5.731817608507711048e-01 5.233180804018736643e-01 4.382786517656417358e-01 2.559493042751144753e-01 2.713790230131534198e-01 4.012164569307731798e-01 8.967715127315004065e+04 9.798511035713972524e+04 7.733439843604648195e+04 2.625364942905595672e+04 2.859740581882401766e-01
3.777415184102524970e-01 5.875169339899857235e-01 5.113926196377179823e-01 4.067788837719584216e-01 3.273548024065135453e-01 3.331379845355696978e-01 4.301351789851392549e-01 1.106559165234063548e+05 9.286090057817423076e+04 8.156511277893293300e+04 3.449795692438728292e+04 3.129047177081535347e-01
2.643845193614101641e-01 5.998026572725406735e-01 6.111412632360649910e-01 2.798789185172900207e-01 1.679685581620131984e-01 2.009074997719333677e-01 2.782080165783431536e-01 1.893081291100079543e+05 1.616578193041922641e+05 7.676904098425959819e+04 3.391674223820802581e+04 2.144331491622214481e-01
3.460254955123944764e-01 5.928019341425614375e-01 5.412866016668427260e-01 4.287825827114706834e-01 2.736735045960472790e-01 2.762385889703256603e-01 3.939185135009776739e-01 1.228037527829117898e+05 1.177951055815773434e+05 7.828206074616675323e+04 3.409686510911910591e+04 2.615288768328474789e-01
2.939888354444081253e-01 6.383548107366422419e-01 6.471908937446272381e-01 3.635495482916150656e-01 1.911390280568258104e-01 2.732280691091008018e-01 2.818547796689744867e-01 1.075567866922711983e+05 8.816395335347462969e+04 7.997813021478989685e+04 4.422000657409539417e+04 2.149413790276128722e-01
2.792695845859909931e-01 6.694203483237469721e-01 5.399033412454360414e-01 4.731936833305844248e-01 2.608008506600715259e-01 2.893480739553908054e-01 3.922669094744807849e-01 9.327851149933756096e+04 8.575671244903148909e+04 8.150592808047222206e+04 6.792476977103458194e+04 2.862908481220609591e-01
