6.098831820244509094e-01 6.245955914885098492e-01 5.637572485816417789e-01 5.632193966749392544e-01 3.195882044787225484e-01 3.723408072883863662e-01 4.396725075633194368e-01 2.085849044298912631e+05 1.542051304038962408e+05 8.917992712227022275e+04 1.312632686854170752e+05 5.824394525240207399e-01
4.655140119600831294e-01 6.292279046018069977e-01 2.306848731542698039e-01 6.927445939127054864e-01 1.936276558446287099e-01 2.794583305475590307e-01 3.113904944406487019e-01 1.305996096781722445e+05 1.024069229313534888e+05 8.425934858362044906e+04 5.077359787660217989e+04 3.437645543601986486e-01
4.723144334154906199e-01 5.782368916387368163e-01 3.605335114220574733e-01 5.111707646563783403e-01 3.146055428721359348e-01 2.797754868742680645e-01 3.713572584217574302e-01 1.202253703097562538e+05 8.878224340333387954e+04 8.513431651945620251e+04 5.226294366398344573e+04 2.623305352877695062e-01
3.825788091820729320e-01 6.782925270745763235e-01 6.559701847730948776e-01 5.202680511708337452e-01 2.485169086408858807e-01 3.257689516066265001e-01 3.548750806905981992e-01 2.066135468720236386e+05 1.522051887252199522e+05 8.926490652647448587e+04 7.948900750541622983e+04 3.842794258539699026e-01
3.391814989986940421e-01 4.244167913798595482e-01 2.085959204394569333e-01 4.216043435567738973e-01 2.600965375946108216e-01 2.752097342311066175e-01 3.308469813813252336e-01 1.490112836970362987e+05 1.271315927465929999e+05 7.708213828178233234e+04 8.537462550281352014e+04 5.869104906334178251e-01
6.738951557284651450e-01 4.788175379160131140e-01 5.631566517999839760e-01 4.173296910270647420e-01 3.316147835339676719e-01 4.012115993912812595e-01 6.416822753500397436e-01 1.220536779245219223e+05 9.295534666896985436e+04 8.656983099155074160e+04 1.358435155551419593e+05 3.494320593965694055e-01
3.816102322581065298e-01 3.822154983978074960e-01 1.817763178270461466e-01 2.719869786336378548e-01 1.990546484219563872e-01 2.214066237079125310e-01 2.720838052313717115e-01 8.321039706276690413e+04 7.276249948653044703e+04 7.480924580361360859e+04 4.004370363338729658e+04 5.310118629726119366e-01
4.720450816573001362e-01 6.496417132171556919e-01 2.345398391356338652e-01 4.693864018346014522e-01 1.760550604891419346e-01 2.679082394819972124e-01 3.272793496189677076e-01 1.866826934448360989e+05 1.507438689337075921e+05 8.136334041247522691e+04 5.216611087549412332e+04 3.568255899555544119e-01
5.648914712079889933e-01 5.674541141823138402e-01 6.134014518602642907e-01 5.622338465262433083e-01 4.316189893111987974e-01 4.233394820526060198e-01 6.245702056250208578e-01 1.685720615908828331e+05 1.156962692270245025e+05 9.601967033929453464e+04 1.516825003769980103e+05 4.040414596365198285e-01
4.983969364186290329e-01 5.642030922071347154e-01 2.949164166720472657e-01 5.484383312737144411e-01 3.165079010479910360e-01 3.687479015699984819e-01 4.052669707214265338e-01 1.954255547721172625e+05 1.083262717867502361e+05 1.193943810738643224e+05 1.236075022966763936e+05 4.671879890512945499e-01
3.960549885713136598e-01 4.384927946622177442e-01 6.570658665019410982e-01 4.642228729000271170e-01 2.910937260498839274e-01 3.328739317532419251e-01 3.972162158118032194e-01 1.310783369066084269e+05 1.006877478343102266e+05 8.574859027758346929e+04 9.797854716217452369e+04 3.081148583592570045e-01
2.916673713522106581e-01 6.193277879062561997e-01 1.827489061171714002e-01 6.399913276792613681e-01 1.770549818347610660e-01 2.436836988074250199e-01 2.597253205806925314e-01 1.009095826431009482e+05 8.764145644622409600e+04 7.541503378962547868e+04 4.069283635316891741e+04 2.092668535325681034e-01
5.465467644555803695e-01 5.061909893749819700e-01 4.219376155321339916e-01 4.621481431633038817e-01 3.074110910708130473e-01 3.857234183010389561e-01 5.039699288830057355e-01 8.169561258547568286e+04 5.579394940496250638e+04 9.599534010609092365e+04 1.083711364775769616e+05 4.745410073297902098e-01
7.431090153422388322e-01 5.963232630108735721e-01 6.187408393746300916e-01 6.546889757649539121e-02 2.697190530482044823e-01 3.696967703565174901e-01 4.965007181909921186e-01 1.570684622045533906e+05 1.076355015723707766e+05 9.840696461700680084e+04 1.071282704539039114e+05 4.395148293770362313e-01
8.209394307262776191e-01 7.125593172207921322e-01 6.746682379925615924e-01 7.000015253894420475e-01 5.250188045402751635e-01 5.491874195311566842e-01 6.685664778777065109e-01 2.615885638196190121e+05 1.725892628945464385e+05 1.060475983020069252e+05 2.610742913430783665e+05 7.746662874802835441e-01
5.069395446002341599e-01 5.283653245336961124e-01 5.010247543645479640e-01 4.888076836930242419e-01 3.416535848072343451e-01 3.874617041402788065e-01 5.998814847009418250e-01 1.632314834666337701e+05 1.325634852312902221e+05 8.069125324448995525e+04 1.169898326224330813e+05 3.417268384369973599e-01
4.776546068533305545e-01 6.426749240908776750e-01 6.593548152274921748e-01 4.383175523313159738e-01 2.668688905333339023e-01 3.288474108558765430e-01 3.644229675812000191e-01 1.210346679486487556e+05 8.676003048342428519e+04 9.158301313520493568e+04 8.639242067194260017e+04 5.148278729271084098e-01
6.387210762543894527e-01 6.006452473723001839e-01 6.207212954480187950e-01 5.516686639102531542e-01 3.945512147153785731e-01 4.443821440836062120e-01 6.127565901453696506e-01 1.874748784104756778e+05 9.099961659327734378e+04 1.360600856401507626e+05 1.934057969853024115e+05 5.321486487280274735e-01
2.943130379759299475e-01 6.288151369925015777e-01 1.584124467943987535e-01 4.165073125776704854e-01 1.638265668985602608e-01 2.133836457666300479e-01 2.837562323656702135e-01 1.705545020450458687e+05 1.439970886959088675e+05 7.771242231175408233e+04 3.575125220608212840e+04 2.188119999634903223e-01
4.759573130898352988e-01 4.034939917359009476e-01 1.819033783333364462e-01 4.223745645352787181e-01 2.480005456865942981e-01 2.808105068956426864e-01 4.154793573515218053e-01 9.750909486415921128e+04 7.888090590079817048e+04 8.118625418424232339e+04 5.567240027423386346e+04 2.403616318963508192e-01
3.202161829440027807e-01 6.299662203052945886e-01 6.556038172179696755e-01 3.915262547689452588e-01 2.095854265181862908e-01 2.738968580224306337e-01 2.959490548103684837e-01 1.104730698977169086e+05 9.523223683432607504e+04 7.610859852558877901e+04 5.208182933133136248e+04 2.172668965590178747e-01
3.013302716137885584e-01 6.101320936642927739e-01 3.979638115349154459e-01 4.025999788158782788e-01 2.064999064508430127e-01 2.539617730789403560e-01 2.855634025068241599e-01 1.260174217089872109e+05 1.061410006063379697e+05 7.744979317395556427e+04 5.468129659698866453e+04 2.067258703137285769e-01
6.215226880803187415e-01 5.963769964249712174e-01 5.246570460219239784e-01 4.362050644542058153e-01 3.444487251757222812e-01 3.742190545846739158e-01 4.275318843873832653e-01 1.295006240061041171e+05 1.031172573140383902e+05 8.249167462886348949e+04 8.659472011894773459e+04 2.944986299660123374e-01
3.867664113863902298e-01 6.393020037588803550e-01 2.339855679684518242e-01 6.610586944072683879e-01 2.381221336723407522e-01 3.247699954628781582e-01 3.727411769766819649e-01 2.583254934460643271e+05 2.034805153205684619e+05 8.495706918915043934e+04 8.728350387888321711e+04 3.028603209033111643e-01
9.977070923597070040e-01 -1.872485923151486764e-01 5.015035723494564168e-01 9.247338972938327073e-01 -2.994636013365998828e-01 4.215854110621110595e-01 6.654576327793445545e-01 1.366148359492080053e+05 9.918695366784298676e+04 9.132050131919381965e+04 1.484204358697305724e+05 3.763865159285266215e-01
3.147163677132109316e-01 4.867902356368796757e-01 5.283645559392928792e-01 5.134231866626783880e-01 2.292030348140238483e-01 2.551187776104932858e-01 2.546315097267300986e-01 1.477765035742648179e+05 8.243129521083607688e+04 8.560078812673996435e+04 4.484343562198826112e+04 3.036242470650944991e-01
3.054615235726658717e-01 5.924403455114665151e-01 5.288533691629857536e-01 5.149088292510421994e-01 1.725296742770233982e-01 2.479724585986138874e-01 2.845358341239334066e-01 1.286297638763176510e+05 1.063260629690257047e+05 7.961040462229050172e+04 4.080381485566568881e+04 2.278184071420898682e-01
3.279679472018976472e-01 6.445054627549388071e-01 6.359436297838851893e-01 3.429754132344420836e-01 1.832715075090103340e-01 2.750966874305026955e-01 2.871934650405224554e-01 1.283470646910494543e+05 1.063417969839681173e+05 7.964875850493475446e+04 4.306179248445561825e+04 2.162136508029294524e-01
4.118323296011457968e-01 6.761555252592563736e-01 6.617165680309244902e-01 5.330404874043240815e-01 2.619760364342376135e-01 3.428955595074201779e-01 3.667699155595445792e-01 1.796142159004109271e+05 1.025006811253186461e+05 1.159294835978761694e+05 9.094188696758890001e+04 5.659512341667265467e-01
3.285259520956925194e-01 5.935975004826460344e-01 5.840310209812265008e-01 3.578671181765293863e-01 1.870118545417521483e-01 2.240631963151765438e-01 2.931522259530265906e-01 9.290134783176431665e+04 6.969289313269488048e+04 8.734754260191429057e+04 7.720014379393897252e+04 2.530219395495993950e-01
2.404516128980191403e-01 6.065692138847776915e-01 5.851216184452395774e-01 2.819502008399997206e-01 2.146948274392793121e-01 2.009578110575153675e-01 2.457913397369654585e-01 1.126533022770720709e+05 9.440004015648752102e+04 7.796140674918616423e+04 3.083832827986888515e+04 4.128323890747322422e-01
3.010533382390002677e-01 6.321095689839600906e-01 1.967728154639970251e-01 6.772717937434359348e-01 1.971329548841677104e-01 2.618538540058659714e-01 2.884371030905796274e-01 1.087538105691082892e+05 8.936153567811373796e+04 8.068488134655516478e+04 5.541635130232872325e+04 2.243506313621989046e-01
5.326180814418381981e-01 6.531344496893519702e-01 5.751427830485592585e-01 6.974952151582415327e-01 3.739499678487053780e-01 4.325777765850060130e-01 6.235637127952905479e-01 2.414905724730705842e+05 1.425816340623304714e+05 1.139726803909943410e+05 1.741576762792422669e+05 3.872789890213660380e-01
2.937238602536455523e-01 6.116192548864378686e-01 1.689447960729297815e-01 6.829730052963896014e-01 1.528040558292300122e-01 2.151234017937755372e-01 2.797103448911871237e-01 1.688474984600094322e+05 1.429029575041754288e+05 7.748519364334741840e+04 3.586850810482299130e+04 2.150838809125342199e-01
5.443682142259056445e-01 4.769126166343034545e-01 6.265111863032636341e-01 4.956436081037983721e-01 3.435554799333335740e-01 4.226166415389239206e-01 6.563166297118069314e-01 8.311434586615816806e+04 5.656579699061450810e+04 9.637041095340256288e+04 1.619675748188173166e+05 3.639533968130868602e-01
5.110556483164633290e-01 5.154559738348573061e-01 5.947309308074399947e-01 4.894160977672602497e-01 4.933239964375555342e-01 4.175368992127348466e-01 6.275398553757043363e-01 1.342399520550943853e+05 1.001227837206928962e+05 8.810609062747945427e+04 1.339489862712074537e+05 3.429273152155054571e-01
4.629238360644530315e-01 4.428965662766173317e-01 2.674607498087231972e-01 4.396857509989354762e-01 2.409663324889959601e-01 2.844764791569517892e-01 3.359824259184802098e-01 1.318701626197654696e+05 1.058433438351875957e+05 8.196683554832452501e+04 6.408869519573214347e+04 3.314642271111951088e-01
3.185302332855338703e-01 3.926900161320978633e-01 1.765084140725212691e-01 2.809170805268299542e-01 2.284952103307810733e-01 3.562041688686324870e-01 2.875089527724956628e-01 1.193309090365532611e+05 1.002806243053485960e+05 7.814903838537850243e+04 5.129983129757750430e+04 2.171832617734125448e-01
2.736612945764482219e-01 6.104778639788553951e-01 6.088488405793734959e-01 2.794479058743239985e-01 2.056687956971743614e-01 2.528835046904814310e-01 2.391130502021578119e-01 7.225951376950849954e+04 6.249110562990161270e+04 7.601941879783735203e+04 3.369305537243445724e+04 2.640345791093837158e-01
6.108148094778784731e-01 6.580689276558736589e-01 5.808181377558496727e-01 5.976918552982983801e-01 3.467898249438425839e-01 4.104951368767167930e-01 5.580811132254054341e-01 1.807991728035277920e+05 1.171358061973644362e+05 1.011413666152210790e+05 1.394039311792738736e+05 4.683947117915803759e-01
3.322060932368547936e-01 6.261762918550516366e-01 1.970337825071817039e-01 6.958020865242179331e-01 1.905690432119609978e-01 2.667975626888015594e-01 3.184178017721211451e-01 1.807421524944246048e+05 1.443166177316893591e+05 8.262376707996569166e+04 5.863241034090799076e+04 2.528826283949421883e-01
2.800070377006373956e-01 6.251214447450074152e-01 2.046356539392467644e-01 3.993128043038453034e-01 1.804810283248439173e-01 3.643818259183363995e-01 2.670216063946846963e-01 5.669692716313523852e+04 4.716001492283244443e+04 7.889613809985936678e+04 3.105067519752393491e+04 5.419893513761127046e-01
5.193571054921423125e-01 4.587863352489873758e-01 5.596520325367907445e-01 5.196785742129198526e-01 3.626087400460368815e-01 4.531808643741312426e-01 5.760810925181545361e-01 1.682185319564723468e+05 1.255170874687831674e+05 8.819113529847588507e+04 1.535932000921349681e+05 3.739477487404295752e-01
3.920394554422473865e-01 6.730031929015346526e-01 2.339631182851087121e-01 7.195809839853469780e-01 2.228437312793008773e-01 3.316294552837253384e-01 3.624603120325264327e-01 2.219764679943673254e+05 1.204373108572179335e+05 1.232385800666624127e+05 8.543599994095067086e+04 2.888177388892754216e-01
2.968949421881174056e-01 5.879567542285417669e-01 6.273688834099918621e-01 1.713485051846374285e-01 2.123417531827902494e-01 2.137836100887278712e-01 2.721330445333128845e-01 1.160618469974020845e+05 1.017325300569960964e+05 7.511059716556174681e+04 5.037207962682982907e+04 5.549163852652105877e-01
3.688785045632914650e-01 5.785138911427650799e-01 4.685477647434283521e-01 4.439190725812396932e-01 2.163773509139985673e-01 3.116652584536281911e-01 3.516313476902175328e-01 1.396333224853260035e+05 1.073182468575847743e+05 7.783245529530907515e+04 7.411916824981079844e+04 3.608668981905009399e-01
2.886381281400628995e-01 4.679052350902504487e-01 2.094185855523006679e-01 4.064291615329722607e-01 2.173664547851882622e-01 3.790068179409281091e-01 3.003528096701156280e-01 5.979400346152277780e+04 4.964481917508068727e+04 7.907004412984789815e+04 3.574464404087783623e+04 2.181956946265824482e-01
5.295879097446405392e-01 5.085415139570330645e-01 5.471874101107734312e-01 4.975027921690092780e-01 3.445849726095204235e-01 4.261718086408856632e-01 6.336092357658549279e-01 7.000884757984876342e+04 4.479846839787322097e+04 1.025644971954136563e+05 1.503027079688407248e+05 3.756046011004168794e-01
5.808894336785578316e-01 3.020309345110105403e-01 4.327872352407785561e-01 4.547083429021291368e-01 2.705827092502028908e-01 3.283290399884601363e-01 3.840754131284214723e-01 8.438573971827708010e+04 6.836154856328578899e+04 8.101566332900436828e+04 1.110433899752228463e+05 5.972925652477714120e-01
5.408081193340923409e-01 3.351465021136838529e-01 3.370432390415755708e-01 4.522276307524686900e-01 2.509257943514446310e-01 3.022596429068848400e-01 3.866861976559120007e-01 7.929209926906389592e+04 6.532468716012221557e+04 7.976217799939341785e+04 8.313417882286528766e+04 2.672764421206307861e-01
3.021887363055426601e-01 6.748094795733950990e-01 3.113458203712556327e-01 5.672361504181840930e-01 2.669181406620622643e-01 3.271993487714706661e-01 3.159626750972645004e-01 1.116759827213984536e+05 9.328665626980055822e+04 7.860215378762623004e+04 3.345494019800458045e+04 2.439975612181060904e-01
3.452429573473612123e-01 4.417369411355768216e-01 2.314614589501665931e-01 4.335512492581090616e-01 2.572760767474703836e-01 2.819927867412607703e-01 3.512955708195408255e-01 1.604162256545249547e+05 1.271411305819502886e+05 8.313017149399849586e+04 6.747970700631066575e+04 2.607040857617623497e-01
3.098015036417345880e-01 6.311936247093490326e-01 1.811884135188368550e-01 6.842811291491766035e-01 1.693242299642453430e-01 2.564251954954697710e-01 2.817440228011129921e-01 1.160984769786141114e+05 9.571673007895023329e+04 7.953469267587600916e+04 4.317374309825683304e+04 2.144223446042214931e-01
-3.496763260366823056e-01 9.534255853089653732e-01 9.381797708200038111e-01 9.652522854200281666e-01 8.614879829483256257e-01 6.014071352067890119e-01 3.972517708933793190e-01 1.098653814225699025e+05 9.029405922866925539e+04 8.045613780856493395e+04 5.071597221121685288e+04 1.956331085022824934e-01
6.089130886937104137e-01 5.201704848789534541e-01 5.598108258648011315e-01 4.604405355587791737e-01 3.098395071896405395e-01 3.746893712884821759e-01 5.534406798381497072e-01 7.914085786184330937e+04 6.073737631217352464e+04 8.527843766896553279e+04 1.000458830835757399e+05 4.057363586369717723e-01
3.621779313826175573e-01 5.645398151129813469e-01 3.369735016533911831e-01 3.965997813496421331e-01 2.783822178532797120e-01 3.374294895822587126e-01 3.496483136718153695e-01 1.260938370839353447e+05 8.210236661931751587e+04 8.403532021672339761e+04 6.781578676916722907e+04 3.619131793307414635e-01
3.542338964199960305e-01 5.995659594661572056e-01 4.374967723492900196e-01 3.795304807061312125e-01 2.355472565333030510e-01 3.326937004602605330e-01 3.285963797646984097e-01 1.196688305415638024e+05 9.490156760520725220e+04 8.090985343683615793e+04 6.258245951422826329e+04 3.009956072052135112e-01
3.542519013785255799e-01 5.689061804940979128e-01 3.560318095066276056e-01 4.392279199521662569e-01 3.083406710260941375e-01 3.402808089730047225e-01 4.302597533821702069e-01 1.352528468476351409e+05 8.989004898183222394e+04 7.890807967794936849e+04 6.039734658406029484e+04 3.289030366780191783e-01
4.371579684103255037e-01 3.549258402633585496e-01 1.601790165012532130e-01 3.053514160539398947e-01 2.069581568785674730e-01 2.365286440217756470e-01 2.698268814040514219e-01 1.113843162187388662e+05 9.283209172078741540e+04 7.882502835843157663e+04 3.817274261863690481e+04 2.146934686739531140e-01
3.947978836520010804e-01 5.983710811602627189e-01 4.122196902240070071e-01 5.325287945432251036e-01 2.003237625911447051e-01 2.954142124210456521e-01 3.889259622200001432e-01 1.066179607919919072e+05 7.146714662453308119e+04 7.886633522108472243e+04 8.117796966344157408e+04 2.298424652493622211e-01
4.081095947935389767e-01 6.617082104141124299e-01 2.406999638861804791e-01 6.597957081786398614e-01 2.359118883944373024e-01 3.570479370882014836e-01 3.644980139539779618e-01 1.592570148287898337e+05 1.018657588547431515e+05 1.051391058344332559e+05 8.586814833416670444e+04 5.709645764516437794e-01
2.909108392005372856e-01 6.385586889738786853e-01 6.726889471303612034e-01 2.869361187722408446e-01 2.044886904167605157e-01 4.150279715123176838e-01 2.705535942424887597e-01 6.581729415743233403e+04 5.464790206242594286e+04 7.914846231983373582e+04 3.477373616849013342e+04 2.175322010263403272e-01
4.290453264213390239e-01 5.504989917849022474e-01 4.067537181099281640e-01 4.231130402438417759e-01 2.419869582419480469e-01 3.358605355335774201e-01 2.806296529040897547e-01 1.232823066252902354e+05 8.977230995405121939e+04 8.502349925805209205e+04 4.703353862484564161e+04 3.164630657322178298e-01
3.316115835604560580e-01 5.666854647698158498e-01 4.325830094122733449e-01 4.694282004733378311e-01 2.329582145648465275e-01 3.181393299287080811e-01 3.655480150865337841e-01 1.348229742027092434e+05 1.004578628410082456e+05 8.114838237402572122e+04 6.860739442798111122e+04 3.642834748416489687e-01
3.828457644082334799e-01 6.875870008308250236e-01 6.608612881868408673e-01 5.429803587222642447e-01 2.484037133015561671e-01 3.411354321620996832e-01 3.606906399629364324e-01 2.221466899157463340e+05 1.128831868023900897e+05 1.302558168339536205e+05 8.540761586029642785e+04 2.898075525752552006e-01
3.536475577210732024e-01 6.255441593029569258e-01 6.284226387058499119e-01 2.262842327630635586e-01 2.832367751576319037e-01 8.153637384183256565e-01 3.787118047664593812e-01 1.084657113324270467e+05 8.860753048940477311e+04 8.144789054363039031e+04 4.723004948606170365e+04 4.454174749662244137e-01
4.236893238300118991e-01 6.045912412268448222e-01 3.435753013955016311e-01 4.969601060984210061e-01 2.205503570010041992e-01 2.903036234296267337e-01 4.114395854109647588e-01 1.072871055709647335e+05 8.333662797657544434e+04 8.099201901064584672e+04 6.095424589672481670e+04 2.981494012367312263e-01
4.112887840282337670e-01 5.343830827167602715e-01 2.213038904416940733e-01 4.621444193424815716e-01 1.987814156911133223e-01 3.795780291905164194e-01 3.336990112102354300e-01 1.394170410918447305e+05 1.080767439740753034e+05 7.897218491593968065e+04 4.818653347544173448e+04 3.454287666567424919e-01
2.896696307580964302e-01 6.369495075478475155e-01 6.411890547001464213e-01 9.730730815258928357e-02 1.918359244676918207e-01 2.573197324769974648e-01 2.695913559459196529e-01 1.143551088291445340e+05 9.474901456143260293e+04 7.925643909893737873e+04 4.020197388714355475e+04 2.062269032285546921e-01
5.879630732599645526e-01 5.873461281652417876e-01 6.128545942036730532e-01 5.775948153080021630e-01 4.029760336095363771e-01 4.452941619504979243e-01 6.291725306858526601e-01 2.618410315994454140e+05 2.309716748378866469e+05 7.497661500606234767e+04 1.928997740171760088e+05 4.569649089568534328e-01
4.137267614194120591e-01 5.390471412239875582e-01 3.634285902695632009e-01 5.532471863006914736e-01 7.408704085838507813e-02 3.084949004821064267e-01 3.104472126074436789e-01 1.739835027489966596e+05 6.186584433318364609e+04 8.145845417960816121e+04 3.712271353724400251e+04 3.738052757952936567e-01
4.092071297328176427e-01 5.144241491255023835e-01 5.518737063992776859e-01 3.873920965243869419e-01 1.869172024861746328e-01 3.424740395281640759e-01 3.954402147567559478e-01 1.343112305461619690e+05 1.015975590756090969e+05 8.761569335480673180e+04 3.733260910282396799e+04 3.853518102587091820e-01
9.661455771134805914e-01 4.636691846875907186e-01 6.251822486430176351e-01 7.021729366313297360e-01 8.361421356476035627e-02 3.958481761372075747e-01 6.096755225734887818e-01 1.383664348871980328e+05 1.029928762645691022e+05 8.887380849239061354e+04 1.297635752048560244e+05 3.567368434263409882e-01
5.762473664726289746e-01 5.107666726229621590e-01 5.913919569308279112e-01 4.861427777560268781e-01 3.238595124677647319e-01 4.391200561069458774e-01 6.291509511660464682e-01 8.677776255491776101e+04 5.739242532428840059e+04 9.808119861764027155e+04 1.217119176562275679e+05 3.007943327478007634e-01
4.328146988959944985e-01 5.273051569066673494e-01 4.634915765972767443e-01 5.309873449047166627e-01 3.406034293189681983e-01 3.961697483784802909e-01 4.219944384619070399e-01 1.276537612214453693e+05 9.739513608646002831e+04 8.650396363189110707e+04 1.399620896956663637e+05 3.656870252435016622e-01
3.846126329666481047e-01 5.315865926549695475e-01 4.287254939071645787e-01 3.591247559418669355e-01 2.809117321882748097e-01 2.781030799271400622e-01 3.472078393786690587e-01 9.471685338224360021e+04 1.074033324461407610e+05 8.116931212459426024e+04 6.740599847781812423e+04 2.335887413458798967e-01
3.264153637094738269e-01 6.304899700328197021e-01 6.318955744781323824e-01 3.746108016186218692e-01 2.108817966924894372e-01 3.090329821563341794e-01 3.460084420765007773e-01 1.276829505656541005e+05 1.045971218905493297e+05 8.031117539155198028e+04 4.573014435201411834e+04 2.370101259956244877e-01
2.794032306107676056e-01 5.643115544666793548e-01 3.602565290153016409e-01 4.582915499660725200e-01 2.204153328500310927e-01 2.572216457923175992e-01 3.862903870125420913e-01 9.169922487173441914e+04 8.130467303245315270e+04 7.966142049175337888e+04 7.918625514148577349e+04 3.478516335375119173e-01
3.025357272014383425e-01 6.428757927055687160e-01 6.550876314193585515e-01 3.662578736332220419e-01 2.003066460487280542e-01 2.930263297350589879e-01 2.901811719619061258e-01 7.921625581502928981e+04 6.263442748092699185e+04 8.293324564272016869e+04 4.989252333195463143e+04 2.212484419365868538e-01
3.907614368971309982e-01 5.801569951526678315e-01 3.750972620343343000e-01 5.950177744963870419e-01 2.148396346483246733e-01 3.009616389630823674e-01 3.521455788383546226e-01 1.143851391824777675e+05 9.335482630727731157e+04 7.545414373376364529e+04 8.906038139897411747e+04 3.503573018052156263e-01
3.372804759644070227e-01 5.669036225015243735e-01 4.370575518706532048e-01 4.976397044161081085e-01 2.970309249017724640e-01 2.749964870969727193e-01 4.165443341076974226e-01 1.233827154478548910e+05 1.095177194179731014e+05 8.344243029025421129e+04 9.951672976446378743e+04 2.763306496563238124e-01
3.648179622553014423e-01 5.357339956652275026e-01 3.716685035233869283e-01 4.909779762395097280e-01 2.476864670654977674e-01 2.819193894657450739e-01 3.405803634917124456e-01 1.444794127955157601e+05 8.502512963195731572e+04 8.355668273615447106e+04 7.230777626466349466e+04 2.663165307216158184e-01
3.221291430596114891e-01 4.001142527167148577e-01 1.783688028267710335e-01 4.147755645902607702e-01 2.342437953589958932e-01 2.702766393507427534e-01 3.082360214807880472e-01 8.275030334478610894e+04 6.458418745858909824e+04 8.413350694965795265e+04 5.205042995721621264e+04 2.412943334440449394e-01
3.971188108087027047e-01 5.922263901232184269e-01 4.098916622334556337e-01 4.766043691585032382e-01 2.994755084898934050e-01 2.911732991718310459e-01 3.289385730476391823e-01 1.124707738078221737e+05 1.040320273343002627e+05 8.062511204326539882e+04 5.639463606493210682e+04 2.332157426905256403e-01
4.079028628859853178e-01 6.055061033641265800e-01 3.263743572516056290e-01 4.240079433478680104e-01 1.714935749170989898e-01 2.777887382733040256e-01 4.157229761839720816e-01 1.462369924177450303e+05 8.324922370903113915e+04 8.156886514064991206e+04 7.889169478312128922e+04 3.353130275463492294e-01
3.919064248949781226e-01 5.408821567324844093e-01 3.525955087954002476e-01 5.892690536878295582e-01 1.631179397376589513e-01 3.740882173779660480e-01 3.328755737150155825e-01 1.122009916510949697e+05 8.942476029684055538e+04 7.855501726516717463e+04 3.038226818204308802e+04 2.141473457768998112e-01
2.603355136998771191e-01 2.692974813511436749e-01 1.704571065108444194e-01 3.794620325329647326e-01 2.333296741655037920e-01 6.510959894972323525e-01 3.025041386208790484e-01 5.903316100375937094e+04 5.464768237311593111e+04 7.043829858653769770e+04 4.510982418411227263e+04 3.372850319353848381e-01
3.980388425657611084e-01 4.963825883761693869e-01 5.160300074715702401e-01 5.152995139162164229e-01 2.369007118939371603e-01 2.701693135058315653e-01 4.165882092194294062e-01 1.049679420368734718e+05 9.822105948742454348e+04 7.800728848992669373e+04 8.750457423749619920e+04 2.097786117635340453e-01
2.608731029230399456e-01 6.296664082534596529e-01 6.542905968709409326e-01 2.976153580056257186e-01 2.086013063800603029e-01 4.924845942132602961e-01 2.579690786756732579e-01 6.778721849573575309e+04 5.726559521481851698e+04 7.807912099890585523e+04 3.167316105497593526e+04 5.534500944992899463e-01
5.065109809373870009e-01 6.281585431726184332e-01 5.905603394279076435e-01 4.271020473229840686e-01 9.134706272694157470e-01 4.953631350265690347e-01 7.330763717922822442e-01 1.110079554807153763e+05 9.074765233908167284e+04 8.056812419124244479e+04 4.883420199392968061e+04 2.172895664736135823e-01
2.838505870192152836e-01 6.186523115203417245e-01 6.273866348187412401e-01 3.688154927665566740e-01 1.796213324408806877e-01 2.334814570735358474e-01 2.816728395684170994e-01 1.521418863647418912e+05 1.273216122967919364e+05 7.833074033131194301e+04 3.824497082483724080e+04 2.163558616338953355e-01
3.487871948499832175e-01 5.465859136561145304e-01 3.673808930370393022e-01 5.158833313867193793e-01 1.835385604936791704e-01 2.911064950978758947e-01 3.813762984475433382e-01 1.053704938883045106e+05 1.122174075882023317e+05 7.776497923782547878e+04 4.631514247122407687e+04 3.301294188068863433e-01
4.232325927128478549e-01 5.239053489410077091e-01 4.567026950175324673e-01 2.239839544910581515e-01 2.395409388537408646e-01 2.352032079898871975e-01 4.054137326635517402e-01 9.121591025653434917e+04 7.689833956990056322e+04 7.775298901800508611e+04 3.211795614552572442e+04 2.792043135553769484e-01
5.960314064480666252e-01 5.443328588230051945e-01 5.895623504345178789e-01 5.454201062103556374e-01 3.876448542780051576e-01 4.420125893555445495e-01 6.576462100317891357e-01 1.375690057245986245e+05 8.377516155293805059e+04 1.080143122712096956e+05 1.773964761914152186e+05 4.832883745172986134e-01
3.058053147387914117e-01 6.277777507711868044e-01 4.758191512204972273e-01 4.721189324037716739e-01 2.258594105078877146e-01 2.634691103573947313e-01 3.495752608050506360e-01 1.425594887040677713e+05 8.892923747507356165e+04 7.946737211491430935e+04 5.924946410120711516e+04 2.454612415129676373e-01
5.323909057084145191e-01 4.850298648910296162e-01 6.252276654281588852e-01 5.015962269734375312e-01 3.432342562637794026e-01 4.076689398589184998e-01 6.248901748590065530e-01 1.195261506268150551e+05 8.709615590265791980e+04 8.988629310241040366e+04 1.423007108945236250e+05 3.636748247546081059e-01
3.612783052826583075e-01 6.240431295425828973e-01 2.637104214601611596e-01 6.751604255840945035e-01 1.655453735205937582e-01 3.813023455033135445e-01 3.985980771463091821e-01 1.270831297125535784e+05 1.033216010676411097e+05 8.143348149276114418e+04 4.806788283712610428e+04 2.744178194572811647e-01
5.113494223567205399e-01 5.298716823653648600e-01 5.426550982998249451e-01 4.975532507826974093e-01 3.538345895649557815e-01 4.137278407253600077e-01 5.928890799161175007e-01 9.006889653692799038e+04 6.395292193123123434e+04 9.225871014301922696e+04 1.344635831374626723e+05 3.514630129081217080e-01
3.235311865337947568e-01 5.602386388645703708e-01 3.337978561076979656e-01 3.471113617802028539e-01 2.657251311036741837e-01 2.953635248293408622e-01 2.608876524455487345e-01 7.262665280654406524e+04 1.056727559159795637e+05 8.022006777006063203e+04 3.681793561694124946e+04 3.054479614176565105e-01
3.062733962536343668e-01 6.424902960404663688e-01 6.510654503709691898e-01 2.564423458064442052e-01 2.056896874082708160e-01 2.909043495262602641e-01 2.875590239267999393e-01 6.581426752745966951e+04 4.871578352716055815e+04 8.879034558240270417e+04 5.280517290059417428e+04 2.212288363138672498e-01
4.943653561333065660e-01 5.474779918656700328e-01 5.722796311529976254e-01 4.847425582083564888e-01 3.571324249369423609e-01 3.950828689911772273e-01 5.687041516429802712e-01 1.168586361418173474e+05 8.879736745847325074e+04 8.629093414849085093e+04 1.288292507552384632e+05 3.447590386226938586e-01
6.115784261924995802e-01 6.147440143079717645e-01 5.315024461341227857e-01 6.211788598869033562e-01 3.702016838779169094e-01 4.595303826469542274e-01 6.333171360943413708e-01 1.550361505636839429e+05 6.800986044795416819e+04 1.507196957288325648e+05 1.846895787613477150e+05 5.660739912445432731e-01
6.902021238450355423e-01 5.168398048143540979e-01 4.229747271551081989e-01 4.637696594195319655e-01 3.465044532780032216e-01 3.360017181080376947e-01 4.420846874215154654e-01 6.510136567735147401e+04 5.377563337901025079e+04 7.953519213649585436e+04 7.058399213253353082e+04 5.329379083725170885e-01
2.599838865069301064e-01 4.990702647158311023e-01 4.494898324751780971e-01 4.022613396366602201e-01 3.043638132673343599e-01 3.202662116733746567e-01 2.928002016432238452e-01 9.117231968383496860e+04 9.737698003975316533e+04 7.808507956906734034e+04 5.443313351939841232e+04 3.617906283833549064e-01
3.609056231023448635e-01 5.823192516792055073e-01 4.949308194767582103e-01 5.351760244138946687e-01 1.719446134321825359e-01 2.820681094882999118e-01 4.655194894792379912e-01 1.218670749641892180e+05 7.663241991972738469e+04 8.572014316083998710e+04 1.033369878423628252e+05 3.682088630892030312e-01
3.810305331479959534e-01 5.791907890045439045e-01 4.183592343282013792e-01 4.268204262130136928e-01 1.549805355273068397e-01 2.917034340240375334e-01 4.382042894444990178e-01 9.062919935381178220e+04 7.699352463421577704e+04 8.168342725251833326e+04 4.609278907361217716e+04 3.488872433679622853e-01
5.868439636838821416e-01 3.829445583734949476e-01 2.530791138492508585e-01 4.594604615338906406e-01 1.940713426863634461e-01 2.928960504654690156e-01 4.287054752328278151e-01 2.320198398396967095e+05 2.055613319933540479e+05 7.373800542277356726e+04 7.348635573211805604e+04 4.663273921328382476e-01
3.520420039786016364e-01 5.562160248748631020e-01 3.938399182874527948e-01 3.800032819650624449e-01 1.138829864768862721e-01 3.741685831806624840e-01 4.298507490348397186e-01 1.096634564993975800e+05 7.583462212570408883e+04 7.908069623121566838e+04 6.744052954479120672e+04 2.977709275808012035e-01
3.621426952678609701e-01 5.746659937399619666e-01 5.199462490786586066e-01 3.130955166627711894e-01 2.931638332233335031e-01 3.171038686693860020e-01 3.709826628260117221e-01 1.317322462265772920e+05 1.154247282456518587e+05 8.433595036282710498e+04 7.372471450301162258e+04 3.890708490332881464e-01
3.048734224664007009e-01 4.834108162321805180e-01 1.912642961117134166e-01 2.876474711704817278e-01 2.210805210385426711e-01 2.406371679217695347e-01 2.333309978255723727e-01 7.595460756512469379e+04 6.617256326325720875e+04 7.544101685443395399e+04 3.122495371409551808e+04 1.890401099520343242e-01
6.538626998784150546e-01 5.297742990719814804e-01 4.185167557502720848e-01 4.688126087505200545e-01 3.154922334228723590e-01 3.259295738972158851e-01 4.173752871880569981e-01 6.980651364667213056e+04 5.815393957555217639e+04 7.786434031776819029e+04 6.830339845493418397e+04 4.513371082670903922e-01
4.222089562204358604e-01 5.091593371886504737e-01 3.525412672928026625e-01 5.362010477151050170e-01 2.477351392672236530e-01 3.309801718152594607e-01 3.836356999523555800e-01 1.187304002046325040e+05 9.461025675571830652e+04 7.816836956589399779e+04 7.094858715852649766e+04 2.891987823564690641e-01
3.039982444562615016e-01 5.592636156034186401e-01 4.128635498614079413e-01 4.866884265630437856e-01 2.169082911386791268e-01 3.426833177660681962e-01 3.616474698159075074e-01 1.208165674128200480e+05 9.124272698485080036e+04 8.090749035721151449e+04 4.756052610780221585e+04 3.274843619505959924e-01
3.155927180797598042e-01 3.906069666449442090e-01 1.742968654144000651e-01 4.189686481263768525e-01 2.302528151505579546e-01 2.597543073023460547e-01 3.053619648626322847e-01 1.211024081267320871e+05 1.000700128058566479e+05 7.939863875833412749e+04 4.860245494272826909e+04 2.368995855836465436e-01
2.905305513407830387e-01 5.818119737165678984e-01 5.158027748915848809e-01 4.139387187264849111e-01 2.367047900448193409e-01 2.369138670094479704e-01 3.513769060933498722e-01 1.169638654365772964e+05 1.073196622946044081e+05 8.037460225137314410e+04 6.297200748272127385e+04 3.182051442883516712e-01
6.247808104575736099e-01 4.054573919676759397e-01 3.804437365259438764e-01 1.321681852069269969e-01 2.601146935273935257e-01 2.954909531804377765e-01 3.646230101090187636e-01 6.423818871348971152e+04 5.345527499785978580e+04 7.869408920274063712e+04 6.100351878580631455e+04 4.241843807525361165e-01
5.068797474861730379e-01 6.100588903396148011e-01 3.660508366343332431e-01 4.284850324920981834e-01 1.990270559295631569e-01 2.878037850139355536e-01 2.817503318957428338e-01 6.774852685785789799e+04 1.128614177349672682e+05 7.997443587262497749e+04 7.705526640474150190e+04 3.547925971224253905e-01
3.515396481596843592e-01 6.098756229392889860e-01 2.761650919512716462e-01 1.319891233761355254e-01 1.160236117409210732e-01 2.707174186795968107e-01 2.794537244577603441e-01 1.211837749984921684e+05 1.049907399941579642e+05 7.988570205581140181e+04 3.661784541243948479e+04 3.053829195531022611e-01
3.386264208530433972e-01 5.680568821710025862e-01 7.023987071117286929e-01 5.170938013740549177e-01 2.457097101746620882e-01 2.658552756740494294e-01 3.242870593540219670e-01 1.141199100508053816e+05 7.058453941830784606e+04 8.596888003728247713e+04 6.576372932046923961e+04 3.832835183827478231e-01
3.747789093040453934e-01 6.002564376309245109e-01 3.282235588726700737e-01 4.112290530053133719e-01 2.138047420712944624e-01 2.991163960362948071e-01 3.632420961049367958e-01 9.798526456380682066e+04 1.070211164107892837e+05 7.928373128209693823e+04 6.304620601608281140e+04 3.425052156164422046e-01
2.794595830466454767e-01 6.320149775654954061e-01 6.653508094660081085e-01 3.072623615320001500e-01 1.957097233677450865e-01 2.499706433590829224e-01 2.648736560958571684e-01 6.567801324326494068e+04 5.475442624437422637e+04 7.885614570165655459e+04 3.457560338482946099e+04 5.296299692319158536e-01
7.390584263301742673e-01 6.377200330019885399e-01 2.549736925023915468e-02 7.247753661878993947e-01 6.095818972162502236e-01 3.386542514279481941e-01 3.928996051345763352e-01 2.320262130109192804e+05 1.714004339171677711e+05 9.108419258431138587e+04 1.053408102971873595e+05 3.063549393289445311e-01
3.576438587820717774e-01 5.792009593784059884e-01 1.810452131004426646e-01 4.963942187642113035e-01 1.978029573166546207e-01 2.276594124554646437e-01 2.811229289248021734e-01 6.683752963480148173e+04 5.622385070177416492e+04 7.793860047613276402e+04 4.464981527254401590e+04 5.640725960266508299e-01
6.525927649088683058e-01 6.280059515216549482e-01 2.140368661580086818e-01 6.907333593201410160e-01 5.799309688661109519e-01 3.056349358532457483e-01 4.264495508339630203e-01 1.156560215282498248e+05 9.585046733635898272e+04 7.942975137292972067e+04 4.515643133818307979e+04 2.229123678527658026e-01
3.360478713387759497e-01 5.547482565112870079e-01 4.572510670916526965e-01 4.488784374239169761e-01 1.641410653973214562e-01 2.259756758432877044e-01 3.534676269424911754e-01 1.176247647554635623e+05 7.312942209034477128e+04 8.116315712888636335e+04 6.944176573418763292e+04 3.106861927204071505e-01
3.894166008929837441e-01 5.861384214242175705e-01 3.938523827142695888e-01 4.100980606096225611e-01 2.306976794724194535e-01 2.778564260476711345e-01 3.356172214571755963e-01 1.221526062215379934e+05 1.001510165666051325e+05 8.060935085953310772e+04 4.837460017649452493e+04 3.157358958559850493e-01
5.046021974592687087e-01 3.618719619908181695e-01 4.503233589495047040e-01 4.617165620502172163e-01 2.635634652481041451e-01 3.216018117093961126e-01 3.937897545984143655e-01 1.222727546385338501e+05 1.000855073231988645e+05 8.034217495221007266e+04 8.707904960053908871e+04 6.146336518019146489e-01
3.154187248277807165e-01 5.731817608507711048e-01 5.233180804018736643e-01 4.382786517656417358e-01 2.559493042751144753e-01 2.713790230131534198e-01 4.012164569307731798e-01 8.967715127315004065e+04 9.798511035713972524e+04 7.733439843604648195e+04 2.625364942905595672e+04 2.859740581882401766e-01
3.045722589472628639e-01 6.113956870833839874e-01 6.594108289742277584e-01 3.807394646414898887e-01 2.095797702336668900e-01 2.266498756736914921e-01 2.954111497387081342e-01 1.243097886403502343e+05 1.075947605771117960e+05 7.589387869168938778e+04 5.710832970730878151e+04 5.808866988320449121e-01
2.960710674145027310e-01 5.879640811716089210e-01 3.954856988805192097e-01 4.891218768192957533e-01 1.925196006045817865e-01 3.188990125488608829e-01 2.746536717606337663e-01 1.270118036748315644e+05 7.685476484668548801e+04 7.336154831981833559e+04 8.577895546592320898e+04 2.915404394378073860e-01
5.292029161427765915e-01 5.111812253265020090e-01 5.634627098534032985e-01 4.777332536745082514e-01 3.308338094603719970e-01 4.358573123961332896e-01 6.569174048328350057e-01 6.702567949079060054e+04 4.904254755483093322e+04 8.999591063041271991e+04 1.105085346938022849e+05 5.801592652192112398e-01
3.121500699652141608e-01 6.295309646480847787e-01 1.885446535778647348e-01 6.221683339345126518e-01 1.964871198473612524e-01 2.632745431958572468e-01 2.651103394481403863e-01 8.104607502514138469e+04 6.776970095119779580e+04 7.838214993448450696e+04 4.122192232877651986e+04 4.504801863418545493e-01
3.093837943800413770e-01 6.589789392682674496e-01 2.064227074363528258e-01 4.291437092501477757e-01 1.758458101162055920e-01 3.424270287298797899e-01 2.748547057477366273e-01 6.686286378432955826e+04 5.611905772738131054e+04 7.831078512607388257e+04 3.381852947856333776e+04 1.853651492948280854e-01
3.616893617097363123e-01 5.517256674393601346e-01 5.206907976987618092e-01 4.126133298949536399e-01 2.253733751756262782e-01 2.453163258706678174e-01 3.564833707304954635e-01 1.212045490932987304e+05 1.127927233281864901e+05 8.095067761765401519e+04 7.961360640604380751e+04 2.870290514834843987e-01
3.883654594832360862e-01 5.743521943820820708e-01 3.470883335696045568e-01 3.416967505763893187e-01 2.565691061355736546e-01 2.720340778244935143e-01 3.599793581666926312e-01 1.029756652324864262e+05 8.440476724572014064e+04 8.305631048483087216e+04 4.388380484981568588e+04 2.332111187928394835e-01
3.585009430626213689e-01 5.817004831451978442e-01 4.050917714215467869e-01 3.726368560678390840e-01 2.094955256500546648e-01 3.056195233864628102e-01 4.031313748454019019e-01 1.275136266410999524e+05 1.045770362804167671e+05 8.537124752599142084e+04 7.262097658150947245e+04 3.501935822225070161e-01
1.192586157534959307e-01 9.525050997136849107e-01 7.063564975500783438e-01 5.191201376304437343e-01 7.996124650675798806e-01 9.064242624748033439e-01 4.570884971661318685e-01 1.950520846280704718e+05 1.016926007396910863e+05 1.220433530955807364e+05 1.026269819555242575e+05 1.451979645352687899e-02
5.909202157631843200e-01 4.700271320516904439e-01 5.460117764904780513e-01 4.927505134157156852e-01 3.118779956311976687e-01 3.514788686423849229e-01 4.166180915212862601e-01 9.725125675309280632e+04 6.121829985720301920e+04 1.042910091211128019e+05 1.135628735579303029e+05 6.250165331840877858e-01
3.342507137180190102e-01 4.595981747606422418e-01 3.786196388669606505e-01 4.429612422768977598e-01 1.941823865989297238e-01 3.356529933919922271e-01 3.177371591744513890e-01 8.276202586609323043e+04 8.666868732436698338e+04 8.230048765481245937e+04 7.264564821694391139e+04 2.715358244039550173e-01
5.821346432062574072e-01 6.542359318628345743e-01 6.372918176515433020e-01 5.953045053277157272e-01 8.133176160749944206e-01 5.183697811217313767e-01 6.920100628914331864e-01 8.560053687374193396e+04 5.098641268098815635e+04 1.132689533635054686e+05 8.230781436297662731e+04 4.910281410750703679e-01
3.676341131071928503e-01 6.357307883100719037e-01 5.054447471553953353e-01 3.806756058447324786e-01 2.761490750966680285e-01 2.981538940347470135e-01 3.074339896297575425e-01 1.247581155368588516e+05 8.337523440434856457e+04 8.140722524167825759e+04 5.316467019905346388e+04 2.400722258744610871e-01
4.906279781178482513e-01 4.512782097883036303e-01 4.367309995245174381e-01 5.501416585953546878e-01 4.650060241756617252e-01 5.487878068493377004e-01 4.831661273995617178e-01 1.525706762243489793e+05 1.164062758872106642e+05 8.979004010424317676e+04 1.391683135660576227e+05 4.817818259700397676e-01
4.266336011689883523e-01 5.455107513159502819e-01 3.022440541208970544e-01 5.149447572761477465e-01 2.110020045826099255e-01 2.486444234934022390e-01 3.731895145164610961e-01 1.025927259014953452e+05 9.219830866914593207e+04 8.299439306517131627e+04 6.065942742086005455e+04 2.156916572665113496e-01
6.049764633873545572e-01 5.691779891644944689e-01 4.800964816228958099e-01 6.318873292590162505e-01 5.058501375469383332e-02 3.114055762961902563e-01 6.978829421243001319e-01 1.074866816003050335e+05 7.335743749193375697e+04 9.400597895230450376e+04 8.462051113927215920e+04 3.521661064193406382e-02
3.390080539319568764e-01 5.489699348768370957e-01 4.048856565863433454e-01 4.149375282241681839e-01 2.324898520627156906e-01 2.873524702701534261e-01 3.489416485358067810e-01 1.054604918547558191e+05 8.880107005774935533e+04 7.992465302449784940e+04 6.959960757066815859e+04 2.743299286243718327e-01
3.926144134253224949e-01 6.461601342798155567e-01 2.845724456885443954e-01 5.191541471095181270e-01 2.014150056155889490e-01 3.333481620742048124e-01 3.144434022615500424e-01 1.516886361928156985e+05 1.128273969558507088e+05 7.661387384425700293e+04 5.760662022892474488e+04 2.889697441426249958e-01
3.587019609405486253e-01 5.395297277601655006e-01 4.425566664665381289e-01 5.177285732143719343e-01 2.536767813379225966e-01 2.965630676938217913e-01 3.691283890561864456e-01 1.358870358646387176e+05 1.072218510098658153e+05 8.230049052214784024e+04 3.761161141674529063e+04 3.194692084119069020e-01
3.526170605039473105e-01 5.654117275648923302e-01 2.937657476047963456e-01 4.461241573169252850e-01 3.105444372526331431e-01 3.268897364653826076e-01 3.836507306015125573e-01 1.134050406933177437e+05 1.044033231435478083e+05 8.456461130002804566e+04 5.343521150885854149e+04 3.320955569406316976e-01
6.994763699450775585e-01 3.104246617492966709e-01 4.847884079741288654e-01 2.450289003497742590e-01 2.342759540156275355e-01 3.116089134230024538e-01 4.047975692330771369e-01 5.641318758551245264e+04 4.671097811577851826e+04 7.923217826574014907e+04 7.003685101263030083e+04 2.370077926429151605e-01
5.749080060888870358e-01 5.056418158413472641e-01 5.007921869680401761e-01 5.220260516717878385e-01 3.574854265908680162e-01 4.217743156933224657e-01 6.468617736532766838e-01 1.466500603303894459e+05 1.087802537858104770e+05 8.834098519906689762e+04 1.597892990194838494e+05 4.021249620545475079e-01
6.083047921210290587e-01 6.294930197267768479e-01 5.010437355568726492e-01 5.015394312588216108e-01 8.667212812735359817e-01 3.747464095141691542e-01 6.564682170030835540e-01 8.224814689118787646e+04 6.744169324278912973e+04 8.135502567338808149e+04 3.933880196372799401e+04 4.948576920697870807e-01
3.472631248111391344e-01 4.952740883466643096e-01 5.864580897136167925e-01 3.785318916551858037e-01 2.564164809105729526e-01 2.881855613100702262e-01 2.973193116828609650e-01 1.361671660979077278e+05 9.430114947125363688e+04 8.057305441625999811e+04 5.892296776021769620e+04 3.227474370781422963e-01
2.967223196038859534e-01 5.161961805329940978e-01 3.677342071859904804e-01 3.286156598043000199e-01 2.800690363654150250e-01 2.239882549322350924e-01 3.203186828295050415e-01 1.148728547397387738e+05 1.109014571836414543e+05 8.316535656245103746e+04 9.164771430778263311e+04 3.878935830563087772e-01
2.822481296691351504e-01 5.346386989943541224e-01 5.654034845463721259e-01 4.410699173048196475e-01 2.528778473601606680e-01 3.164995464657352486e-01 3.347801746187156757e-01 1.123495312420559640e+05 1.033053839883889304e+05 8.558792897156432446e+04 9.303033291709628247e+04 3.491965678294104425e-01
4.336541856919284843e-01 5.424874344840430185e-01 3.685815195205870975e-01 4.207067504036571259e-01 2.165857810041240950e-01 3.074642677792757683e-01 4.207678138491436348e-01 9.539075381138689409e+04 8.307242890426886152e+04 8.143218084029112651e+04 6.093623805213343439e+04 2.566921893474325422e-01
2.947462131183643530e-01 5.487877276918652347e-01 4.317395716754816593e-01 5.839436905998166560e-01 2.717385259695591637e-01 2.829588549808517151e-01 3.544132902622104675e-01 1.371429144222643517e+05 1.073081602548338706e+05 7.723730883530685969e+04 1.007444349166915781e+05 3.101915579012705093e-01
3.107759225675765236e-01 5.935381270781751040e-01 4.325293369041666725e-01 4.725952279056638838e-01 2.469555349437113356e-01 3.216895476895765271e-01 3.753956667098933275e-01 1.385908131918302388e+05 1.020027083016122633e+05 7.487800405056362797e+04 5.379507527913095691e+04 1.798417269630075976e-01
5.922663522661364421e-01 3.469181654376057300e-01 3.759577716309052686e-01 4.328841090011792403e-01 2.463754186583507477e-01 3.107614684550494832e-01 3.849558444079643760e-01 5.880932128357794136e+04 4.757201849011514423e+04 8.114328332487551961e+04 7.122922270255684271e+04 5.573537940490999043e-01
4.289426763545066690e-01 5.764636292022727870e-01 4.224610252001820276e-01 5.292916847889952425e-01 1.742308969464753110e-01 3.018729709943445139e-01 2.953165183011680628e-01 1.194598123089377186e+05 8.316673771136837604e+04 7.994442597918389947e+04 4.884560433320244920e+04 2.807451705418194110e-01
3.721403564610961667e-01 5.544576918905242957e-01 4.720767384752740381e-01 3.629696337285128749e-01 1.923274132547702631e-01 3.018996654733063223e-01 2.846241195771394561e-01 1.128982925428007584e+05 1.075627316622471990e+05 8.065468398598264321e+04 6.639702445259789238e+04 3.428797783035082425e-01
3.624239026493233928e-01 3.672519291555119136e-01 1.866679473645205534e-01 3.954585672629970516e-01 2.312620793455172352e-01 2.611412005874747533e-01 3.143367690964372074e-01 8.857006700032210210e+04 7.396953878668624384e+04 7.859739490065770224e+04 6.917493043315815157e+04 5.898130179898882774e-01
2.931877142609364273e-01 6.389384387477941019e-01 2.096166452648939027e-01 5.299314241288449745e-01 1.787879258718024222e-01 2.896355563061497884e-01 2.744832157358536584e-01 7.266819643402042857e+04 6.084830022448390082e+04 7.865151068593062519e+04 3.634095814617103315e+04 4.191526038037749480e-01
5.263348091655610794e-01 4.849226170526938495e-01 6.304040452621904045e-01 5.119901276691034564e-01 3.450462614772986103e-01 3.919604523302038235e-01 6.009461673654311609e-01 1.982553889099682565e+05 1.551577391080061789e+05 8.373085625351681665e+04 1.317475293399830116e+05 3.662807855494552012e-01
3.452776037227383021e-01 5.505450548664772015e-01 3.511208960457060102e-01 3.865982915056265790e-01 2.278448493595762459e-01 2.996677269448438929e-01 3.135787451845727936e-01 1.439706512457919598e+05 1.086216379350729694e+05 7.969856088439619634e+04 5.800939819151156553e+04 2.882125753812177504e-01
3.851786103122896709e-01 6.042987629865778088e-01 3.142484471150232550e-01 4.174786311030171393e-01 2.246149372907857711e-01 2.960769237915615859e-01 3.069499348093404079e-01 1.296762154652438621e+05 1.001423231475811335e+05 8.494287360820591857e+04 4.351892962139895099e+04 2.956289605996905712e-01
4.814103254021507294e-01 4.320354523557682347e-01 2.262367862583951617e-01 4.473121923258531751e-01 2.682384198719703905e-01 3.161304231556162914e-01 3.352417024499422249e-01 9.260860279700432147e+04 7.368349680460040690e+04 8.269077614323831222e+04 7.730700790366403817e+04 2.701673661790668923e-01
3.771038953205293476e-01 5.490105989303261103e-01 3.774888834765603995e-01 4.577884502003585210e-01 2.955858183645080350e-01 2.815578142421105712e-01 3.586396271912418721e-01 1.143963407656144409e+05 8.253405966068341513e+04 8.598219210028729867e+04 7.112026331101142569e+04 3.493218249417855414e-01
3.534352740143607563e-01 6.421892528612305195e-01 3.591053724063291153e-01 4.993806494292182818e-01 1.983313888723481078e-01 3.105567755467644742e-01 4.946779847866540347e-01 1.228670984835167474e+05 1.085597284495896602e+05 8.101891721588354267e+04 4.963669083954687085e+04 3.977773919874534880e-01
6.000231878300937849e-01 5.714891266086277177e-01 6.253369584201778908e-01 5.560739245516211904e-01 3.963508561472294800e-01 4.445680874943931937e-01 6.393685319884303553e-01 2.273432614682729472e+05 1.571679390802950657e+05 9.516138620696960425e+04 1.902602257295124582e+05 4.871331187497397464e-01
3.833995635740723995e-01 4.727606692179416870e-01 1.801886043220214395e-01 5.198527678059422508e-01 2.257235719122306361e-01 3.266295972289221528e-01 2.491881582082687563e-01 1.267891943365338375e+05 1.112126361321575823e+05 8.247773950907133985e+04 3.873484383233501285e+04 2.971607476703705952e-01
3.300548255971708644e-01 5.865095560728688096e-01 1.842150999558412050e-01 5.099429762609191119e-01 1.978464237581741003e-01 2.317772552467250446e-01 2.935130371169218377e-01 1.083302967834954761e+05 9.223296452391518687e+04 7.715765906847034057e+04 5.443980513879403588e+04 5.774322445517328095e-01
3.678796227325796808e-01 5.556357623865078033e-01 2.958118475201158559e-01 5.093798617932414619e-01 2.019182521468430858e-01 2.632582090108381845e-01 3.216135170086191208e-01 1.009741708151263738e+05 1.208675676042786363e+05 7.961573686305349111e+04 5.321707878741431341e+04 2.633312837877061496e-01
6.425195532937613141e-01 2.873045398774671799e-01 4.132752209874731575e-01 5.016051991135116461e-01 2.635710153865952199e-01 3.575592945506453901e-01 4.451115857521408259e-01 8.967073359823235660e+04 7.437774365983647294e+04 7.916292110078012047e+04 9.076313999569190491e+04 5.888983631551958364e-01
3.017216789963432233e-01 4.910033944561398300e-01 2.418500565620601284e-01 4.062797757437557888e-01 2.373991156738316510e-01 3.229297484515247230e-01 3.118620212014884818e-01 8.478303935955710767e+04 7.100966379726752348e+04 7.871854347741646052e+04 4.088842181314805202e+04 4.382815171622507777e-01
3.149710302259702832e-01 6.274003647962903552e-01 1.802469956673685703e-01 5.138299396099278438e-01 1.892433711177001487e-01 2.568785839144104854e-01 2.848486027970045797e-01 6.933303165128672845e+04 5.224829821469372109e+04 8.723785124372916471e+04 4.504885063361249195e+04 2.180984206213378296e-01
2.854839331196476482e-01 4.490446133070469248e-01 1.981736556794169990e-01 3.815002062678136130e-01 2.158198162325670466e-01 3.129669058814749660e-01 2.909195767821118883e-01 5.982624611621407530e+04 4.987108192282554955e+04 7.875854690608549572e+04 3.514641757292420516e+04 5.499854943313530198e-01
3.810672314714674269e-01 5.611445943995029273e-01 4.205576982776040307e-01 4.789392571896821105e-01 1.676871325563660531e-01 2.775171975853634176e-01 3.519647244250925233e-01 1.128787806630703271e+05 1.016856119493652659e+05 8.446678109693720762e+04 4.517169982215126947e+04 2.736355085158335143e-01
3.919483563056035402e-01 5.961226538574854183e-01 7.656090456652004939e-01 5.240920773147305090e-01 2.464012996882288808e-01 2.174843316777783642e-01 2.819875986205215290e-01 9.722097406424549990e+04 7.465806997427811439e+04 8.014325385591835948e+04 6.604598507982323645e+04 3.206078441844779636e-01
5.811366276538504350e-01 6.618352650362357981e-01 5.359734136140275051e-01 4.562638582766128104e-01 3.959738715518842933e-01 3.692736575016033473e-01 5.228025508506755070e-01 1.347659616523811128e+05 1.084606047582103929e+05 8.159489581074434682e+04 7.475744252488498751e+04 2.864289625004243223e-01
4.422562032600461102e-01 6.764816222898799580e-01 2.755987487950829484e-01 6.752939791108342193e-01 3.141042453110636790e-01 3.709263116300746121e-01 4.037929093394100888e-01 2.371817542693816358e+05 2.119237228882929776e+05 7.466867498343545594e+04 1.261677375553243619e+05 5.869201776123474934e-01
3.366703534738174075e-01 6.060727008268974592e-01 5.902853040540982921e-01 4.408270793850082026e-01 2.521882949408451591e-01 2.239793996312132440e-01 4.982008143923550292e-01 2.423746020587935345e+05 1.674439248382328369e+05 9.503399656015886285e+04 5.429012434579210094e+04 4.064845929958960102e-01
3.687169623430016085e-01 5.438757149612812869e-01 3.828247558009653106e-01 4.551540670968703961e-01 1.305086607300336432e-01 3.131883277251686915e-01 4.187295123265212249e-01 1.315367145212833129e+05 8.550092425074028142e+04 8.427240817817440256e+04 4.040856721966850455e+04 2.323319604394481763e-01
3.434370806688303857e-01 5.446004540625990487e-01 3.271510669055232023e-01 4.671578485668477221e-01 1.557528962683407681e-01 2.279668815155607708e-01 3.250139986754111976e-01 1.319780857553407550e+05 8.158308113538160978e+04 8.386566887687049166e+04 3.821905671280442039e+04 3.459241604781558288e-01
3.128017664599901382e-01 6.355168035430324158e-01 1.786917765807553293e-01 4.307603186805031292e-01 1.894915184084038640e-01 2.580843868990440049e-01 2.851977064188520039e-01 1.100699168705683405e+05 9.011974826290123747e+04 8.013470841451200249e+04 4.494391590359714610e+04 2.204049656540684465e-01
3.481705624252326436e-01 5.919897492071090062e-01 2.750461382580839942e-01 3.700919965297603809e-01 2.533307553348876362e-01 2.932683713564814831e-01 3.196629505423685402e-01 1.276107215431553632e+05 7.821417564519551524e+04 8.158553180197351321e+04 5.734862589539642795e+04 2.120328243724930450e-01
3.358951861055076149e-01 5.884502462951378687e-01 6.363865471660483664e-01 3.733757543236355114e-01 2.118207103549386572e-01 2.345648967133437679e-01 2.840566293110352580e-01 7.198763918988411024e+04 6.068060538208161597e+04 7.761797798792411049e+04 5.287907022334226349e+04 5.710908248132734455e-01
4.213673379882327263e-01 5.890158883485194785e-01 6.793434733080461196e-01 2.793907718848354649e-01 3.597805416847650595e-02 2.207585532928149907e-01 3.740560238415705507e-01 1.263123366205103521e+05 9.215248279324306350e+04 9.046816156255932583e+04 4.008034603779726604e+04 2.654957840919692780e-01
4.331295765212976323e-01 5.441366805425219555e-01 3.313362832226938726e-01 5.317127516266239029e-01 2.319768776372105601e-01 2.897035083567802149e-01 3.437813446347509072e-01 1.157478110158432391e+05 1.006964184682231571e+05 8.330898320751654683e+04 6.066793275123684725e+04 2.708643198934407303e-01
5.176538717110570342e-01 4.870815961275273276e-01 5.299813080662222342e-01 5.098792600841627332e-01 3.592596253559248720e-01 4.218673938316526706e-01 6.056265786266571416e-01 1.314304646024047397e+05 1.011559876122369024e+05 8.512312107039935654e+04 1.300498503597242816e+05 3.593916593109361401e-01
3.691926363146358359e-01 5.019479319478012957e-01 4.886165132035504843e-01 5.764106772429493653e-01 1.420313667903357058e-01 3.262206908802716687e-01 3.091167925174882480e-01 1.280207826748750522e+05 1.237086387211908441e+05 7.923148564024793450e+04 6.500364333133157197e+04 3.486077863859287640e-01
4.126754021657647598e-01 5.458358752137330017e-01 3.790790301082365144e-01 4.631234934099798251e-01 3.548312467056654596e-01 2.675477758937163109e-01 3.665472547583237262e-01 1.224675814372756577e+05 9.678644512186684005e+04 8.568728500187424652e+04 7.090382541405520169e+04 2.823348594977058701e-01
3.777415184102524970e-01 5.875169339899857235e-01 5.113926196377179823e-01 4.067788837719584216e-01 3.273548024065135453e-01 3.331379845355696978e-01 4.301351789851392549e-01 1.106559165234063548e+05 9.286090057817423076e+04 8.156511277893293300e+04 3.449795692438728292e+04 3.129047177081535347e-01
3.733142605137899639e-01 6.788047532423727715e-01 6.539219884558674645e-01 5.487744753221702743e-01 2.308035948090398914e-01 3.190584589436976093e-01 3.655271936006437850e-01 2.614145080820428557e+05 1.973214835751659411e+05 8.982002763332032191e+04 8.002016123976315430e+04 2.969568464431314725e-01
3.210639522101941812e-01 4.963222557211303121e-01 3.833131011965636437e-01 4.480953354993278959e-01 1.592080646639381925e-01 2.540652769489471496e-01 4.123365898403307805e-01 1.192268620565665187e+05 9.134548488430381985e+04 8.357584362283525115e+04 5.806766267216129199e+04 2.963603073698428680e-01
3.149432537103980523e-01 5.509168855387009955e-01 3.009981110398174398e-01 4.247628619700353769e-01 2.958998176387718781e-01 3.237420197138133893e-01 3.325399395266404046e-01 1.149344949886971590e+05 9.550806873071065638e+04 7.902130162715376355e+04 3.938886942308177822e+04 2.387859425149474191e-01
4.064069674548965727e-01 5.996910876214960329e-01 3.942629508960950324e-01 4.523095077396350194e-01 2.343942404069715435e-01 2.705631330875055141e-01 3.122867187176741055e-01 1.403889405319296638e+05 9.084750666903110687e+04 7.910381060478166910e+04 8.598445918126229662e+04 3.164584921189059763e-01
2.643845193614101641e-01 5.998026572725406735e-01 6.111412632360649910e-01 2.798789185172900207e-01 1.679685581620131984e-01 2.009074997719333677e-01 2.782080165783431536e-01 1.893081291100079543e+05 1.616578193041922641e+05 7.676904098425959819e+04 3.391674223820802581e+04 2.144331491622214481e-01
2.713627766446130574e-01 5.896749745642939633e-01 2.508843190707895077e-01 5.486724009999874863e-01 2.083476432875982498e-01 2.032288415259538294e-01 3.038858941618191589e-01 1.300818424288445676e+05 6.968130294691688323e+04 8.609046925999471569e+04 5.391134292946433561e+04 3.451536770378402230e-01
5.352705004489816121e-01 8.051197446992486295e-01 9.642980153007780775e-01 2.993143284675063298e-01 2.809912576970168274e-01 3.493426601856212677e-01 3.982322502624089378e-01 1.334991955143766536e+05 1.099435373439382820e+05 8.747165078139580146e+04 1.407382986894913192e+05 2.731484143047909208e-01
3.904141105707084058e-01 6.448429264573743991e-01 2.392631734243947095e-01 5.408263974800233687e-01 2.799880952172675297e-01 3.435208700391870207e-01 2.972260928393271051e-01 1.408745647217874066e+05 9.110695183755464677e+04 8.025548923954764905e+04 2.429858515593621269e+04 3.459353785290802952e-01
3.195267826666581268e-01 5.082785643550643551e-01 5.590693243413970004e-01 5.716366114437241297e-01 2.273793495449413227e-01 2.892690425352646977e-01 4.495519086895051752e-01 8.707270627673841955e+04 1.064162143743614142e+05 8.234988413248214056e+04 6.875147803825000301e+04 3.126000158236849624e-01
5.341743946296094725e-01 6.338457254755228698e-01 6.783566122771798046e-01 5.342109031516867335e-01 3.815723899585820034e-01 4.346455018120951030e-01 6.073525076819076274e-01 2.407471198498808080e+05 1.240705880732247024e+05 1.287470254423058068e+05 1.874126407316554978e+05 3.913101819371429535e-01
2.997350186964239938e-01 6.650187599690952078e-01 1.977833199613495685e-01 3.413603399894232227e-01 1.824102102789182667e-01 2.965431038076011827e-01 2.713839300455586079e-01 7.155476978480714024e+04 5.996411154660421744e+04 7.848541959910489095e+04 3.571390516691143421e+04 5.476179229683986183e-01
3.460254955123944764e-01 5.928019341425614375e-01 5.412866016668427260e-01 4.287825827114706834e-01 2.736735045960472790e-01 2.762385889703256603e-01 3.939185135009776739e-01 1.228037527829117898e+05 1.177951055815773434e+05 7.828206074616675323e+04 3.409686510911910591e+04 2.615288768328474789e-01
3.555552881076298744e-01 6.154016626545681934e-01 3.108407924699072011e-01 3.847972385441582599e-01 2.004476675927702178e-01 2.515133208231320472e-01 3.208747891776006500e-01 1.726289087323283893e+05 1.064039651155506290e+05 8.080349575789427035e+04 2.268562479485954100e+04 1.542618317757647739e-01
2.817744426391792234e-01 4.623628279163364829e-01 4.502385041096417240e-01 4.808323365982209996e-01 3.110254286649852262e-01 2.145910401061101314e-01 3.313726058064858648e-01 1.262861071500664693e+05 7.852277862494344299e+04 8.093968968339102867e+04 8.200193593019660329e+04 3.182672353235209695e-01
7.398807096261577065e-01 5.717635308406729955e-01 5.119765717238450309e-01 5.652986559335942962e-01 4.357930559289694972e-01 4.193864707847076989e-01 5.003117217023284047e-01 1.277700994006523979e+05 8.701391351678222418e+04 9.689269619084027363e+04 1.333927774376308662e+05 6.201605223969397507e-01
3.670064724610490603e-01 4.538403465937901893e-01 3.774475265089168863e-01 3.593783404648869806e-01 1.333240946938045735e-01 2.978465490610920918e-01 2.707112104145648068e-01 1.296652652902952541e+05 1.008701700533447438e+05 8.097530278006677690e+04 5.032275846554538293e+04 3.043911845638856417e-01
3.692422051857278120e-01 5.785347496244204191e-01 5.885645276117070779e-01 4.968333006739653057e-01 2.013173970175496375e-01 2.664970898052500536e-01 2.947072400362998335e-01 1.559443505136430031e+05 1.062094159444748075e+05 8.435074303737521404e+04 7.195198752293630969e+04 2.676499311983678298e-01
2.211023781983281755e-01 5.828294858378941790e-01 4.567480205816680239e-01 4.702914183604527398e-01 2.101309763953530252e-01 2.613157600541392567e-01 2.363806140893064955e-01 1.153138436391662399e+05 1.044728718353246950e+05 7.592249127808074991e+04 3.928034066217473446e+04 2.464212655059931367e-01
2.939888354444081253e-01 6.383548107366422419e-01 6.471908937446272381e-01 3.635495482916150656e-01 1.911390280568258104e-01 2.732280691091008018e-01 2.818547796689744867e-01 1.075567866922711983e+05 8.816395335347462969e+04 7.997813021478989685e+04 4.422000657409539417e+04 2.149413790276128722e-01
3.371301794721786593e-01 6.000519676733180319e-01 3.840842540493722423e-01 5.486658182778153536e-01 2.660302968008331215e-01 2.460819962743460432e-01 3.176584654766982929e-01 1.468355706132097403e+05 6.076441850079685537e+04 7.962080822088362765e+04 6.781074606603177381e+04 3.434871464137562169e-01
3.397177339699467002e-01 5.253301017813210017e-01 3.660881466501102466e-01 4.872330600587714833e-01 2.415657321189436935e-01 2.929448341900542929e-01 3.887410927073202682e-01 1.228222756387815316e+05 8.390424905175436288e+04 8.369564243509569496e+04 7.952219684857087850e+04 2.587862289282000239e-01
5.521304906869982654e-01 4.925520390222268285e-01 6.287857069522961861e-01 5.031184176061967994e-01 3.371746725409173195e-01 4.053471070048253466e-01 6.163453335658524157e-01 1.331096598790371499e+05 1.001628168967357487e+05 8.739310513738800364e+04 1.412620358117936412e+05 3.163946958264919895e-01
4.067129323044206823e-01 5.986277010416538591e-01 4.092238136492930556e-01 5.225414783806637820e-01 1.497660215517435389e-01 2.997514667131265242e-01 3.368290183882593491e-01 1.096833912338085356e+05 1.202826560048555839e+05 8.102171107563267287e+04 5.738960532184781187e+04 2.520132569138287537e-01
5.648982853288798678e-01 4.769291068751552731e-01 5.189511810847924345e-01 -5.210401992662015008e-02 3.377248198944090563e-01 4.422237986784262054e-01 8.120022052610913477e-01 6.954712764191733731e+04 5.422776324825896882e+04 8.164595797920189216e+04 1.153487265177023946e+05 5.377237604160113316e-01
3.239521621156636888e-01 5.141686376323818530e-01 3.778720277784872739e-01 5.436300424205608994e-01 2.173082336057398090e-01 2.906992515553890044e-01 2.520704564774882694e-01 1.398299676820140448e+05 1.053601713955635059e+05 8.052652192656692932e+04 9.241987895775781362e+04 2.516139879516136046e-01
7.793088357536274158e-01 5.759322179353764115e-01 4.996977574089073171e-01 1.006613602575952282e-01 3.360192783032749930e-01 3.744450833955831892e-01 5.194110111754762782e-01 1.140583042531178362e+05 8.696732241678189894e+04 8.702871088238093944e+04 8.716939058185207250e+04 3.037245773108722680e-01
5.100829132981259395e-01 2.862378184888293986e-01 4.500949165013437003e-01 5.140556256227608589e-01 1.921174497608823251e-01 3.523683399381459802e-01 4.865311444490676429e-01 1.071840447692568414e+05 7.207502689306248794e+04 9.620197983177019341e+04 1.189813201164283964e+05 3.775538410741715589e-01
4.215288998565132617e-01 5.635903806769249069e-01 3.748499655972971634e-01 3.971257856689787702e-01 1.956678547900580212e-01 3.048084487802350528e-01 3.343740516807408580e-01 1.248836863333275687e+05 9.299949655347282533e+04 7.822155892305081943e+04 7.032062385918742802e+04 3.278532078180045883e-01
7.779782499014039621e-01 3.269750644389992633e-01 4.891609284625860199e-01 2.533661188354134897e-01 2.589093715215733948e-01 3.334656054098459332e-01 5.203416104206682880e-01 6.796508711454836885e+04 5.354731185482410365e+04 8.347970080670097377e+04 9.392834961196043878e+04 5.639336303125831451e-01
3.263239404143239986e-01 6.510411862869643906e-01 3.958882344109470597e-01 3.403857913447185801e-01 2.486154540047930683e-01 2.753410242701167521e-01 3.978214685973944231e-01 1.371216632294225274e+05 8.601710950790240895e+04 8.012041309551845188e+04 6.688151538851280930e+04 2.671846020650469611e-01
3.002590486959948457e-01 3.299614377693162459e-01 1.590279362673367447e-01 4.044896965580373482e-01 2.184630775944385317e-01 2.278039962615990843e-01 2.975613070768096668e-01 1.664469924603512627e+05 1.416656674875825411e+05 7.700886586264157086e+04 4.078619326895393169e+04 2.294897798272759748e-01
4.315885296137741967e-01 5.810487929787221395e-01 2.443921391918384978e-01 4.554896407640379730e-01 3.346847994186021857e-01 2.884112549671209447e-01 3.371368829074872231e-01 1.479432976049571007e+05 9.654317515028134221e+04 7.855815435903024627e+04 7.212530523539586284e+04 3.091090510076019982e-01
4.558371172980120734e-01 5.518188637944543284e-01 3.814732576764980343e-01 4.503451808980659665e-01 2.055838118729978736e-01 3.368988825496947448e-01 3.692619941722644072e-01 9.032690805088334309e+04 1.193716507251518196e+05 8.391784822295351478e+04 5.145966082544485107e+04 2.068950278367130968e-01
3.608409365488485232e-01 6.359282589357249105e-01 5.341490720876307385e-01 5.169611554831174960e-01 2.806120848693005043e-01 2.801885470195680794e-01 3.265587715943037983e-01 1.169267325627259706e+05 1.134322968691612041e+05 8.161021576895957696e+04 6.363114714776883193e+04 3.123143125305675727e-01
3.605149944337436296e-01 5.166057315184535703e-01 5.073739898428055728e-01 4.225122851999233986e-01 1.890020582788015102e-01 2.947301019946237943e-01 4.868465093202882787e-01 1.341008239039478940e+05 1.062904444104893919e+05 8.182192024576316180e+04 5.511555339344507229e+04 3.332744453285849118e-01
5.421069701353654624e-01 5.687689819071750641e-01 5.471955599731278541e-01 5.366336747419027109e-01 3.584741098217630872e-01 4.783381372238553753e-01 6.338744180648028248e-01 1.443552474672704993e+05 1.066406068341097853e+05 8.890069808309731889e+04 1.377372422084654099e+05 5.933100430059448094e-01
2.114059481833602538e-01 5.665502149973414836e-01 3.993245932926737241e-01 4.425184344308328299e-01 2.091621172218629809e-01 2.672005173074172846e-01 3.034112606740758111e-01 1.480987559584479604e+05 9.335832561351238110e+04 7.780436150311917299e+04 4.346238673325422860e+04 3.834061899482355540e-01
5.350213860025473389e-01 6.267367359827858975e-01 4.124591361791630773e-01 6.620240891016827556e-01 6.347966735430797813e-01 6.621198031228067160e-01 8.666030151426514783e-01 6.137794461997731560e+04 5.425414220802191994e+04 7.523738182706960652e+04 5.803268608358160418e+04 3.507970369226184326e-01
4.337163558937882080e-01 5.746127265344916912e-01 1.812872925321470097e-01 3.628026945722260810e-01 2.453987232186350953e-01 3.085478593200821629e-01 2.841916010839493634e-01 1.381064218030982011e+05 6.545337441769228462e+04 8.231162428109688335e+04 6.353051500319423940e+04 3.544398692343109780e-01
2.751339526847558226e-01 5.861509577669784532e-01 3.006210589416417611e-01 4.406802762470803936e-01 1.770869856652582952e-01 2.440870045530711963e-01 3.183182642582435551e-01 1.134643891496613069e+05 7.999598078616974817e+04 7.848455603959006839e+04 7.863047797897471173e+04 3.912819486970559590e-01
6.461990615574415564e-01 -1.603374303239996079e-01 5.518504288526576707e-01 7.673195894682056650e-01 6.093012734159465316e-01 6.812199498750124427e-01 6.563485176229317819e-01 2.565357314484427916e+05 1.157441225529695366e+05 1.482779333851933479e+05 2.528062979759148147e+05 6.394101252457976559e-01
3.693449431647395365e-01 5.589766217756810818e-01 4.595555371902467212e-01 4.343953553982581317e-01 2.927501434189492269e-01 2.692347145233729977e-01 4.142872761871039811e-01 1.200788533188911970e+05 1.055612863376936148e+05 8.415503567415541329e+04 7.625711289822767139e+04 3.158393385150195520e-01
3.285044798237629626e-01 6.045860495815972291e-01 4.183461191623816799e-01 2.611601422637448433e-01 2.623040409931994277e-01 2.952726976939455961e-01 3.651673832100366668e-01 1.214852633020688227e+05 1.146601795808252064e+05 7.731860731201303133e+04 5.174955337601651263e+04 2.127210816924684500e-01
3.492367750005300198e-01 5.403929377710084969e-01 5.259525761262173749e-01 5.019683711548419414e-01 2.682321700280032584e-01 2.693362912719148849e-01 3.878961755343510731e-01 1.014980110791023762e+05 1.026532295638037031e+05 8.454151868403829576e+04 8.933587508386930858e+04 3.151295301880360222e-01
4.527582243209358204e-01 5.360210052701939176e-01 1.755792731973884746e-01 4.771359229358382303e-01 2.179547186742443188e-01 2.711806380845713793e-01 2.722438721811966666e-01 1.153203503564139392e+05 5.464307868656972278e+04 7.784238850560948777e+04 3.392667808514465287e+04 2.142665525691053174e-01
4.922683685705892542e-01 6.168450302816190778e-01 5.335942540039919635e-01 4.089342853058789973e-01 2.335804412391069840e-01 2.978227506617037168e-01 2.793309713247035253e-01 1.113884110363851069e+05 8.154291411215244443e+04 8.758606649364698387e+04 4.781653648949942726e+04 3.408223346089499506e-01
3.114652610549554224e-01 5.380864024211752250e-01 4.400865578395574684e-01 4.482127701492778504e-01 1.606764579104256185e-01 2.443177892947710206e-01 3.583774776588629640e-01 1.238587644958926685e+05 9.785807048357164604e+04 7.563181302771928313e+04 3.855665421492477617e+04 3.658700013787929972e-01
3.420741506960980893e-01 5.120957350309688350e-01 2.327430838765597865e-01 4.691796420159550784e-01 2.374293461210063017e-01 2.934032893916747597e-01 3.405254170575432449e-01 1.072629347241484793e+05 7.983629652004611853e+04 7.863782476844271878e+04 7.999349307426542509e+04 3.653526130163065044e-01
3.956150069430315330e-01 5.223779987161942806e-01 5.532947689902045774e-01 4.775511154823876003e-01 1.882698748581373427e-01 3.029269385842656703e-01 3.103224507313779856e-01 1.197499038414047245e+05 7.924234774068724073e+04 8.015924746133960434e+04 1.175460270471986732e+05 2.730037692800224569e-01
1.508999814916516802e-01 2.087649113113879962e-01 1.733379127312940915e-01 8.270110882615835934e-02 2.286817050599551926e-01 2.537817063606609413e-01 1.918526617144993562e-01 6.733615184285381110e+04 4.913259864843067044e+04 8.639202927912266750e+04 1.502553871243000904e+05 1.766281264565998654e-01
4.003788564377478432e-01 5.579672291545882956e-01 3.479841616827673567e-01 3.863549608221486520e-01 2.177779054516434942e-01 3.293625007326411724e-01 2.922682876197381097e-01 1.481131242354940332e+05 8.314479921079451742e+04 8.180973764550214401e+04 8.453654565896690474e+04 2.505652809477206255e-01
4.447447119619000744e-01 6.262534187846217071e-01 6.388747888311345768e-01 3.916566693168958557e-01 2.171143227250292296e-01 2.858059362252125535e-01 3.257406093674887759e-01 1.406350339168969658e+05 1.105579256930706906e+05 8.376314402791998873e+04 5.257218493142963416e+04 3.486101274204378986e-01
7.774261035123150032e-01 8.242970090097502256e-01 7.187542819319970855e-01 9.216398150925472210e-01 4.187848002076940968e-01 6.470068460192774928e-01 5.460382198974209622e-01 1.033271994687975530e+05 6.416963896931072668e+04 1.054785161628865317e+05 1.428873885801735159e+05 4.770484027866779275e-01
3.406238807800562318e-01 5.887400946515792821e-01 6.089877426562381180e-01 3.659295998028463948e-01 3.118106226683206028e-01 3.735377759505150164e-01 4.113495780558469872e-01 9.237691813512466615e+04 1.508744990999412257e+05 7.618728382513830729e+04 1.090736495005895704e+05 5.146497615249251423e-01
3.580516900539882363e-01 5.530014912802521110e-01 3.184629739691274830e-01 4.786427421662948212e-01 2.544803573524825890e-01 2.390998986073340493e-01 3.279820697511821037e-01 1.468586356327280519e+05 7.948572440963365079e+04 7.660843278393712535e+04 5.832912584478440112e+04 2.214144227785929397e-01
4.353132062158026616e-01 5.233398139549837458e-01 3.582809052441797149e-01 4.462672943305121542e-01 2.086490838358441846e-01 3.015344615081677060e-01 3.742574110600528914e-01 1.006674039572770853e+05 1.099996817695127829e+05 8.446065787164488574e+04 5.975781635347674455e+04 3.608128313234006956e-01
3.128572427315422511e-01 6.355041125834898219e-01 1.832077931864114773e-01 6.861478997065350027e-01 1.733416685638017596e-01 2.738641400866782538e-01 2.839702370757681282e-01 8.240316606827001669e+04 6.543833538748660794e+04 8.257056214151348104e+04 4.762917825971161801e+04 2.166578505508947872e-01
2.841988320968010240e-01 6.268150442345361562e-01 1.957428240814625686e-01 6.713569635177603079e-01 1.678489743327919170e-01 2.591747224240795733e-01 2.614806967565656559e-01 6.428527977387727879e+04 5.348910861554498842e+04 7.898795700858246710e+04 3.145374444448069698e+04 5.293779645701330860e-01
3.198782592833503413e-01 5.527517149368301741e-01 3.438675839589511174e-01 3.777254885850487853e-01 2.698446100748831955e-01 2.806902978557471173e-01 3.832014907696513761e-01 1.359770522527292778e+05 8.363203464328567497e+04 8.294592990970924438e+04 6.967834695199086855e+04 2.745696870022684699e-01
5.129476420611459586e-01 4.990437101321532620e-01 6.316038054942597624e-01 5.001623228078971861e-01 3.408734489813554092e-01 3.931151471032310329e-01 5.952344416298811502e-01 1.547252863285029598e+05 1.183619472489112231e+05 8.568331916451970756e+04 1.294375855271197797e+05 3.580028448022647969e-01
6.968569765499396107e-01 6.305011952458409175e-01 5.618258291902530344e-01 4.568319114439507445e-01 3.709877023058312240e-01 3.897013144333899004e-01 5.122470824590000804e-01 9.520291079827964131e+04 6.640892838728796050e+04 9.415844280668615829e+04 9.184784364029040444e+04 3.168418450038015810e-01
4.641386747406394120e-01 6.031799802637332064e-01 3.358727431842976063e-01 5.422958789517285938e-01 2.205979602209716395e-01 3.048215983711758947e-01 3.328053460947646425e-01 1.369676664648434962e+05 9.453311845003788767e+04 8.117355810878843477e+04 4.164522527541870659e+04 2.929208564059731512e-01
2.792695845859909931e-01 6.694203483237469721e-01 5.399033412454360414e-01 4.731936833305844248e-01 2.608008506600715259e-01 2.893480739553908054e-01 3.922669094744807849e-01 9.327851149933756096e+04 8.575671244903148909e+04 8.150592808047222206e+04 6.792476977103458194e+04 2.862908481220609591e-01
4.301505828833113165e-01 2.454096901370414127e-02 1.214971663120564260e-01 3.518936316140484633e-01 7.652580740568418749e-01 2.236211201861224851e-01 2.376595710406741724e-01 7.784985691325817606e+04 7.110335145100991940e+04 7.014558667603142385e+04 9.874204921931832359e+03 2.304717688687758781e-01
