4.723144334154906199e-01 5.782368916387368163e-01 3.605335114220574733e-01 5.111707646563783403e-01 3.146055428721359348e-01 2.797754868742680645e-01 3.713572584217574302e-01 1.202253703097562538e+05 8.878224340333387954e+04 8.513431651945620251e+04 5.226294366398344573e+04 2.623305352877695062e-01
2.916673713522106581e-01 6.193277879062561997e-01 1.827489061171714002e-01 6.399913276792613681e-01 1.770549818347610660e-01 2.436836988074250199e-01 2.597253205806925314e-01 1.009095826431009482e+05 8.764145644622409600e+04 7.541503378962547868e+04 4.069283635316891741e+04 2.092668535325681034e-01
2.943130379759299475e-01 6.288151369925015777e-01 1.584124467943987535e-01 4.165073125776704854e-01 1.638265668985602608e-01 2.133836457666300479e-01 2.837562323656702135e-01 1.705545020450458687e+05 1.439970886959088675e+05 7.771242231175408233e+04 3.575125220608212840e+04 2.188119999634903223e-01
3.202161829440027807e-01 6.299662203052945886e-01 6.556038172179696755e-01 3.915262547689452588e-01 2.095854265181862908e-01 2.738968580224306337e-01 2.959490548103684837e-01 1.104730698977169086e+05 9.523223683432607504e+04 7.610859852558877901e+04 5.208182933133136248e+04 2.172668965590178747e-01
3.013302716137885584e-01 6.101320936642927739e-01 3.979638115349154459e-01 4.025999788158782788e-01 2.064999064508430127e-01 2.539617730789403560e-01 2.855634025068241599e-01 1.260174217089872109e+05 1.061410006063379697e+05 7.744979317395556427e+04 5.468129659698866453e+04 2.067258703137285769e-01
3.054615235726658717e-01 5.924403455114665151e-01 5.288533691629857536e-01 5.149088292510421994e-01 1.725296742770233982e-01 2.479724585986138874e-01 2.845358341239334066e-01 1.286297638763176510e+05 1.063260629690257047e+05 7.961040462229050172e+04 4.080381485566568881e+04 2.278184071420898682e-01
3.279679472018976472e-01 6.445054627549388071e-01 6.359436297838851893e-01 3.429754132344420836e-01 1.832715075090103340e-01 2.750966874305026955e-01 2.871934650405224554e-01 1.283470646910494543e+05 1.063417969839681173e+05 7.964875850493475446e+04 4.306179248445561825e+04 2.162136508029294524e-01
3.010533382390002677e-01 6.321095689839600906e-01 1.967728154639970251e-01 6.772717937434359348e-01 1.971329548841677104e-01 2.618538540058659714e-01 2.884371030905796274e-01 1.087538105691082892e+05 8.936153567811373796e+04 8.068488134655516478e+04 5.541635130232872325e+04 2.243506313621989046e-01
2.937238602536455523e-01 6.116192548864378686e-01 1.689447960729297815e-01 6.829730052963896014e-01 1.528040558292300122e-01 2.151234017937755372e-01 2.797103448911871237e-01 1.688474984600094322e+05 1.429029575041754288e+05 7.748519364334741840e+04 3.586850810482299130e+04 2.150838809125342199e-01
3.322060932368547936e-01 6.261762918550516366e-01 1.970337825071817039e-01 6.958020865242179331e-01 1.905690432119609978e-01 2.667975626888015594e-01 3.184178017721211451e-01 1.807421524944246048e+05 1.443166177316893591e+05 8.262376707996569166e+04 5.863241034090799076e+04 2.528826283949421883e-01
3.021887363055426601e-01 6.748094795733950990e-01 3.113458203712556327e-01 5.672361504181840930e-01 2.669181406620622643e-01 3.271993487714706661e-01 3.159626750972645004e-01 1.116759827213984536e+05 9.328665626980055822e+04 7.860215378762623004e+04 3.345494019800458045e+04 2.439975612181060904e-01
3.098015036417345880e-01 6.311936247093490326e-01 1.811884135188368550e-01 6.842811291491766035e-01 1.693242299642453430e-01 2.564251954954697710e-01 2.817440228011129921e-01 1.160984769786141114e+05 9.571673007895023329e+04 7.953469267587600916e+04 4.317374309825683304e+04 2.144223446042214931e-01
3.542338964199960305e-01 5.995659594661572056e-01 4.374967723492900196e-01 3.795304807061312125e-01 2.355472565333030510e-01 3.326937004602605330e-01 3.285963797646984097e-01 1.196688305415638024e+05 9.490156760520725220e+04 8.090985343683615793e+04 6.258245951422826329e+04 3.009956072052135112e-01
4.236893238300118991e-01 6.045912412268448222e-01 3.435753013955016311e-01 4.969601060984210061e-01 2.205503570010041992e-01 2.903036234296267337e-01 4.114395854109647588e-01 1.072871055709647335e+05 8.333662797657544434e+04 8.099201901064584672e+04 6.095424589672481670e+04 2.981494012367312263e-01
2.896696307580964302e-01 6.369495075478475155e-01 6.411890547001464213e-01 9.730730815258928357e-02 1.918359244676918207e-01 2.573197324769974648e-01 2.695913559459196529e-01 1.143551088291445340e+05 9.474901456143260293e+04 7.925643909893737873e+04 4.020197388714355475e+04 2.062269032285546921e-01
3.264153637094738269e-01 6.304899700328197021e-01 6.318955744781323824e-01 3.746108016186218692e-01 2.108817966924894372e-01 3.090329821563341794e-01 3.460084420765007773e-01 1.276829505656541005e+05 1.045971218905493297e+05 8.031117539155198028e+04 4.573014435201411834e+04 2.370101259956244877e-01
3.971188108087027047e-01 5.922263901232184269e-01 4.098916622334556337e-01 4.766043691585032382e-01 2.994755084898934050e-01 2.911732991718310459e-01 3.289385730476391823e-01 1.124707738078221737e+05 1.040320273343002627e+05 8.062511204326539882e+04 5.639463606493210682e+04 2.332157426905256403e-01
3.919064248949781226e-01 5.408821567324844093e-01 3.525955087954002476e-01 5.892690536878295582e-01 1.631179397376589513e-01 3.740882173779660480e-01 3.328755737150155825e-01 1.122009916510949697e+05 8.942476029684055538e+04 7.855501726516717463e+04 3.038226818204308802e+04 2.141473457768998112e-01
5.065109809373870009e-01 6.281585431726184332e-01 5.905603394279076435e-01 4.271020473229840686e-01 9.134706272694157470e-01 4.953631350265690347e-01 7.330763717922822442e-01 1.110079554807153763e+05 9.074765233908167284e+04 8.056812419124244479e+04 4.883420199392968061e+04 2.172895664736135823e-01
2.838505870192152836e-01 6.186523115203417245e-01 6.273866348187412401e-01 3.688154927665566740e-01 1.796213324408806877e-01 2.334814570735358474e-01 2.816728395684170994e-01 1.521418863647418912e+05 1.273216122967919364e+05 7.833074033131194301e+04 3.824497082483724080e+04 2.163558616338953355e-01
3.058053147387914117e-01 6.277777507711868044e-01 4.758191512204972273e-01 4.721189324037716739e-01 2.258594105078877146e-01 2.634691103573947313e-01 3.495752608050506360e-01 1.425594887040677713e+05 8.892923747507356165e+04 7.946737211491430935e+04 5.924946410120711516e+04 2.454612415129676373e-01
3.612783052826583075e-01 6.240431295425828973e-01 2.637104214601611596e-01 6.751604255840945035e-01 1.655453735205937582e-01 3.813023455033135445e-01 3.985980771463091821e-01 1.270831297125535784e+05 1.033216010676411097e+05 8.143348149276114418e+04 4.806788283712610428e+04 2.744178194572811647e-01
3.235311865337947568e-01 5.602386388645703708e-01 3.337978561076979656e-01 3.471113617802028539e-01 2.657251311036741837e-01 2.953635248293408622e-01 2.608876524455487345e-01 7.262665280654406524e+04 1.056727559159795637e+05 8.022006777006063203e+04 3.681793561694124946e+04 3.054479614176565105e-01
3.515396481596843592e-01 6.098756229392889860e-01 2.761650919512716462e-01 1.319891233761355254e-01 1.160236117409210732e-01 2.707174186795968107e-01 2.794537244577603441e-01 1.211837749984921684e+05 1.049907399941579642e+05 7.988570205581140181e+04 3.661784541243948479e+04 3.053829195531022611e-01
6.525927649088683058e-01 6.280059515216549482e-01 2.140368661580086818e-01 6.907333593201410160e-01 5.799309688661109519e-01 3.056349358532457483e-01 4.264495508339630203e-01 1.156560215282498248e+05 9.585046733635898272e+04 7.942975137292972067e+04 4.515643133818307979e+04 2.229123678527658026e-01
3.894166008929837441e-01 5.861384214242175705e-01 3.938523827142695888e-01 4.100980606096225611e-01 2.306976794724194535e-01 2.778564260476711345e-01 3.356172214571755963e-01 1.221526062215379934e+05 1.001510165666051325e+05 8.060935085953310772e+04 4.837460017649452493e+04 3.157358958559850493e-01
3.154187248277807165e-01 5.731817608507711048e-01 5.233180804018736643e-01 4.382786517656417358e-01 2.559493042751144753e-01 2.713790230131534198e-01 4.012164569307731798e-01 8.967715127315004065e+04 9.798511035713972524e+04 7.733439843604648195e+04 2.625364942905595672e+04 2.859740581882401766e-01
3.883654594832360862e-01 5.743521943820820708e-01 3.470883335696045568e-01 3.416967505763893187e-01 2.565691061355736546e-01 2.720340778244935143e-01 3.599793581666926312e-01 1.029756652324864262e+05 8.440476724572014064e+04 8.305631048483087216e+04 4.388380484981568588e+04 2.332111187928394835e-01
3.676341131071928503e-01 6.357307883100719037e-01 5.054447471553953353e-01 3.806756058447324786e-01 2.761490750966680285e-01 2.981538940347470135e-01 3.074339896297575425e-01 1.247581155368588516e+05 8.337523440434856457e+04 8.140722524167825759e+04 5.316467019905346388e+04 2.400722258744610871e-01
3.926144134253224949e-01 6.461601342798155567e-01 2.845724456885443954e-01 5.191541471095181270e-01 2.014150056155889490e-01 3.333481620742048124e-01 3.144434022615500424e-01 1.516886361928156985e+05 1.128273969558507088e+05 7.661387384425700293e+04 5.760662022892474488e+04 2.889697441426249958e-01
3.587019609405486253e-01 5.395297277601655006e-01 4.425566664665381289e-01 5.177285732143719343e-01 2.536767813379225966e-01 2.965630676938217913e-01 3.691283890561864456e-01 1.358870358646387176e+05 1.072218510098658153e+05 8.230049052214784024e+04 3.761161141674529063e+04 3.194692084119069020e-01
3.107759225675765236e-01 5.935381270781751040e-01 4.325293369041666725e-01 4.725952279056638838e-01 2.469555349437113356e-01 3.216895476895765271e-01 3.753956667098933275e-01 1.385908131918302388e+05 1.020027083016122633e+05 7.487800405056362797e+04 5.379507527913095691e+04 1.798417269630075976e-01
4.289426763545066690e-01 5.764636292022727870e-01 4.224610252001820276e-01 5.292916847889952425e-01 1.742308969464753110e-01 3.018729709943445139e-01 2.953165183011680628e-01 1.194598123089377186e+05 8.316673771136837604e+04 7.994442597918389947e+04 4.884560433320244920e+04 2.807451705418194110e-01
3.851786103122896709e-01 6.042987629865778088e-01 3.142484471150232550e-01 4.174786311030171393e-01 2.246149372907857711e-01 2.960769237915615859e-01 3.069499348093404079e-01 1.296762154652438621e+05 1.001423231475811335e+05 8.494287360820591857e+04 4.351892962139895099e+04 2.956289605996905712e-01
3.810672314714674269e-01 5.611445943995029273e-01 4.205576982776040307e-01 4.789392571896821105e-01 1.676871325563660531e-01 2.775171975853634176e-01 3.519647244250925233e-01 1.128787806630703271e+05 1.016856119493652659e+05 8.446678109693720762e+04 4.517169982215126947e+04 2.736355085158335143e-01
3.687169623430016085e-01 5.438757149612812869e-01 3.828247558009653106e-01 4.551540670968703961e-01 1.305086607300336432e-01 3.131883277251686915e-01 4.187295123265212249e-01 1.315367145212833129e+05 8.550092425074028142e+04 8.427240817817440256e+04 4.040856721966850455e+04 2.323319604394481763e-01
3.128017664599901382e-01 6.355168035430324158e-01 1.786917765807553293e-01 4.307603186805031292e-01 1.894915184084038640e-01 2.580843868990440049e-01 2.851977064188520039e-01 1.100699168705683405e+05 9.011974826290123747e+04 8.013470841451200249e+04 4.494391590359714610e+04 2.204049656540684465e-01
3.481705624252326436e-01 5.919897492071090062e-01 2.750461382580839942e-01 3.700919965297603809e-01 2.533307553348876362e-01 2.932683713564814831e-01 3.196629505423685402e-01 1.276107215431553632e+05 7.821417564519551524e+04 8.158553180197351321e+04 5.734862589539642795e+04 2.120328243724930450e-01
3.777415184102524970e-01 5.875169339899857235e-01 5.113926196377179823e-01 4.067788837719584216e-01 3.273548024065135453e-01 3.331379845355696978e-01 4.301351789851392549e-01 1.106559165234063548e+05 9.286090057817423076e+04 8.156511277893293300e+04 3.449795692438728292e+04 3.129047177081535347e-01
3.149432537103980523e-01 5.509168855387009955e-01 3.009981110398174398e-01 4.247628619700353769e-01 2.958998176387718781e-01 3.237420197138133893e-01 3.325399395266404046e-01 1.149344949886971590e+05 9.550806873071065638e+04 7.902130162715376355e+04 3.938886942308177822e+04 2.387859425149474191e-01
2.643845193614101641e-01 5.998026572725406735e-01 6.111412632360649910e-01 2.798789185172900207e-01 1.679685581620131984e-01 2.009074997719333677e-01 2.782080165783431536e-01 1.893081291100079543e+05 1.616578193041922641e+05 7.676904098425959819e+04 3.391674223820802581e+04 2.144331491622214481e-01
3.460254955123944764e-01 5.928019341425614375e-01 5.412866016668427260e-01 4.287825827114706834e-01 2.736735045960472790e-01 2.762385889703256603e-01 3.939185135009776739e-01 1.228037527829117898e+05 1.177951055815773434e+05 7.828206074616675323e+04 3.409686510911910591e+04 2.615288768328474789e-01
3.555552881076298744e-01 6.154016626545681934e-01 3.108407924699072011e-01 3.847972385441582599e-01 2.004476675927702178e-01 2.515133208231320472e-01 3.208747891776006500e-01 1.726289087323283893e+05 1.064039651155506290e+05 8.080349575789427035e+04 2.268562479485954100e+04 1.542618317757647739e-01
2.211023781983281755e-01 5.828294858378941790e-01 4.567480205816680239e-01 4.702914183604527398e-01 2.101309763953530252e-01 2.613157600541392567e-01 2.363806140893064955e-01 1.153138436391662399e+05 1.044728718353246950e+05 7.592249127808074991e+04 3.928034066217473446e+04 2.464212655059931367e-01
2.939888354444081253e-01 6.383548107366422419e-01 6.471908937446272381e-01 3.635495482916150656e-01 1.911390280568258104e-01 2.732280691091008018e-01 2.818547796689744867e-01 1.075567866922711983e+05 8.816395335347462969e+04 7.997813021478989685e+04 4.422000657409539417e+04 2.149413790276128722e-01
4.067129323044206823e-01 5.986277010416538591e-01 4.092238136492930556e-01 5.225414783806637820e-01 1.497660215517435389e-01 2.997514667131265242e-01 3.368290183882593491e-01 1.096833912338085356e+05 1.202826560048555839e+05 8.102171107563267287e+04 5.738960532184781187e+04 2.520132569138287537e-01
3.263239404143239986e-01 6.510411862869643906e-01 3.958882344109470597e-01 3.403857913447185801e-01 2.486154540047930683e-01 2.753410242701167521e-01 3.978214685973944231e-01 1.371216632294225274e+05 8.601710950790240895e+04 8.012041309551845188e+04 6.688151538851280930e+04 2.671846020650469611e-01
3.285044798237629626e-01 6.045860495815972291e-01 4.183461191623816799e-01 2.611601422637448433e-01 2.623040409931994277e-01 2.952726976939455961e-01 3.651673832100366668e-01 1.214852633020688227e+05 1.146601795808252064e+05 7.731860731201303133e+04 5.174955337601651263e+04 2.127210816924684500e-01
4.641386747406394120e-01 6.031799802637332064e-01 3.358727431842976063e-01 5.422958789517285938e-01 2.205979602209716395e-01 3.048215983711758947e-01 3.328053460947646425e-01 1.369676664648434962e+05 9.453311845003788767e+04 8.117355810878843477e+04 4.164522527541870659e+04 2.929208564059731512e-01
2.792695845859909931e-01 6.694203483237469721e-01 5.399033412454360414e-01 4.731936833305844248e-01 2.608008506600715259e-01 2.893480739553908054e-01 3.922669094744807849e-01 9.327851149933756096e+04 8.575671244903148909e+04 8.150592808047222206e+04 6.792476977103458194e+04 2.862908481220609591e-01
