2.000000000000000000e+00
1.100000000000000000e+01
1.800000000000000000e+01
1.900000000000000000e+01
2.000000000000000000e+01
2.100000000000000000e+01
2.500000000000000000e+01
2.600000000000000000e+01
2.700000000000000000e+01
3.100000000000000000e+01
3.300000000000000000e+01
3.700000000000000000e+01
4.000000000000000000e+01
5.000000000000000000e+01
5.100000000000000000e+01
5.200000000000000000e+01
5.300000000000000000e+01
5.600000000000000000e+01
5.800000000000000000e+01
6.200000000000000000e+01
6.600000000000000000e+01
6.800000000000000000e+01
7.500000000000000000e+01
7.600000000000000000e+01
8.100000000000000000e+01
8.300000000000000000e+01
8.500000000000000000e+01
8.900000000000000000e+01
9.000000000000000000e+01
9.200000000000000000e+01
9.400000000000000000e+01
9.600000000000000000e+01
9.800000000000000000e+01
1.090000000000000000e+02
1.130000000000000000e+02
1.170000000000000000e+02
1.230000000000000000e+02
1.250000000000000000e+02
1.270000000000000000e+02
1.340000000000000000e+02
1.380000000000000000e+02
1.400000000000000000e+02
1.420000000000000000e+02
1.440000000000000000e+02
1.450000000000000000e+02
1.460000000000000000e+02
1.540000000000000000e+02
1.560000000000000000e+02
1.580000000000000000e+02
1.630000000000000000e+02
1.640000000000000000e+02
1.690000000000000000e+02
1.710000000000000000e+02
1.760000000000000000e+02
1.810000000000000000e+02
1.830000000000000000e+02
1.840000000000000000e+02
1.870000000000000000e+02
1.900000000000000000e+02
1.910000000000000000e+02
1.930000000000000000e+02
1.940000000000000000e+02
1.960000000000000000e+02
2.030000000000000000e+02
2.040000000000000000e+02
2.070000000000000000e+02
2.080000000000000000e+02
2.090000000000000000e+02
2.100000000000000000e+02
2.140000000000000000e+02
2.210000000000000000e+02
2.220000000000000000e+02
2.240000000000000000e+02
2.340000000000000000e+02
2.460000000000000000e+02
2.500000000000000000e+02
2.530000000000000000e+02
2.540000000000000000e+02
