3.549009208040136976e-01 6.416788249734025618e-01 7.323836725962911132e-01 4.122769505831370696e-01 2.305139446983525131e-01 3.172609886666629131e-01 2.875162425657814547e-01 1.382389598843055137e+05 1.159676245507742715e+05 7.823422370536111703e+04 6.026167489765026403e+04 3.159081456978946045e-01
2.902096877725133250e-01 5.889394459114883906e-01 6.788429748138059550e-01 3.896155179313726125e-01 2.339660291465699427e-01 1.145503345643174992e-01 2.488328718974747722e-01 1.647734454823662236e+05 1.364770244658884767e+05 8.028251778433907020e+04 4.427182885072736826e+04 2.802365062469104884e-01
2.729698332618982759e-01 6.085958736471083208e-01 6.980230728372183169e-01 3.729278808274809620e-01 2.229715331002088408e-01 2.399104110513841370e-01 2.483163631992446330e-01 1.563312068236738269e+05 1.395601287108205433e+05 7.481515958302898798e+04 5.772372045119239192e+04 2.978328928937097886e-01
2.930236125168110828e-01 5.989129934958532520e-01 6.847729769811317091e-01 3.689426661044065137e-01 2.167279418972914706e-01 2.472790586564217186e-01 2.494520480791778683e-01 1.672932173741575098e+05 1.437931230606995814e+05 7.623831137772106740e+04 4.110050467119292443e+04 2.648239800111066300e-01
2.811621474256462694e-01 6.197160452455842128e-01 6.907655223068012162e-01 2.298744674069048421e-01 2.190643436403576505e-01 2.046746878277460324e-01 2.230171382244612588e-01 1.120636655959120253e+05 9.471298796429617505e+04 7.773115787335515779e+04 4.250618473013484618e+04 2.083452812416652922e-01
3.802964198839713927e-01 5.782453182006560555e-01 6.141839344798817324e-01 3.615024834497713169e-01 2.779118249934496854e-01 2.957472711702491264e-01 3.230016685852577507e-01 1.410237585948593041e+05 1.141933434724317049e+05 7.937336658495961456e+04 6.074070823712163838e+04 2.698747919296332065e-01
2.063881094049849485e-01 6.026711664690868053e-01 6.953317741670933527e-01 3.667197529570436210e-01 2.154816408113773563e-01 3.215813034505341506e-01 2.171874340590149444e-01 1.041953142538002576e+05 9.290974772660681629e+04 7.345290621163707692e+04 4.727465421034554311e+04 2.828614822300943299e-01
2.593803786216838381e-01 5.597735431441374088e-01 6.636839824539851884e-01 3.601305572130666377e-01 1.911218763667059117e-01 1.885267599124119675e-01 2.427073135322283526e-01 2.283589163218293979e+05 2.000728119594574673e+05 7.483605873166926904e+04 3.521332322462977027e+04 2.600185402338747176e-01
3.694765534322801970e-01 5.418465810275144845e-01 6.130759875448980045e-01 4.617877092483838042e-01 2.839586731396526731e-01 3.623512268018487803e-01 1.944680289675639051e-01 1.088358134122219053e+05 1.178483635637049010e+05 7.803889683815544413e+04 3.947092098922475998e+04 1.937416213344673732e-01
2.955603682944505373e-01 6.199455650833323173e-01 7.050456807903989764e-01 3.691342098358144086e-01 2.242730925970267131e-01 2.974327398141538015e-01 2.529010652578150831e-01 1.103623994201895985e+05 9.283951064538409992e+04 7.795478249264274200e+04 4.954753927237004973e+04 2.725765588962973385e-01
2.977809557808720475e-01 6.030506186470262486e-01 6.966871374483205592e-01 1.784361199127163511e-01 2.257311653703296672e-01 2.931373616276889971e-01 2.579648215559756652e-01 1.380054152694318909e+05 1.151579719772014796e+05 7.872551457138884871e+04 4.949783764364145463e+04 2.861336649591030290e-01
