2.000000000000000000e+00
5.000000000000000000e+00
1.200000000000000000e+01
2.000000000000000000e+01
2.500000000000000000e+01
3.100000000000000000e+01
3.300000000000000000e+01
3.600000000000000000e+01
3.700000000000000000e+01
3.800000000000000000e+01
4.600000000000000000e+01
5.000000000000000000e+01
5.200000000000000000e+01
5.800000000000000000e+01
6.300000000000000000e+01
7.000000000000000000e+01
7.100000000000000000e+01
7.500000000000000000e+01
8.100000000000000000e+01
8.300000000000000000e+01
8.400000000000000000e+01
8.800000000000000000e+01
8.900000000000000000e+01
9.000000000000000000e+01
9.400000000000000000e+01
1.030000000000000000e+02
1.100000000000000000e+02
1.120000000000000000e+02
1.130000000000000000e+02
1.230000000000000000e+02
1.250000000000000000e+02
1.290000000000000000e+02
1.310000000000000000e+02
1.320000000000000000e+02
1.360000000000000000e+02
1.560000000000000000e+02
1.640000000000000000e+02
1.660000000000000000e+02
1.720000000000000000e+02
1.790000000000000000e+02
1.830000000000000000e+02
1.860000000000000000e+02
1.870000000000000000e+02
1.940000000000000000e+02
1.960000000000000000e+02
2.040000000000000000e+02
2.050000000000000000e+02
2.100000000000000000e+02
2.110000000000000000e+02
2.120000000000000000e+02
2.140000000000000000e+02
2.160000000000000000e+02
2.220000000000000000e+02
2.350000000000000000e+02
2.360000000000000000e+02
2.390000000000000000e+02
2.410000000000000000e+02
2.420000000000000000e+02
2.450000000000000000e+02
2.470000000000000000e+02
2.490000000000000000e+02
2.530000000000000000e+02
