3.440230951625838363e-01 5.721083993285879243e-01 4.741534692050135003e-01 3.408281875314431719e-01 2.234711245484315711e-01 1.993822260877082808e-01 2.211530998833180495e-01 1.670770562413893931e+05 1.471275905194437364e+05 7.443720551482081646e+04 3.590732193380760145e+04 2.304689031907222463e-01
3.549009208040136976e-01 6.416788249734025618e-01 7.323836725962911132e-01 4.122769505831370696e-01 2.305139446983525131e-01 3.172609886666629131e-01 2.875162425657814547e-01 1.382389598843055137e+05 1.159676245507742715e+05 7.823422370536111703e+04 6.026167489765026403e+04 3.159081456978946045e-01
3.346142658257503788e-01 6.099478064346800510e-01 4.606191998242578634e-01 5.320648189572438902e-01 2.193814735309188857e-01 2.655126010839584660e-01 1.845649940549654311e-01 1.510295075331720000e+05 1.288298285448081297e+05 7.719043333357007941e+04 4.303173413750319014e+04 2.762643344010780599e-01
3.135284849360439607e-01 6.076412356190917796e-01 4.302163393102501621e-01 6.589572391169876697e-01 2.422447036964902878e-01 2.404158600892910280e-01 2.409827023932969436e-01 1.475007867546951747e+05 1.266481498000965948e+05 7.635178129337354039e+04 4.416912029081922083e+04 2.577739114474770221e-01
2.544721689839496426e-01 5.872964152263844273e-01 2.528153981720116517e-01 6.632517852665507085e-01 2.524990486627039510e-01 2.763144368492732039e-01 2.202828328573842032e-01 1.147040500224166753e+05 1.005520784513465333e+05 7.476660156453249510e+04 4.415092810166221170e+04 2.640354800381995437e-01
2.902096877725133250e-01 5.889394459114883906e-01 6.788429748138059550e-01 3.896155179313726125e-01 2.339660291465699427e-01 1.145503345643174992e-01 2.488328718974747722e-01 1.647734454823662236e+05 1.364770244658884767e+05 8.028251778433907020e+04 4.427182885072736826e+04 2.802365062469104884e-01
2.924474092332213782e-01 6.055829597691678723e-01 4.252931660740148501e-01 5.338307211854061984e-01 2.423716386690722424e-01 2.085168870032104715e-01 2.224072203517971913e-01 9.596474904587271158e+04 7.953717255068881786e+04 7.935579817462878418e+04 4.328234842154040234e+04 2.215559351093406570e-01
2.729698332618982759e-01 6.085958736471083208e-01 6.980230728372183169e-01 3.729278808274809620e-01 2.229715331002088408e-01 2.399104110513841370e-01 2.483163631992446330e-01 1.563312068236738269e+05 1.395601287108205433e+05 7.481515958302898798e+04 5.772372045119239192e+04 2.978328928937097886e-01
3.177788641487062082e-01 6.160278462805832689e-01 4.328040879756309134e-01 6.700152909417882441e-01 2.515088593158653629e-01 2.861067087491050431e-01 2.461153199912241574e-01 1.073981005154890445e+05 8.972270564684692363e+04 7.850652130310492066e+04 4.958270868953867466e+04 2.687829333385355346e-01
2.975780768085828365e-01 5.749411742446267626e-01 3.080608327667831992e-01 6.741798516253735274e-01 2.641195965717222927e-01 2.793577322819871811e-01 2.478905448642608200e-01 1.378253739003030350e+05 1.168659357272935595e+05 7.751116130083588359e+04 4.488503079619697382e+04 2.703288286837137178e-01
-1.356443167332935934e-02 5.956744247208148879e-01 4.617977242815224925e-01 3.872881821586732221e-01 2.261792390999125824e-01 3.310524452933166217e-01 -5.589098097167746748e-02 1.120799693245590461e+05 1.064031282295644487e+05 6.846444656347612909e+04 4.525543022676713008e+04 2.790651614794899538e-01
3.855302051231223048e-01 6.084008688193105474e-01 5.584184509624072756e-01 5.172486827811582089e-01 2.707581221316774922e-01 2.388520931777115552e-01 2.134387592195419736e-01 6.937225089995890448e+04 1.236748839694856288e+05 8.172620938272467174e+04 6.350042719011561712e+04 3.191199486883479763e-01
3.915909560604724504e-01 5.920932112298068484e-01 4.402088570603677753e-01 4.280568764097376633e-01 2.802999327294365406e-01 3.027406519131183860e-01 3.068499800600479888e-01 1.100322614933559671e+05 9.624946508057767642e+04 7.730218298929177399e+04 6.135345747085090989e+04 3.491544493942522198e-01
2.848496630965369203e-01 6.337800726157355458e-01 4.817078474495357643e-01 5.294838020355044916e-01 3.242209355160763362e-01 3.424122628563061599e-01 2.849086676292365006e-01 1.292936264753204159e+05 1.108786059152546950e+05 7.659971028854293399e+04 3.339018025272863451e+04 3.003678716953306904e-01
6.166226817126676529e-01 6.079340730318290031e-01 5.505108949568792154e-01 4.855648287331847945e-01 7.847867343193927203e-01 3.869016904449090188e-01 5.817126606002549494e-01 1.289257180222622992e+05 1.090400346314306516e+05 7.775681760593559011e+04 4.710219516341717099e+04 2.562414886882961040e-01
2.930236125168110828e-01 5.989129934958532520e-01 6.847729769811317091e-01 3.689426661044065137e-01 2.167279418972914706e-01 2.472790586564217186e-01 2.494520480791778683e-01 1.672932173741575098e+05 1.437931230606995814e+05 7.623831137772106740e+04 4.110050467119292443e+04 2.648239800111066300e-01
3.383750771476406460e-01 5.799581421048531915e-01 5.263328000191497269e-01 4.045458492983656229e-01 2.705207449668214359e-01 2.602984676266977271e-01 3.518813864545570769e-01 1.159043991508529580e+05 9.955582834949379321e+04 8.077611675352278689e+04 5.369695299821979279e+04 3.356958940065030150e-01
2.811621474256462694e-01 6.197160452455842128e-01 6.907655223068012162e-01 2.298744674069048421e-01 2.190643436403576505e-01 2.046746878277460324e-01 2.230171382244612588e-01 1.120636655959120253e+05 9.471298796429617505e+04 7.773115787335515779e+04 4.250618473013484618e+04 2.083452812416652922e-01
4.011793359027869821e-01 5.920527268482156380e-01 3.884055747140571224e-01 4.385783309399163832e-01 2.692770158184036311e-01 3.387536484024680772e-01 4.362905194058406266e-01 1.266254506726747495e+05 8.309637814830690331e+04 7.667233869861767744e+04 6.694164510504630744e+04 3.297385829451177086e-01
4.984956504837363411e-01 6.043713136731855284e-01 4.393119224150061064e-01 6.555339390101169172e-01 2.615703811457410488e-01 2.842430081018246235e-01 2.661159767979416335e-01 1.513522084138614882e+05 1.257138662607996666e+05 7.888279295868192276e+04 4.603111845813962282e+04 3.112523709633915892e-01
3.802964198839713927e-01 5.782453182006560555e-01 6.141839344798817324e-01 3.615024834497713169e-01 2.779118249934496854e-01 2.957472711702491264e-01 3.230016685852577507e-01 1.410237585948593041e+05 1.141933434724317049e+05 7.937336658495961456e+04 6.074070823712163838e+04 2.698747919296332065e-01
2.063881094049849485e-01 6.026711664690868053e-01 6.953317741670933527e-01 3.667197529570436210e-01 2.154816408113773563e-01 3.215813034505341506e-01 2.171874340590149444e-01 1.041953142538002576e+05 9.290974772660681629e+04 7.345290621163707692e+04 4.727465421034554311e+04 2.828614822300943299e-01
3.289910723861808051e-01 6.230592651178239461e-01 4.570646356960383350e-01 4.513075274720173002e-01 2.297173617788419719e-01 2.859456879512395355e-01 2.565899244752032904e-01 1.262085131919613341e+05 1.058614373751359235e+05 7.820371872454945697e+04 4.991853399126445584e+04 2.848390094543847284e-01
2.593803786216838381e-01 5.597735431441374088e-01 6.636839824539851884e-01 3.601305572130666377e-01 1.911218763667059117e-01 1.885267599124119675e-01 2.427073135322283526e-01 2.283589163218293979e+05 2.000728119594574673e+05 7.483605873166926904e+04 3.521332322462977027e+04 2.600185402338747176e-01
3.014893710621088241e-01 6.116714958564365423e-01 4.413557600428857919e-01 4.208053159601399251e-01 2.117238134887116374e-01 2.262654334519844657e-01 2.463210786818063880e-01 1.909922915538183588e+05 1.652473995826340397e+05 7.580134949072991731e+04 3.990660213390133140e+04 2.669051923596767462e-01
3.694765534322801970e-01 5.418465810275144845e-01 6.130759875448980045e-01 4.617877092483838042e-01 2.839586731396526731e-01 3.623512268018487803e-01 1.944680289675639051e-01 1.088358134122219053e+05 1.178483635637049010e+05 7.803889683815544413e+04 3.947092098922475998e+04 1.937416213344673732e-01
2.955603682944505373e-01 6.199455650833323173e-01 7.050456807903989764e-01 3.691342098358144086e-01 2.242730925970267131e-01 2.974327398141538015e-01 2.529010652578150831e-01 1.103623994201895985e+05 9.283951064538409992e+04 7.795478249264274200e+04 4.954753927237004973e+04 2.725765588962973385e-01
3.772674783038368895e-01 6.516372807420881541e-01 4.701019490560699454e-01 5.482571502247772788e-01 2.876108361780108646e-01 3.733939114836024031e-01 3.248246915648773658e-01 1.361365821979220491e+05 9.905936509676203423e+04 7.611278226024651667e+04 6.508311317023781157e+04 1.966088327656921597e-01
2.977809557808720475e-01 6.030506186470262486e-01 6.966871374483205592e-01 1.784361199127163511e-01 2.257311653703296672e-01 2.931373616276889971e-01 2.579648215559756652e-01 1.380054152694318909e+05 1.151579719772014796e+05 7.872551457138884871e+04 4.949783764364145463e+04 2.861336649591030290e-01
2.927713247277006769e-01 5.756496007451930019e-01 3.907518387987670150e-01 6.420566949046508931e-01 2.197305973927027312e-01 1.974019453300470683e-01 2.378880634988752296e-01 2.161774607259595068e+05 1.885826286095301912e+05 7.516096091677708318e+04 3.662150313547254336e+04 2.545424564362271935e-01
4.107403593770167505e-01 5.527834802873569098e-01 4.860517149646746971e-01 4.610749757553663231e-01 2.634514024414373323e-01 3.092580915488438720e-01 2.208680381716369712e-01 1.516533585270522162e+05 1.165432716149144981e+05 8.393869355637006811e+04 2.915736364163306644e+04 2.903180130940511416e-01
3.909429483882778111e-01 5.686889835646468105e-01 5.473055425139758956e-01 4.703767401545427829e-01 2.351791477850359857e-01 3.147495396547825841e-01 3.392370028431903051e-01 1.374849768985363189e+05 1.175941019294604339e+05 7.988965280607160821e+04 3.883691359443157125e+04 3.581399323434683035e-01
