5.075562143661337400e-01 1.593898408181569082e-01 3.838862827035637859e-01 4.242699532967252329e-01 4.030754010036251000e-01 -2.566329202384461383e-01 8.836891805298108249e-02 -1.994201388269044226e+06 2.039009736719901848e+05 3.399081723242721637e+04 1.632220647492254211e+05 6.635869379033607629e-01
4.669961066016782847e-01 5.896229299000750324e-01 4.213493146084518748e-01 6.378384361092447330e-01 3.253123237123521916e-01 5.417595309527317715e-01 4.363007844478206665e-01 1.649416866213106259e+05 1.117183218206655292e+05 9.611726287878985750e+04 5.864455704640285694e+04 5.049025682204769661e-01
3.399520487231440513e-01 4.227886382612354166e-01 4.053382847206366546e-01 2.574432021046672014e-01 2.234786044048819864e-01 1.971169336876597011e-01 4.869310949261700938e-01 8.291831920279265614e+04 7.241959333552655880e+04 7.516825513675961702e+04 2.802745929705213348e+04 2.689120387087622355e-01
5.133019254923890662e-01 2.873001248302340382e-01 3.062421286545725096e-01 4.651521983811398586e-01 2.915044284404104680e-01 4.153146070279317703e-01 3.595878814028282688e-01 1.050187526476620696e+05 9.146507888779704808e+04 7.499405873959427117e+04 7.057011227689855150e+04 5.019940145950791965e-01
6.380531387927780296e-01 2.673968138300649167e-01 4.147740801124703558e-01 5.047096811471536437e-01 3.277043623983757481e-01 4.196309201591621463e-01 4.189212011402303482e-01 1.627164347705206310e+05 1.359879510662742541e+05 7.851270752370625269e+04 1.144582466820029658e+05 6.224687979580018071e-01
3.359438461299352752e-01 3.916090354485971536e-01 2.606905426583240315e-01 2.249261259718258188e-01 2.231428970623199337e-01 2.187229028369432615e-01 2.125437195190996720e-01 9.520898961873796361e+04 8.311547861412254861e+04 7.506999615530065785e+04 3.504140539214132150e+04 2.354325626612074618e-01
6.863325764422836262e-01 4.036046535463306828e-01 4.213244176873976454e-01 4.652563369754676437e-01 3.129327286092594695e-01 3.661797375312710323e-01 3.885654844139651010e-01 6.459245852436444693e+04 5.434282501803556806e+04 7.803654030076213530e+04 7.606945528295701661e+04 5.365482148188761569e-01
5.373695304342495094e-01 4.397800786486580349e-01 3.649209896219612337e-01 4.358174556623976570e-01 3.054827182557336429e-01 3.366127007573043728e-01 3.278560375334996224e-01 1.190764779782506230e+05 9.646634279259103641e+04 8.093383949180324271e+04 8.083456726794970746e+04 3.341220962909849379e-01
4.928691740622507811e-01 6.115449810180604295e-01 7.178654938928208384e-01 4.564596639127945221e-01 3.075640326919919509e-01 3.981413434273721186e-01 3.502044853318011519e-01 1.945639448805298889e+05 1.517113822907763242e+05 8.406562321255874122e+04 1.211430183250663395e+05 6.131467763779836488e-01
5.557844729102593417e-01 4.455020109745798096e-01 5.174765925037126957e-01 4.936154728366043409e-01 3.608990695428049289e-01 4.199588318059580550e-01 5.922216015697633340e-01 1.345387991185000574e+05 9.849192322349992173e+04 8.948708450567942054e+04 1.440140377843849419e+05 4.121208864138017902e-01
1.624426782426859617e-01 6.021086777950946933e-01 4.411382448183703286e-01 6.121710127149293523e-01 2.051970181627866263e-01 -1.728231757067692220e-01 3.278611882827789023e-03 1.492918426168602018e+05 1.283822789808857488e+05 7.663029664623826102e+04 4.231217600241884793e+04 -1.273874549505092657e-01
6.038853281090343916e-01 4.413958388035243430e-01 4.417736215770168839e-01 4.823214339059148648e-01 3.238218086489408898e-01 3.919313834621702686e-01 3.732867722168126123e-01 1.340549697085910593e+05 9.221912913586021750e+04 9.542759383899012755e+04 1.136025133375795704e+05 5.566469674113573296e-01
3.440230951625838363e-01 5.721083993285879243e-01 4.741534692050135003e-01 3.408281875314431719e-01 2.234711245484315711e-01 1.993822260877082808e-01 2.211530998833180495e-01 1.670770562413893931e+05 1.471275905194437364e+05 7.443720551482081646e+04 3.590732193380760145e+04 2.304689031907222463e-01
4.172999940273845465e-01 5.976396928097653660e-01 6.975300680975909939e-01 2.224202973015922402e-01 2.405914717079151166e-01 3.204046081582176964e-01 2.647687201140312974e-01 9.504177905011155235e+04 7.017024726313204155e+04 8.980674759824572538e+04 6.904132718992501032e+04 4.271650784397798550e-01
5.407865947766912207e-01 3.562634590018191050e-01 4.888675406159709302e-01 4.491387470362935286e-01 2.934273790534144277e-01 3.866364468518571074e-01 3.512833146403069318e-01 1.193556464709689608e+05 9.692699115633194742e+04 8.147352273661691288e+04 7.717449854732345557e+04 6.259558571158398976e-01
2.074996771244635718e-01 1.331154478856854118e-01 1.537122108871145088e-01 2.757667794553545493e-01 1.471450413145426461e-01 2.271401199054903230e-01 2.227866167284437982e-01 1.375072600975606765e+05 6.320422713244283659e+04 1.448230315556880960e+05 1.027599712667005406e+03 1.982091810655048914e-01
5.693157315154898646e-01 4.551857615137660518e-01 5.719360078260704583e-01 5.248654288850080896e-01 4.100585486591208917e-01 6.239435814971295846e-01 5.993301042508780707e-01 1.787368329427158460e+05 1.338466575054814166e+05 8.831980291220916843e+04 1.393359382405192300e+05 4.315077917975471689e-01
4.138036632937210912e-01 6.517007398040576271e-01 6.378664237841874529e-01 5.804177171256954537e-01 3.050344896049158039e-01 3.819540134225887784e-01 3.251837417624479643e-01 2.143585873790768965e+05 1.232550604508933466e+05 1.149354161713430804e+05 1.019791998161472438e+05 5.866173954849921435e-01
5.145437588146338781e-01 4.650901559073002955e-01 4.873233859020397185e-01 3.877394590358875237e-01 3.375453502071327772e-01 3.384033832076533410e-01 5.242442482790491409e-01 1.281532611510642600e+05 1.033547134324516956e+05 8.127724354510282865e+04 9.465831207834086672e+04 3.138160338400192151e-01
1.793324610562604671e-01 1.217060718460282742e-01 1.158938366270508696e-01 1.896315174849819429e-01 1.621103290616607850e-01 2.660105853997842273e-01 1.786741080633390544e-01 5.194971463246478379e+04 4.828906232342591829e+04 7.100932452528772410e+04 9.629154590606731654e+04 2.507923779999772229e-01
3.549009208040136976e-01 6.416788249734025618e-01 7.323836725962911132e-01 4.122769505831370696e-01 2.305139446983525131e-01 3.172609886666629131e-01 2.875162425657814547e-01 1.382389598843055137e+05 1.159676245507742715e+05 7.823422370536111703e+04 6.026167489765026403e+04 3.159081456978946045e-01
5.033503686443462355e-01 2.021400796305595771e-01 3.772378228007325918e-01 5.883799150324316996e-01 3.379260744496189739e-01 3.638199523933490775e-01 3.829999606634179599e-01 5.242496611463284353e+04 4.790624626958058798e+04 7.150613646290740871e+04 9.371765472546426463e+04 4.214011441845392780e-01
4.579491749165919834e-01 6.240271626611429978e-01 7.091705185270328338e-01 4.098186689613757538e-01 2.567494397523876204e-01 3.338668282455025116e-01 2.908984857757211384e-01 1.221840315904304734e+05 9.182445430786210636e+04 8.785327825661079260e+04 6.529210344974400505e+04 3.851564169529307913e-01
4.533121926293523507e-01 5.166694625754303383e-01 5.695931847482179622e-01 3.889833029494903505e-01 2.719664918040621271e-01 3.307670015250129825e-01 3.221563852205467371e-01 1.514542212201931106e+05 1.161227549034774856e+05 8.037086009019918856e+04 6.845004953330625722e+04 4.075876705715566484e-01
9.988302443284722276e-01 1.309516873205745502e-01 5.770961937926081253e-01 8.777758862764046821e-01 1.395024017154649666e-02 2.367717919672023552e-01 5.711465997555685847e-01 1.459001795078100113e+05 1.089445878051833133e+05 8.896796316863418906e+04 1.341929513602823135e+05 5.175991672451425440e-01
3.346142658257503788e-01 6.099478064346800510e-01 4.606191998242578634e-01 5.320648189572438902e-01 2.193814735309188857e-01 2.655126010839584660e-01 1.845649940549654311e-01 1.510295075331720000e+05 1.288298285448081297e+05 7.719043333357007941e+04 4.303173413750319014e+04 2.762643344010780599e-01
3.708714744445328892e-01 5.862911029121830042e-01 5.350419879836131321e-01 4.971029634322531865e-01 2.360605132362357805e-01 4.141294614486749626e-01 2.780282041239123259e-01 1.319462532583184366e+05 1.136586317753006879e+05 7.625036554539507779e+04 2.415998940717096411e+04 1.075414498550017056e-01
9.803511654021808130e-01 -3.637171133369208054e-01 9.272029486694587375e-01 9.731836045811254055e-01 5.808144149574414605e-01 -3.622100435155845566e-01 7.287665461721889448e-01 1.906889731348465430e+05 1.376949622943093709e+05 9.000935983766896243e+04 1.303375900622855843e+05 7.430326365177483128e-01
5.706711924622549503e-01 6.217688633041985602e-01 7.142622611254171305e-01 4.907769252186484632e-01 3.346063022827246436e-01 4.467745518832310636e-01 3.920028952146404344e-01 1.791069966418876138e+05 1.041659812416358618e+05 1.123939775086530426e+05 1.220763880756070866e+05 5.545330930638850964e-01
5.528680469585869339e-01 5.157006510436364932e-01 4.961234044355236072e-01 3.632113940292855392e-01 3.719553304866266008e-01 4.002360690436072010e-01 5.368095899016326333e-01 1.322023884383566037e+05 1.013497262154578057e+05 8.636982466446609760e+04 1.151241608779483795e+05 3.744504240199721390e-01
4.479307800041920085e-01 1.787816670516032824e-01 1.654776120224391300e-01 3.923816158522551722e-01 5.097646339027960272e-01 -5.834209060990812601e-01 2.332755969694609022e-01 2.620180613491245313e+05 2.598602015450849431e+05 6.610709763272624696e+04 2.619020501501092222e+05 9.292826152845179433e-01
3.679528144155319591e-01 5.335161031482360539e-01 4.641537921224886398e-01 3.966307296716090613e-01 2.409426795597620352e-01 3.506206231926192185e-01 3.058594576896584427e-01 1.349124840847629821e+05 9.510727424184531264e+04 8.023922098670512787e+04 5.129209253561216610e+04 3.323125493443914724e-01
5.395919716965387192e-01 6.344346113313933389e-01 5.550986868861498280e-01 6.744247732485273428e-01 3.932420117452028463e-01 4.411713392124802513e-01 5.726827248131117765e-01 2.301093856045728317e+05 1.226761547290542367e+05 1.246689231843594898e+05 1.747034775179848075e+05 4.248215880495092578e-01
3.135284849360439607e-01 6.076412356190917796e-01 4.302163393102501621e-01 6.589572391169876697e-01 2.422447036964902878e-01 2.404158600892910280e-01 2.409827023932969436e-01 1.475007867546951747e+05 1.266481498000965948e+05 7.635178129337354039e+04 4.416912029081922083e+04 2.577739114474770221e-01
6.009418642878595618e-01 4.875717164901210987e-01 5.630268659969882572e-01 5.113743368009722179e-01 3.853664991707456133e-01 4.454854858190140932e-01 5.798995432889271218e-01 1.323361801808109449e+05 8.099848645859213138e+04 1.079175077335828682e+05 1.601054564212338009e+05 4.584817148192064651e-01
5.320850759312009126e-01 4.387787134922068177e-01 5.134077017378561036e-01 4.304942070413367849e-01 3.528504247800565152e-01 1.949074341016645839e-01 5.586992465775745265e-01 1.444146419258240494e+05 1.089859328624208138e+05 8.726270882644604717e+04 1.356882480283297482e+05 2.182393673583800098e-01
2.544721689839496426e-01 5.872964152263844273e-01 2.528153981720116517e-01 6.632517852665507085e-01 2.524990486627039510e-01 2.763144368492732039e-01 2.202828328573842032e-01 1.147040500224166753e+05 1.005520784513465333e+05 7.476660156453249510e+04 4.415092810166221170e+04 2.640354800381995437e-01
2.902096877725133250e-01 5.889394459114883906e-01 6.788429748138059550e-01 3.896155179313726125e-01 2.339660291465699427e-01 1.145503345643174992e-01 2.488328718974747722e-01 1.647734454823662236e+05 1.364770244658884767e+05 8.028251778433907020e+04 4.427182885072736826e+04 2.802365062469104884e-01
2.924474092332213782e-01 6.055829597691678723e-01 4.252931660740148501e-01 5.338307211854061984e-01 2.423716386690722424e-01 2.085168870032104715e-01 2.224072203517971913e-01 9.596474904587271158e+04 7.953717255068881786e+04 7.935579817462878418e+04 4.328234842154040234e+04 2.215559351093406570e-01
3.820823797305014091e-01 6.587776754031950954e-01 7.210183036216757380e-01 5.201672436473580019e-01 2.903719191474395389e-01 3.430193055665599067e-01 3.206369474795121577e-01 2.372874752638676437e+05 1.753398072575261758e+05 8.900979854593652999e+04 8.560877615702383628e+04 3.889445923675845518e-01
3.040471306577249844e-01 5.609734154413597018e-01 5.194093742109864298e-01 3.009081390146781665e-01 2.241666118777340122e-01 2.856984181783961407e-01 2.572516476704138633e-01 1.499985958216683648e+05 1.335607261179339257e+05 7.394253215341361647e+04 7.591084123235165316e+04 5.469215842055574761e-01
2.973460466848408812e-01 5.638012043024333009e-01 3.926012152563669311e-01 5.286253090964053714e-01 2.145712229721476183e-01 2.674173727202063811e-01 2.324416399742824657e-01 1.321536495506610954e+05 1.176554403822281747e+05 7.391586669603895280e+04 4.813991431221776293e+04 5.716532245500531850e-01
5.343333388955984198e-01 4.427440244067678554e-01 5.288045014725486492e-01 4.861951364542306808e-01 3.558237748000476763e-01 4.040640316616989636e-01 5.773740934896679500e-01 1.690043464646443608e+05 1.308282912218201091e+05 8.465074740230066527e+04 1.311011273336605518e+05 4.023380654932405820e-01
5.692004849506732134e-01 5.980954531206276181e-01 6.528346491010789121e-01 5.178119090421477999e-01 4.054145186735829687e-01 4.584816300184229587e-01 5.768943730404140213e-01 2.331094322991362715e+05 1.142410872698462626e+05 1.351188985953560041e+05 1.943467601819402771e+05 4.377538798220223515e-01
3.272361168199078851e-01 5.623956909854598285e-01 6.844914237881678520e-01 3.595615335277906888e-01 2.166152956571577859e-01 3.051279769116027052e-01 2.451583683898465871e-01 9.301035512230478344e+04 8.039635403551784111e+04 7.579803118045951123e+04 6.257465092708861630e+04 5.773423939911794811e-01
3.552289349227935045e-01 3.863815304857227684e-01 3.119938188364277942e-01 6.088408007651262277e-02 2.637535592110470395e-01 -1.658058720990796819e-01 2.380561932980564399e-01 1.295064930993323360e+05 1.074584831520548905e+05 7.925407823963012197e+04 7.089029594488545263e+04 -1.389672437442809605e-01
2.729698332618982759e-01 6.085958736471083208e-01 6.980230728372183169e-01 3.729278808274809620e-01 2.229715331002088408e-01 2.399104110513841370e-01 2.483163631992446330e-01 1.563312068236738269e+05 1.395601287108205433e+05 7.481515958302898798e+04 5.772372045119239192e+04 2.978328928937097886e-01
2.469064773626442333e-01 5.584000393840662380e-01 6.132464309541814096e-01 3.231226859908607474e-01 1.973026327898453891e-01 4.361108633812611490e-01 2.574220865110565803e-01 1.058377678011126263e+05 9.512029836476060154e+04 7.256807673243997851e+04 3.341647042792630964e+04 -2.380172866425332434e-01
6.450417947930034979e-01 2.758675511115092349e-01 4.244192485899699885e-01 4.752408672985595772e-01 2.975607290829888063e-01 3.913019499615157382e-01 3.845647348247205333e-01 9.764394100504880771e+04 8.084672488503878412e+04 7.920205762476340169e+04 1.008382064053948561e+05 5.886624897298320391e-01
6.496031026116091400e-01 2.890702713463099149e-01 4.337673231670495233e-01 5.048332031285578392e-01 3.335502445952159278e-01 2.510129344168935961e-01 4.103788888008065849e-01 1.315695372879410279e+05 1.107902107049942570e+05 7.830049395718827145e+04 1.038060468581064779e+05 6.029757392457648635e-01
3.177788641487062082e-01 6.160278462805832689e-01 4.328040879756309134e-01 6.700152909417882441e-01 2.515088593158653629e-01 2.861067087491050431e-01 2.461153199912241574e-01 1.073981005154890445e+05 8.972270564684692363e+04 7.850652130310492066e+04 4.958270868953867466e+04 2.687829333385355346e-01
6.132630125213194283e-01 5.320912411288464261e-01 5.113453854982367153e-01 4.610940797378731415e-01 3.728504759928613077e-01 3.852166781029615072e-01 5.011683935057801298e-01 1.753799460731948202e+05 1.441140039943664451e+05 7.980109792508670944e+04 9.146259300084493589e+04 3.564551925553678946e-01
2.975780768085828365e-01 5.749411742446267626e-01 3.080608327667831992e-01 6.741798516253735274e-01 2.641195965717222927e-01 2.793577322819871811e-01 2.478905448642608200e-01 1.378253739003030350e+05 1.168659357272935595e+05 7.751116130083588359e+04 4.488503079619697382e+04 2.703288286837137178e-01
8.220934350987167683e-02 7.549405123919992189e-01 7.968725033111314637e-01 8.100171956849210320e-01 6.801891691170619536e-01 6.691163470282199821e-01 5.027669335929177974e-01 2.088159021848556877e+05 1.633308537962593255e+05 8.721709243391512427e+04 1.234817374597948219e+05 4.629663982652737486e-01
5.227363253233168194e-01 6.329641506153755870e-01 5.181502826920987292e-01 6.799327584942819191e-01 3.364101151313185767e-01 3.840409663571293097e-01 3.987047735209389154e-01 1.871869525681546365e+05 1.420809177692439698e+05 8.681879816044679319e+04 1.069501178543308051e+05 4.563877265001299310e-01
2.740537618217157023e-01 1.741020299060821175e-01 1.951031453244460034e-01 4.214638323343969373e-02 2.548728816994239033e-01 4.097493337213510556e-02 2.420198640404367940e-01 7.645284428790525999e+04 5.105521346580456884e+04 1.015484813478810393e+05 7.117641663939980208e+04 4.289104366814724956e-01
3.687868411252614997e-01 4.387380382298358694e-01 5.216340362386447937e-01 3.113885841224418582e-01 2.460905715971206109e-01 3.749948829271748663e-01 4.339013376744509931e-01 1.253462558680124057e+05 1.101986631123335537e+05 8.154788305856006627e+04 7.264025481845569448e+04 3.903708230323959527e-01
1.179314034935102368e-01 6.469446268382368359e-01 4.865504859263946047e-01 7.832331540150243299e-02 1.671697380644086572e-01 -1.556537295113530894e-01 3.404577326147083943e-02 1.475771157627762877e+05 1.258976172152048675e+05 7.747757772845918953e+04 4.740788471901791490e+04 -9.943162825713124098e-02
4.370181391219170042e-01 3.190312354035193532e-01 1.971031797338000380e-01 3.636617924962938231e-01 2.348767836573487922e-01 2.204351186888686698e-01 2.382682869210706877e-01 1.353460945089057786e+05 1.164587755901415221e+05 7.629267342655957327e+04 4.368874294594052481e+04 2.480551306371477915e-01
5.646680368674487083e-01 4.156602879917881688e-01 5.056459621242095359e-01 5.231538883524295969e-01 3.652649022678316482e-01 5.359644967321822717e-01 5.329744969179092129e-01 1.471368904984976980e+05 1.091660617158452660e+05 8.879060663617713726e+04 2.506142070116254399e+04 4.788339451618310316e-01
3.827133025987292658e-01 5.022051585220803638e-01 2.258393634089014279e-01 5.407281496471697535e-01 3.471611552225010167e-01 3.939424302436909109e-01 3.115796928685068412e-01 2.252867598567991809e+05 1.134302182642582193e+05 1.314199783160708903e+05 1.132186228390237811e+05 3.834498924198277980e-01
3.127795826967880721e-01 6.232749386675516812e-01 7.110593897588605161e-01 3.802562722957659180e-01 2.316025091825342497e-01 3.123749815927310824e-01 2.618734264914067134e-01 8.762824104056319629e+04 6.951441296043733018e+04 8.255881636114390858e+04 5.370890594514296390e+04 2.838075365517584436e-01
3.818171022529505132e-01 3.943213333774137075e-01 2.846575697529681315e-01 4.290642067856447750e-01 2.771352434826284128e-01 2.878226935690623156e-01 3.133138274483131536e-01 1.934839739718809433e+05 1.571456359481288237e+05 8.103198871636089461e+04 6.787084811538172653e+04 3.283768344430735286e-01
3.801837778428173720e-01 5.221252196766988929e-01 4.253103005847399531e-01 4.808742954403196768e-01 2.889477642045996109e-01 2.997142876048182747e-01 3.076791357176826835e-01 1.202255526255836012e+05 1.072650698322333919e+05 8.295299261388287414e+04 5.692710464341781335e+04 3.556287695267814075e-01
5.164644310406129035e-01 6.357202353900028857e-01 5.664789805081041907e-01 5.809448130525677323e-01 3.254869249602764802e-01 3.792622206345256930e-01 3.399530521581967668e-01 1.666660193772457424e+05 8.846069174592025229e+04 1.230599231482870528e+05 1.008243332361230860e+05 4.684734491040085658e-01
5.415515357650445560e-01 2.510914057994034221e-01 2.359279087916672790e-01 4.871024634670227949e-01 2.694660374618360610e-01 4.896758433729688220e-01 3.914309411843250319e-01 5.447935893932120234e+04 4.855834176144356024e+04 7.298810836885444587e+04 3.783817248710973945e+04 5.045288598061913321e-01
3.534205150538162754e-01 5.348562040503694881e-01 3.708135417320223559e-01 4.686807489118027803e-01 2.485935954035680129e-01 2.631397708312707695e-01 3.560590132040251654e-01 1.242916977618593519e+05 1.126683101721919520e+05 7.860771502874064026e+04 7.222269261234875012e+04 3.674939336874820661e-01
3.564188982917766424e-01 5.968811496384927029e-01 4.887776768542411165e-01 5.379810579208160748e-01 2.378964600356568704e-01 3.417116933097778531e-01 2.344376046036332484e-01 6.873430434905696893e+04 5.848438592935773340e+04 8.195984081972706190e+04 5.214512213535230694e+04 5.094922901038974050e-01
2.875841493641270730e-01 6.284592932106438656e-01 4.589863112764507314e-01 3.210758775538405940e-01 2.240238036309134539e-01 3.284577737293722932e-01 2.254439085495996142e-01 7.341733564539132931e+04 6.308894351766258478e+04 7.655324208898756478e+04 3.435441331384074147e+04 5.246085161000292318e-01
6.004029576515643729e-01 5.297935789351532199e-01 5.645160851217562170e-01 5.496397132657934170e-01 3.987777321650284312e-01 4.565825712764204347e-01 5.711949462952961021e-01 2.620735993121713400e+05 2.425121731869301584e+05 7.126411597085288668e+04 1.790831386530614400e+05 4.859317913485462492e-01
5.149736561859359352e-01 5.489193147331741240e-01 5.455606997791718760e-01 4.598061251710162112e-01 2.632053956469183054e-01 2.823599758853085340e-01 3.050256485191247258e-01 1.364303101081778586e+05 1.122197819144412351e+05 8.036155582283613330e+04 6.798669782173419662e+04 3.253348692164146350e-01
-1.356443167332935934e-02 5.956744247208148879e-01 4.617977242815224925e-01 3.872881821586732221e-01 2.261792390999125824e-01 3.310524452933166217e-01 -5.589098097167746748e-02 1.120799693245590461e+05 1.064031282295644487e+05 6.846444656347612909e+04 4.525543022676713008e+04 2.790651614794899538e-01
5.166945414285459837e-01 3.832603029301949737e-01 3.275021336950332262e-01 4.794113008701428869e-01 3.538717979529421576e-01 4.632257805462484113e-01 5.622641022603509509e-01 1.230195958240007603e+05 1.009086630651057349e+05 7.979776613007378182e+04 1.186401761021374114e+05 4.230588179464206955e-01
3.516269954298602562e-01 5.237310740731923042e-01 5.483645897521227663e-01 4.947848086228191500e-01 2.597169247986850227e-01 3.026908078773522526e-01 3.006087888813174791e-01 1.136522886479629524e+05 8.818787942552397726e+04 7.918094023125336389e+04 7.402524369646162086e+04 3.476471233550038620e-01
3.775222845787160053e-01 3.724507687160659719e-01 6.258390174007515405e-01 4.438412944985670183e-01 3.162478472793768258e-01 3.461022176268149786e-01 3.452342646202341547e-01 1.432508647221825377e+05 1.135294737561730872e+05 8.309473284923723259e+04 9.515793050455368939e+04 3.507198772436019296e-01
3.855302051231223048e-01 6.084008688193105474e-01 5.584184509624072756e-01 5.172486827811582089e-01 2.707581221316774922e-01 2.388520931777115552e-01 2.134387592195419736e-01 6.937225089995890448e+04 1.236748839694856288e+05 8.172620938272467174e+04 6.350042719011561712e+04 3.191199486883479763e-01
4.798005291194155641e-01 6.284977900164177012e-01 7.062808224149066394e-01 3.910045356820133766e-01 2.537444307109155694e-01 3.427106392625245412e-01 5.120335053946116766e-01 1.338838261553916382e+05 1.069895622201374790e+05 8.241194094118024805e+04 6.912396154462813865e+04 3.612275844787277701e-01
2.093610946806975237e-01 5.057998260798796109e-01 3.633477927210908565e-01 3.572060739365045534e-01 2.889343103499325549e-01 1.762270177604034482e-01 2.352972520662701961e-01 1.109979802113496844e+05 7.559236204869113863e+04 8.101443151621180004e+04 4.202880078712222894e+04 2.310257069068837321e-01
3.756166572178745167e-01 5.243414616498448533e-01 5.529276214603947581e-01 4.269495081408696269e-01 1.981028214037087731e-01 2.774207121114520280e-01 2.640914186612440262e-01 1.455859093604548834e+05 9.077585156879838905e+04 7.883913365406190860e+04 8.418695642441525706e+04 3.120654504655127059e-01
3.721332500682582034e-01 5.633013521473695384e-01 5.403850213352542342e-01 5.001196059572745600e-01 2.311114980148097076e-01 2.578282014064300354e-01 3.795745826288428049e-01 1.540182318801170040e+05 1.190280868570979655e+05 7.989267948306193284e+04 6.937633014156295394e+04 3.625052450356573419e-01
5.422892339622864544e-01 4.347342865606303453e-01 5.334322433486832216e-01 4.925826704198311701e-01 3.552849545514241147e-01 4.010606810411283529e-01 5.875326097423415606e-01 2.209480101773022907e+05 1.732017808613292000e+05 8.368919085525060655e+04 1.325003186067979841e+05 4.100314430299353274e-01
3.915909560604724504e-01 5.920932112298068484e-01 4.402088570603677753e-01 4.280568764097376633e-01 2.802999327294365406e-01 3.027406519131183860e-01 3.068499800600479888e-01 1.100322614933559671e+05 9.624946508057767642e+04 7.730218298929177399e+04 6.135345747085090989e+04 3.491544493942522198e-01
3.374271278156463216e-01 3.428820824389521293e-01 2.092508112846956092e-01 4.040101458157328573e-01 2.642266137943385385e-01 2.838554832546607565e-01 2.659502728403205785e-01 9.999275289533956675e+04 7.927036138489561563e+04 8.275067274101724615e+04 5.269759299784587347e+04 2.890165171841728720e-01
4.854914449243756813e-01 6.680348886647220485e-01 3.386372360270745729e-01 4.791504642961763039e-01 2.330641287185453714e-01 2.813046552596563110e-01 3.492689111788078726e-01 1.102536801308088034e+05 9.669276260682454449e+04 7.936848660065293370e+04 6.978911593323702982e+04 1.774456421691322783e-01
2.848496630965369203e-01 6.337800726157355458e-01 4.817078474495357643e-01 5.294838020355044916e-01 3.242209355160763362e-01 3.424122628563061599e-01 2.849086676292365006e-01 1.292936264753204159e+05 1.108786059152546950e+05 7.659971028854293399e+04 3.339018025272863451e+04 3.003678716953306904e-01
9.970722943665935034e-01 3.985702603201536909e-01 -1.510600956252668992e-01 7.612946373381945797e-01 3.157790121785586934e-01 3.807751423951834524e-01 6.729005010848879698e-01 1.599915905314699630e+05 1.324279786525232194e+05 8.089115403545643494e+04 1.019041486538534373e+05 3.947079738932351978e-01
5.187523383767466134e-01 3.981709980778107005e-01 5.725367942161908585e-01 2.125428187606701047e-02 3.154165470349304945e-01 1.736356802735416482e-01 4.820282310473241738e-01 1.610603910888409009e+05 1.209859544320663554e+05 9.298231506658442959e+04 1.494563432200729403e+04 3.179872862246236331e-01
4.615682382894377711e-01 6.237012455335863015e-01 4.600629665686353231e-01 5.212044908387715170e-01 2.642952185365394779e-01 3.193878715031696069e-01 2.842378386044118188e-01 1.218509056909919746e+05 8.954172225370508386e+04 8.967674111258488847e+04 6.270368060587882064e+04 3.742394495342415417e-01
4.030762883317698386e-01 3.158115470266382174e-01 1.872164544744471804e-01 3.059377077080152607e-01 2.375760942505941997e-01 2.462405331509176787e-01 2.537633866600202959e-01 1.191851560876356089e+05 9.967910987666965229e+04 7.947788111050725274e+04 4.341885140458847309e+04 2.749118174758254374e-01
6.166226817126676529e-01 6.079340730318290031e-01 5.505108949568792154e-01 4.855648287331847945e-01 7.847867343193927203e-01 3.869016904449090188e-01 5.817126606002549494e-01 1.289257180222622992e+05 1.090400346314306516e+05 7.775681760593559011e+04 4.710219516341717099e+04 2.562414886882961040e-01
2.930236125168110828e-01 5.989129934958532520e-01 6.847729769811317091e-01 3.689426661044065137e-01 2.167279418972914706e-01 2.472790586564217186e-01 2.494520480791778683e-01 1.672932173741575098e+05 1.437931230606995814e+05 7.623831137772106740e+04 4.110050467119292443e+04 2.648239800111066300e-01
1.421950393050769590e-01 6.989877658392633641e-01 5.951104541265279657e-01 3.365033989293447769e-01 3.978112983842922445e-01 4.743458526277938847e-01 3.484418552886002218e-01 1.596207445437263523e+05 1.270753345839915273e+05 9.640631281216356729e+04 1.468526125605894777e+05 4.468446789947113085e-01
5.540500537306768392e-01 4.797736677851339726e-01 5.800172097734223042e-01 1.633753505959017749e-01 3.131345501610520166e-01 4.054537570655011303e-01 3.421912054237246648e-01 1.542138693371244008e+05 1.209745746227815689e+05 8.297909148087969515e+04 1.695436087384093844e+04 3.580656059634621524e-01
5.743148467519112454e-01 5.422262097189610719e-01 5.757917164448319580e-01 5.319954957102548398e-01 4.942314180047505112e-01 4.397126992562535031e-01 5.824616409606935274e-01 1.496643147499212937e+05 1.113347041982145747e+05 8.835414784542239795e+04 1.405138928192399035e+05 4.186575972436593074e-01
2.860040914035064108e-01 4.781096386874188475e-01 4.649766519077915272e-01 4.764259214823373112e-01 2.402184304913703994e-01 3.041577933203263306e-01 3.046322090454736120e-01 1.545241966579341097e+05 1.028783924105638143e+05 7.934928340059230686e+04 5.793041321781604347e+04 3.380752883046055368e-01
5.588872062476866187e-01 4.378043132794043890e-01 5.468229219336804281e-01 4.678137962013602102e-01 3.845902814591296570e-01 4.419093361365204475e-01 4.871557427928963069e-01 1.364550774622206809e+05 1.033956099180524470e+05 8.652761543236224679e+04 1.291630590238596196e+05 3.887847119407465413e-01
2.288487249195454154e-01 5.695406113533565406e-01 7.351427034535821248e-01 3.824757855892862435e-01 2.018519861125600556e-01 2.676430972001307973e-01 2.666050185041829446e-01 2.511013804426992428e+05 2.434124947485576267e+05 6.776966548418597085e+04 7.860104822081525344e+04 5.584407236483580617e-01
5.395380474361531897e-01 4.767101389069378081e-01 5.311126905454119917e-01 4.775015269469925494e-01 3.637081372870245577e-01 4.241457136415339724e-01 5.680562493624676801e-01 9.078058120334561681e+04 6.378725945460182265e+04 9.321103867376531707e+04 1.396433108349914546e+05 3.996550368352185245e-01
5.477384412761637789e-01 5.033049354402699960e-01 4.627293212957833135e-01 -2.042752377104879377e-02 3.144703485808935106e-01 -1.554286619406633485e-01 4.844282903129548123e-01 1.105086699272487313e+05 6.287421213025642646e+04 1.171281318255348015e+05 1.365501586239087337e+05 1.611993066675067310e-01
4.051079198217872324e-01 6.477763516939007982e-01 4.760218304529298949e-01 6.789530810946519113e-01 3.150363223264665558e-01 3.407098381730868097e-01 3.201624626504999127e-01 2.473078701655628101e+05 1.865122490539331629e+05 8.735546749050123617e+04 8.688935544982139254e+04 4.209234331378010063e-01
5.042330304460864721e-01 4.791103771784883669e-01 5.123074585456682817e-01 4.637101121705715090e-01 3.598818566506545302e-01 4.145774332562994768e-01 5.528381811994400596e-01 1.175906446044181357e+05 9.178793784837645944e+04 8.401989813623945520e+04 1.294885635833172855e+05 3.833290452090770128e-01
6.491908591193858991e-01 5.369290730207478823e-01 5.651493205728245206e-01 5.352438105415512348e-01 3.929891727885258534e-01 4.705065866451381140e-01 5.374521551977623490e-01 1.691819498978714400e+05 8.564282714894881065e+04 1.296356339322707208e+05 1.707283950148740551e+05 5.781898649925596434e-01
4.178940863247082582e-01 5.051031060009282259e-01 4.260886147360183340e-01 4.271227040079995652e-01 2.973416059041881221e-01 4.018679978736784397e-01 3.475424580300952027e-01 1.434640005882699043e+05 1.014110757852251263e+05 8.383388207259023329e+04 8.740919422670986387e+04 4.958631077213220828e-01
3.383750771476406460e-01 5.799581421048531915e-01 5.263328000191497269e-01 4.045458492983656229e-01 2.705207449668214359e-01 2.602984676266977271e-01 3.518813864545570769e-01 1.159043991508529580e+05 9.955582834949379321e+04 8.077611675352278689e+04 5.369695299821979279e+04 3.356958940065030150e-01
4.374607529818676510e-01 5.740773971252547403e-01 4.410664797346946497e-01 3.454095439143601842e-01 4.243723243888852248e-01 3.224173948517083943e-01 3.462667042051573163e-01 1.928297019543055794e+05 1.128407523163851874e+05 9.209940012941145687e+04 4.980779223207892210e+04 4.732016850253668583e-01
3.779659891981260178e-01 5.127750554045394926e-01 5.390916747337063386e-01 4.166680686853208582e-01 2.918712015577973884e-01 3.542161573945257214e-01 3.041424030636059594e-01 1.172898502369261405e+05 9.837630795040189696e+04 8.136585478277919174e+04 6.598190542275400367e+04 3.800005102062480322e-01
4.053412416267095364e-01 6.632577618377111239e-01 4.893190005650680519e-01 7.086196693061252994e-01 3.235738225115704081e-01 3.490709069104171447e-01 3.218079234925902421e-01 2.388194318044121901e+05 1.322440344766113558e+05 1.206101650630625954e+05 9.450581423579866532e+04 3.508831801129760342e-01
3.948750717632464879e-01 4.796124967253132532e-01 4.996180856139711968e-01 5.237065637480612379e-01 2.607571409478470770e-01 3.244594290066238340e-01 3.464679064198654679e-01 1.033326726983399858e+05 1.029180214540487505e+05 8.622979406189978181e+04 7.222361486440378940e+04 3.793712184306671231e-01
4.586100769221826412e-01 5.746289862518686453e-01 5.642185746283963077e-01 4.451241184936787776e-01 2.970352156610547301e-01 2.913418375832158014e-01 4.292769950939241963e-01 1.618898444921505870e+05 1.110137991040299239e+05 7.370876558556071541e+04 7.702760235338781786e+04 2.719068418001762688e-01
4.655126212557449406e-01 5.260412499936552022e-01 4.707253801864203502e-01 4.430741537162263266e-01 3.836838377121056798e-01 4.349574256966995955e-01 4.101680999994679611e-01 1.204145195408277650e+05 9.601626618438439618e+04 8.207174741772677226e+04 6.787269421546261583e+04 4.179796436572733032e-01
2.811621474256462694e-01 6.197160452455842128e-01 6.907655223068012162e-01 2.298744674069048421e-01 2.190643436403576505e-01 2.046746878277460324e-01 2.230171382244612588e-01 1.120636655959120253e+05 9.471298796429617505e+04 7.773115787335515779e+04 4.250618473013484618e+04 2.083452812416652922e-01
3.554466972131652969e-01 1.027852315422659868e-01 6.835329619056232375e-02 5.280514829854111580e-01 3.304196301402179126e-01 -6.134792048817658827e-01 1.140550649164735232e-02 2.385721378549625224e+05 8.555679622794302122e+04 1.952528732181938831e+05 2.506224865353135683e+05 9.593927210401167471e-01
3.442654915818212924e-01 5.268431375276209083e-01 4.125189742397694648e-01 5.111213118993442883e-01 2.722283993890508569e-01 2.871639888910972882e-01 2.464422120570705921e-01 1.340148555966561544e+05 1.054419201701015845e+05 7.804914116115780780e+04 7.320887094330214313e+04 2.726546525371194019e-01
3.333322801796398949e-01 3.406895918070067530e-01 2.105335608295084981e-01 4.074891053447680100e-01 2.646124027783162691e-01 2.858850874859651947e-01 2.681770136799961346e-01 1.436779253249818867e+05 1.226762837910138041e+05 7.687057911670845351e+04 5.178722784528466582e+04 2.938988055859126369e-01
3.201955257593371851e-01 5.724955740003546678e-01 5.262216892006507107e-01 4.065248020821455310e-01 2.530334712337763969e-01 3.083786455955284667e-01 3.056085851021945188e-01 1.027120615309184650e+05 1.131816487578255474e+05 8.222497721846115019e+04 9.631506979211047292e+04 3.906100420593359712e-01
3.688027763450892893e-01 5.501078245629651420e-01 3.785805634563526034e-01 5.144696070536026733e-01 2.161969696606747537e-01 2.645772064875406282e-01 2.209198661437840328e-01 6.078952017451993015e+04 5.205002536108646746e+04 7.654244063633136102e+04 4.010500401211412827e+04 5.408853112670931607e-01
3.313413540006195923e-01 3.949391584308656333e-01 3.740539962451365774e-01 4.253180022432692664e-01 2.432270033876014204e-01 -3.636151310521437696e-01 2.827337243383953869e-01 1.142224503423307906e+05 9.788190189269998518e+04 7.519079626823746366e+04 4.329047928549486824e+04 7.235763996591455527e-01
3.551470686609388139e-01 5.524885254127190892e-01 4.358817846332300183e-01 4.906991966554186679e-01 2.727719945679474844e-01 2.510334682293622333e-01 2.243153983985457234e-01 1.563409940519270604e+05 1.216601157098002295e+05 8.228955108808170189e+04 9.863417597124427266e+04 3.078607885567281599e-01
3.898902946557596949e-01 6.428806868745253755e-01 6.295235906182399255e-01 4.246346535256687593e-01 2.767486497983120408e-01 2.258026658569842471e-01 2.048557384215990984e-01 1.089790240911512810e+05 9.750650294247367128e+04 7.350990496682832600e+04 4.311331381452504866e+04 3.644771313849585193e-01
3.664813661463668382e-01 5.332399551363505852e-01 5.343457643627714804e-01 4.355183952482322707e-01 3.331335640351069660e-01 2.804208533995691255e-01 3.277749016217383349e-01 1.188846498515456333e+05 1.034916941525154689e+05 7.375905235943071602e+04 8.691405646090921073e+04 3.320455865774031290e-01
2.806987752861688779e-01 5.717801454706734621e-01 6.457987952565659162e-01 2.617762238249479179e-01 2.256520032028111189e-01 2.859091955959477960e-01 2.215453811733529843e-01 6.556059244479138579e+04 5.620518740804715344e+04 7.683161511852264812e+04 3.431315702354630048e+04 2.721646814106829515e-01
7.489922154247440345e-01 4.663448935310956500e-01 5.014826182841827240e-01 -1.378009057128427306e-01 3.481145434836314667e-01 3.940702189447057302e-01 4.717713140711709552e-01 1.154285417813935928e+05 8.580653336402621062e+04 8.878728608792480372e+04 1.083772066315306292e+05 4.518975685911841844e-01
3.825765089448469047e-01 5.535319196066217362e-01 3.884507653591633414e-01 4.515032303722087414e-01 2.192255135332232263e-01 2.972019316441922299e-01 2.437396051918324924e-01 9.760883208894783456e+04 8.407317496668545937e+04 7.621159084686097049e+04 5.936786291355835419e+04 5.774109532001072687e-01
3.662532591578549490e-01 5.107588120952570865e-01 4.881082113575223036e-01 3.776610311056765590e-01 3.097553969450632660e-01 2.631302775747476619e-01 3.152539830294101564e-01 9.470014039158541709e+04 9.107973708869575057e+04 8.077600342501592240e+04 4.602828767107571184e+04 3.165107752681398656e-01
3.578726926577946998e-01 5.020723491842281616e-01 5.837870535491479496e-01 5.381065362189065837e-01 2.555460363069390062e-01 3.300206465056169103e-01 3.729213278799563547e-01 1.466935673320952919e+05 9.399150088248978136e+04 7.443584634511843615e+04 8.862682163535349537e+04 2.711838080450685862e-01
4.011793359027869821e-01 5.920527268482156380e-01 3.884055747140571224e-01 4.385783309399163832e-01 2.692770158184036311e-01 3.387536484024680772e-01 4.362905194058406266e-01 1.266254506726747495e+05 8.309637814830690331e+04 7.667233869861767744e+04 6.694164510504630744e+04 3.297385829451177086e-01
3.006696991123143925e-01 5.501857518301069838e-01 3.372907648567086136e-01 4.291630184107008139e-01 2.597313795404728731e-01 3.158076229911853106e-01 3.550934794472312417e-01 1.438132454543687345e+05 9.614627651106337726e+04 8.286697297592625546e+04 7.023144822305529669e+04 3.113830986649252508e-01
4.022645232768774504e-01 5.470487033758090201e-01 4.684886091239178763e-01 4.508880132612975711e-01 2.453677185376922365e-01 3.358972936252459518e-01 2.938491058879859619e-01 9.641596177596098278e+04 1.197782146637422411e+05 7.983928261887213739e+04 8.026280446595969261e+04 4.322706718746022747e-01
1.223845736404936685e-01 5.530068615943362076e-02 1.739515467568104046e-01 1.080096072588141165e-01 1.663761547221537240e-01 -2.797078154599559330e-01 1.013199614815372684e-01 2.617908509887971741e+05 2.594483285294016823e+05 6.613636717714760744e+04 2.612477413897281222e+05 5.883344703622754857e-01
3.291749861130665034e-01 4.948657893601129953e-01 6.293160124018376544e-01 5.280828880589591989e-01 2.639718673275655014e-01 3.989416503226957400e-01 3.388894922145954669e-01 1.110966791088594473e+05 1.216258688747159176e+05 7.862918248587079870e+04 7.195505661874539510e+04 2.900207987048788461e-01
4.793777616942431208e-01 4.574915770428721884e-01 5.009490304346576606e-01 5.352471259005632254e-01 3.053763363442322798e-01 5.590126217855200252e-01 4.450478530966365809e-01 1.299760532095443632e+05 1.112850144375690143e+05 7.655996753945488308e+04 3.606239614769876061e+04 5.344766696173595122e-01
4.984956504837363411e-01 6.043713136731855284e-01 4.393119224150061064e-01 6.555339390101169172e-01 2.615703811457410488e-01 2.842430081018246235e-01 2.661159767979416335e-01 1.513522084138614882e+05 1.257138662607996666e+05 7.888279295868192276e+04 4.603111845813962282e+04 3.112523709633915892e-01
3.699390814858964927e-01 5.310101997815451780e-01 4.910279455193989895e-01 4.849729949183735900e-01 2.735181647903046631e-01 3.176938472778152445e-01 3.213957970986801582e-01 1.409495074141673686e+05 1.338759327262062579e+05 7.774294708538110717e+04 6.537750169611400634e+04 2.786044037729370482e-01
4.173427193299504567e-02 6.153441477543776239e-01 6.682665463445340848e-01 5.184381661588455259e-02 2.888333244619456508e-01 2.988193213378760316e-01 3.164431376520337458e-01 1.490805188522011449e+05 8.345571058043623634e+04 1.124347301664776314e+05 7.850028111050387088e+04 4.817425201422388392e-01
3.631998071867860167e-01 1.526228357589797524e-01 1.813975316235680868e-01 3.462949926189579641e-01 2.600891368945748572e-01 2.823190573582220475e-01 2.842774131022680062e-01 6.480477377507466008e+04 5.731042978382843285e+04 7.122543991156152333e+04 2.562814127812632651e+05 4.731614025121235190e-01
4.187298454282953331e-01 4.582406228720045660e-01 3.891876497627456688e-01 4.736290440774543198e-01 2.448492293848331391e-01 2.158574506056005760e-01 3.265410877413624791e-01 1.223159890497324959e+05 1.069486687682153279e+05 8.084795708734935033e+04 7.618740835302286723e+04 3.437427790927758964e-01
3.802964198839713927e-01 5.782453182006560555e-01 6.141839344798817324e-01 3.615024834497713169e-01 2.779118249934496854e-01 2.957472711702491264e-01 3.230016685852577507e-01 1.410237585948593041e+05 1.141933434724317049e+05 7.937336658495961456e+04 6.074070823712163838e+04 2.698747919296332065e-01
6.106716969788015259e-01 5.498817670797209178e-01 5.849587407959997432e-01 5.245023401846088396e-01 4.018540780209614582e-01 4.592498333453259862e-01 5.797221590529636481e-01 2.045636812570696347e+05 1.450960430084891559e+05 9.260033100992182153e+04 1.606328004088048474e+05 4.879098885100205396e-01
4.156298622874339266e-01 5.042675125017168636e-01 5.384873744318030564e-01 4.401087936357999664e-01 1.899158270633858059e-01 3.079651481273912306e-01 3.724406475378085335e-01 1.746660816055744071e+05 1.052461950148510223e+05 8.078611010921874549e+04 4.934422398915021040e+04 4.006222139175901198e-01
5.162616274990383669e-01 6.355485785448998781e-01 5.477993364975556334e-01 5.181265353732772416e-01 3.238623774353435181e-01 2.158489498249436256e-01 2.710487025929105842e-01 1.729800761536117352e+05 1.365176211767469358e+05 8.041832688163832063e+04 8.128124670464839437e+04 2.784284242642580121e-01
4.144193782096390888e-01 4.572345731018595538e-01 5.794829853290432986e-01 4.676853482160899245e-01 2.843606753383569608e-01 2.252273183526736777e-01 2.768945232576583981e-01 1.384232430071739072e+05 1.048104091718649724e+05 8.029461800001739175e+04 5.674859127648497815e+04 3.691893101076678119e-01
5.722012262499430735e-01 -2.106235144472108078e-01 -3.961560560784198048e-01 9.301059340001728293e-01 6.158926874728549716e-01 7.279120909939719164e-01 7.556921783019145966e-01 1.198488441258788225e+05 9.366671090489644848e+04 8.789789848783641355e+04 2.414801619172674546e+05 7.187624940884037583e-01
3.587920771462609348e-01 3.149226351658297451e-01 2.610842024494776648e-01 3.309839682215262036e-01 2.455563218236776757e-01 2.993485014982199544e-01 2.768863484745924253e-01 1.612003649204459798e+05 1.417192600768476259e+05 7.476384068349181325e+04 8.199357372041778581e+04 5.826343338257017335e-01
-7.661417400785391907e-02 -3.506319654766471006e-02 4.781038325476157369e-01 3.245184186145367855e-01 2.808551736998449733e-01 -6.655154898598579505e-02 2.762871829138895396e-01 6.949694718104257481e+04 5.811156439635273273e+04 7.508901786687277490e+04 7.639041276216148981e+04 1.916440643909134434e-01
4.018708232582467454e-01 4.064371853141884317e-01 3.052211006398206639e-01 4.833820871608636160e-01 2.054412311287371895e-01 2.707044333678177428e-01 4.364148492351461739e-01 1.353922441157144494e+05 8.835139697644967237e+04 8.115537533113305108e+04 2.231447206515666403e+04 1.089978197017560241e-01
4.334757865169137636e-01 6.256458263893101002e-01 6.751595029107917423e-01 4.117409519503697490e-01 2.164210912925906283e-01 2.890136735951165381e-01 3.002993640710889256e-01 9.883637116663542110e+04 8.769415871889964910e+04 7.324319842884423269e+04 4.744582630127391894e+04 3.721037339163680846e-01
3.031344109436705514e-01 5.644556491054991687e-01 5.492036112534715020e-01 4.404549668293205600e-01 2.688191463927961378e-01 3.379700517200581178e-01 3.057627853139929797e-01 1.132489371438506932e+05 1.061827884191255434e+05 8.780039974891189195e+04 7.236376673493679846e+04 3.092752289450445002e-01
5.682741175165509917e-01 2.678538011912140471e-01 3.227776444229912278e-01 5.653186785100111633e-01 3.849367261796061701e-01 5.101985992570111650e-01 4.517429161610180266e-01 1.167477407362940576e+05 8.701720711825929175e+04 8.521564903866317763e+04 1.529030498202695744e+05 6.122556262107557989e-01
3.954954589621623717e-01 6.763866536521754291e-01 7.307855764449711078e-01 5.326600743491046730e-01 3.055591559564506121e-01 3.653056086972044647e-01 3.272845315036216340e-01 2.288740067636812746e+05 1.227137916531707160e+05 1.237513315657078056e+05 9.544577431274522678e+04 3.525386991330965447e-01
4.251158939107145818e-01 5.719481519859114238e-01 4.834481638427494121e-01 4.856885142761518392e-01 2.886142313595043696e-01 3.060180429418709602e-01 2.835798022231493243e-01 1.368203046594478365e+05 1.019835253512460185e+05 7.669669816245354014e+04 7.891612820623829612e+04 3.494242870755938646e-01
5.589746000143641647e-01 5.211006916700584579e-01 5.093625097585549044e-01 5.843371492753236529e-01 5.623646628006641057e-01 5.591733096705786554e-01 4.770411765565281126e-01 1.969814823470709380e+05 1.579146696641830786e+05 8.646880664532970695e+04 1.681965055904081091e+05 4.778630513113854561e-01
4.023748793830861370e-01 4.999341633768257243e-01 4.728421675275423786e-01 4.338183957045736450e-01 1.836342861928822734e-01 2.717442996239098907e-01 4.078011714295382006e-01 1.297231346762160829e+05 1.122189672850617644e+05 8.067388134145518416e+04 4.972120432763406279e+04 3.778048260736485142e-01
2.875545005646405472e-01 5.161006875738844979e-01 5.690975709300725160e-01 5.120060421011853879e-01 2.689413934126917982e-01 3.480954278027149074e-01 3.992284576886280245e-01 1.874823374992965837e+05 1.021996331549573370e+05 7.992514802274464455e+04 6.261219319066627213e+04 4.289874682929057936e-01
3.294411400327089678e-01 4.889077978641153677e-01 5.637055427817491138e-01 4.559793245138268336e-01 2.239716136596142937e-01 3.221668890332464730e-01 2.596306873933925674e-01 1.603641916090520972e+05 1.232446860979578487e+05 8.189225512112402066e+04 8.946072647501662141e+04 3.186329375032755928e-01
3.916839672749579671e-01 5.386259541309494914e-01 5.361219211785683836e-01 4.179784192048108249e-01 2.426612714698471451e-01 3.506607410320311535e-01 3.117876998630838559e-01 1.255839619454057538e+05 8.921306380726989300e+04 7.561061428284048452e+04 8.397850753919729323e+04 3.201406686385155353e-01
4.157950153752657529e-01 5.023099944674602746e-01 5.615467994983636135e-01 4.806647194714450677e-01 2.304372998567237041e-01 2.494420810886218143e-01 4.252593198884208059e-01 1.360073173291984422e+05 1.100483975839515915e+05 7.647736227071307076e+04 7.657129183263822051e+04 2.749373148578940218e-01
2.063881094049849485e-01 6.026711664690868053e-01 6.953317741670933527e-01 3.667197529570436210e-01 2.154816408113773563e-01 3.215813034505341506e-01 2.171874340590149444e-01 1.041953142538002576e+05 9.290974772660681629e+04 7.345290621163707692e+04 4.727465421034554311e+04 2.828614822300943299e-01
5.789026019778509280e-01 2.794821123763772119e-01 3.323368965117734497e-01 4.210088227645868986e-01 2.540485956415159396e-01 3.391222213578356515e-01 3.159854778999607317e-01 5.580923331463267823e+04 4.677865200988812285e+04 7.809472498990640452e+04 6.696011163744149962e+04 5.395329046457870703e-01
3.421873511331856021e-01 4.960861912071445889e-01 4.972765115408827596e-01 4.315206552498516701e-01 2.849955838869717151e-01 3.684400166219249928e-01 2.836179928140113438e-01 1.220011995654031198e+05 1.029603041432656901e+05 7.907586075119629095e+04 8.375966942488640780e+04 3.110435779259188571e-01
3.766076919881368723e-01 6.096071427641919227e-01 5.809303453687674201e-01 3.608664378626898483e-01 2.912167282013805036e-01 2.762035929438921844e-01 2.768279306039083121e-01 1.501621388191692531e+05 1.199290497251707566e+05 7.974203908894732012e+04 9.064517605840787292e+04 2.538709973639576289e-01
3.910390843361171154e-01 3.244288586853487089e-01 2.265024339555876676e-01 3.790478650758221657e-01 2.431612378320188728e-01 3.227309218774811472e-01 2.685609219512573032e-01 1.123468636787735304e+05 9.654773217498739541e+04 7.642481366653367877e+04 7.602894388555982732e+04 5.935024593002241611e-01
4.467955860969863857e-01 5.861112562069810128e-01 4.864680758602004662e-01 3.315525781101408276e-01 2.380513637337687838e-01 3.024032736786865794e-01 3.178448814473027739e-01 8.280418098094977904e+04 1.175313219920408883e+05 8.253102700301553705e+04 3.345170524381261930e+04 3.669830065973710975e-01
3.561946973504755420e-01 5.710486533837209056e-01 4.699896476042236260e-01 3.026101453746106729e-01 2.567645894267600037e-01 3.054404351893113545e-01 3.125291369413539244e-01 1.875647483937166980e+05 1.041530019423230551e+05 7.872937074330708128e+04 6.673459237148727698e+04 4.400302488192899264e-01
5.440791502428655724e-01 4.214802353396865375e-01 4.161025970343305014e-01 4.172772425666111396e-01 2.983978238201672184e-01 3.617308310933591842e-01 4.235207516053038912e-01 6.331427633171658817e+04 4.780104834551450040e+04 8.681276824070885777e+04 7.699403103326451674e+04 3.898707797903555594e-01
3.218545475744582496e-01 4.214972605130006267e-01 5.189577741455070337e-01 4.848105620807761640e-01 2.826804149211261663e-01 2.972329487564106532e-01 3.055822754213676773e-01 1.204101213633660082e+05 9.073306136449301266e+04 7.920399587931515998e+04 4.431979859314300120e+04 3.453812402371552737e-01
4.367972756187175620e-01 5.600307583831396485e-01 4.978490832821068079e-01 4.994526407535323509e-01 2.448661258467336177e-01 3.101325748975216623e-01 3.041219937418163100e-01 1.296018937394125969e+05 1.111220137138884311e+05 7.298732732918619877e+04 1.024199541616361967e+05 3.804441417249012081e-01
2.715550052811576132e-01 9.619851524792451258e-02 -1.653357392467867115e-01 3.427444327434697180e-01 2.567718503723841472e-01 2.833169051744730549e-01 1.915539697627746674e-01 1.235482021311029239e+05 1.127953261499953660e+05 7.179880508776921488e+04 4.591086268693899910e+04 2.832592791302531721e-01
3.598067289718678285e-01 4.932977991127294182e-01 5.410650094008044864e-01 3.544850829754236932e-01 3.214751780554286342e-01 3.740770632113273320e-01 2.723125637165276780e-01 1.500510038063807588e+05 1.332343681886075647e+05 7.982472474336480082e+04 5.401741045147489331e+02 2.748700403138131243e-01
3.474334591045479259e-01 5.493298234587463691e-01 5.019707972081876024e-01 4.223146604717008534e-01 2.772643830828941947e-01 2.552164819616447589e-01 3.181177642226975522e-01 1.287259132183523034e+05 1.201716926313714357e+05 8.474471762369140924e+04 7.514435097551038780e+04 3.014837058508401113e-01
1.770570203083391553e-02 5.249683610336965955e-01 6.825798466203759629e-01 2.320106075953526636e-01 2.333384661006306648e-01 3.343165667648521633e-01 2.846517780054963129e-02 1.516513857181679341e+05 1.460752003109401558e+05 6.820304064496851061e+04 6.276533517497185676e+04 5.596911255743777236e-01
3.529656486083425637e-01 5.325220521996095746e-01 4.946257388266538935e-01 4.594405561850912756e-01 2.604175794143412936e-01 3.129629119356039380e-01 3.348475075257962286e-01 1.554574405148368969e+05 9.968386390362300153e+04 7.959340722549073689e+04 7.241708800175617216e+04 3.377275697260177512e-01
2.748153502180620822e-01 5.401702167173009217e-01 6.316077494925512736e-01 4.545192321667357871e-01 2.675521446305755835e-01 3.411453832672652897e-01 3.358253907421571705e-01 1.310492690585093806e+05 8.941975822024421359e+04 8.419038953609269811e+04 5.366550476372804405e+04 3.278586797288340349e-01
2.808377232531409362e-01 3.902768384793902090e-01 3.092516180544842008e-01 1.897338802665024804e-01 2.136289424414377358e-01 1.380892265195001467e-01 1.751087735163357473e-01 9.753825703910499578e+04 8.678973941326016211e+04 7.318035148313625541e+04 4.515556246701451892e+04 2.155391359105949811e-01
4.081049063928366971e-01 3.498770062565427774e-01 2.637510744613695834e-01 2.954850399514721282e-01 2.179570410168664985e-01 2.595232623720245546e-01 2.387047755717557340e-01 7.096652820327173686e+04 6.179549100378691946e+04 7.520180770203056454e+04 4.789971081603052153e+04 5.343035663888531239e-01
3.810561313377444637e-01 6.083364756879383606e-01 4.559502709564659528e-01 3.952134673896459671e-01 2.593011945577015087e-01 3.446805300538149930e-01 2.953662036280999548e-01 1.656189834401664848e+05 9.807026836887799436e+04 7.914854545749774843e+04 8.372572220702288905e+04 3.748400187699653663e-01
4.023776351397965745e-01 5.700305710841004903e-01 5.256061043229781626e-01 4.226546020667724668e-01 2.843917433143955398e-01 1.714854913728346142e-01 2.185413193427032663e-02 7.988789092573423113e+04 1.667844066138227936e+05 7.008977839710866101e+04 1.536622294234479195e+05 2.514512664771235695e-01
3.617439196730426465e-01 5.569498790644580311e-01 4.832617050592580843e-01 4.941605176221729456e-01 2.165568236348844045e-01 3.187009959273562898e-01 3.422403515402486773e-01 1.041175365763006703e+05 9.837751020964706549e+04 7.796825464326540532e+04 8.795030394879316736e+04 3.168057067929596071e-01
5.881593141781451539e-01 -1.972259135620759163e-01 1.400680656101382926e-01 3.885502284200816336e-01 4.852897237295770161e-01 -6.076115292366308651e-01 2.236932633441240936e-01 2.615794973079890478e+05 2.593987761208452575e+05 6.620411330434049887e+04 2.616938425875707762e+05 9.377592548133627526e-01
6.201214315576495384e-01 5.781801510857237369e-01 5.097126805802919547e-01 4.665497053403867556e-01 4.247866971823527904e-01 3.688620007981470161e-01 4.068146918604657603e-01 1.342570453728789580e+05 1.044310895311262284e+05 8.471475225427067198e+04 9.306686020560191537e+04 3.555211749456831938e-01
3.258101580948348786e-01 5.559527953672553924e-01 5.043179868229045182e-01 4.688248518952861654e-01 2.661694402741428545e-01 3.487290235646268166e-01 3.256592553530336387e-01 1.490813613940680225e+05 1.064846764019385591e+05 8.319810969776066486e+04 5.949518602459584508e+04 3.276229916415719368e-01
3.569594863350005753e-01 4.539590638231780217e-01 4.930741390414858927e-01 4.608696568661450610e-01 2.424953232361040656e-01 2.757241322741973977e-01 3.182749178304870585e-01 1.203769383346134564e+05 1.080677580441933533e+05 8.428091101413100841e+04 8.413807733667358116e+04 4.117740711312978807e-01
4.144985300930613681e-01 6.143664142494125180e-01 5.484784349744871168e-01 4.868584581416878776e-01 2.544096149417841013e-01 2.446325877890131173e-01 3.558872197203791776e-01 1.277672991428257956e+05 1.112655570343366271e+05 8.005264989811723353e+04 1.053690864298390952e+05 3.408721584897225210e-01
3.672033063156048827e-01 5.132847672567794062e-01 5.085873158515900050e-01 4.850618517770047267e-01 2.451660328214509410e-01 3.087227071296647085e-01 3.444546747140588283e-01 1.189796351970522664e+05 9.699198644951716415e+04 7.754405774787066912e+04 6.653858713749506569e+04 4.068994362391998854e-01
3.289910723861808051e-01 6.230592651178239461e-01 4.570646356960383350e-01 4.513075274720173002e-01 2.297173617788419719e-01 2.859456879512395355e-01 2.565899244752032904e-01 1.262085131919613341e+05 1.058614373751359235e+05 7.820371872454945697e+04 4.991853399126445584e+04 2.848390094543847284e-01
5.434535891157654675e-01 4.675467824147128137e-01 4.344321103826039865e-01 4.510727545678044348e-01 2.980302092723596252e-01 3.549787976583360649e-01 3.479296090692813870e-01 2.160781466604773304e+05 1.767050840516304306e+05 8.027941260611634061e+04 9.481950836707685085e+04 4.409742000993312483e-01
3.000101648673331733e-01 5.804422320017558201e-01 7.076399718292663010e-01 3.710141511167880379e-01 2.139244662169157984e-01 2.838020210973276614e-01 2.519689094444239053e-01 1.586638897241688392e+05 1.430121542320744193e+05 7.289572806736362691e+04 6.016940150006105978e+04 5.833692752066061971e-01
3.633288076453399795e-01 5.353297580089713126e-01 5.399199583952688508e-01 4.373866913603048356e-01 2.670899511742584886e-01 3.169416263579739601e-01 3.327197342020080106e-01 1.392194546167860681e+05 1.148152143902237876e+05 7.821058765640255297e+04 5.600626923762848310e+04 2.717521161174586974e-01
3.564631856741937721e-01 4.915123577048714498e-01 4.858212803443159866e-01 4.280321664864354392e-01 2.961880572450761862e-01 2.820353777244737903e-01 3.893743016516099664e-01 1.045920898984784144e+05 1.164410717370598722e+05 7.988827274680818664e+04 7.514552343791432213e+04 2.491829540590428382e-01
5.303597923002726366e-01 5.484598238483117116e-01 4.896794192450022454e-01 4.960223682568086767e-01 4.244789529094401548e-01 4.295917207470003052e-01 5.716974783681768590e-01 1.274941205046736868e+05 9.624390972342948953e+04 8.704487578411880531e+04 1.694134360446706414e+05 4.171457019107620567e-01
4.434922435797435947e-01 5.575817329014592927e-01 4.988515470611777913e-01 4.950178837377988694e-01 2.852560116722598904e-01 3.886838619582973497e-01 3.842541603204008838e-01 9.940882026486739051e+04 8.869228321477309510e+04 7.958206072126263462e+04 7.297932150321116205e+04 3.325341878703067522e-01
4.334087520353205880e-01 5.521043626296666673e-01 5.456116578547361984e-01 5.217716698089841509e-01 2.588919396149855778e-01 2.371591318734312948e-01 4.578205165634032237e-01 7.529965400874028273e+04 1.209169724112136464e+05 7.816987629462014593e+04 8.169038809448499524e+04 3.504646712562404232e-01
3.119197226643607990e-01 5.606495970047089550e-01 6.708021358756366403e-01 2.872476301926622511e-01 2.062876317017142691e-01 2.565531815011352079e-01 2.180996688055349964e-01 6.148416138865047833e+04 5.323938310520361847e+04 7.566944016711610311e+04 3.710360610625546542e+04 5.275991261618213635e-01
3.983675526898100561e-01 6.508234861784177872e-01 6.326304151752826233e-01 5.764623468407659157e-01 2.981087169423527472e-01 3.448456597239061838e-01 3.271799777427512601e-01 2.620030473882490478e+05 2.391569596693164494e+05 7.230562574073170254e+04 9.001449045335740084e+04 4.033689177189397346e-01
3.084832142381768172e-01 5.506549799562885372e-01 6.623288264386906210e-01 5.083385865633506251e-01 2.754761247046284556e-01 3.270924519823308341e-01 3.909887792589252231e-01 6.970364287707250332e+04 8.596992115744255716e+04 8.654983146672810835e+04 6.421225515305872977e+04 3.802171702952710231e-01
3.098854804072046498e-01 4.701987604098870066e-01 3.475419880360251512e-01 4.062919794027423648e-01 3.140127059589524205e-01 3.227767861332349053e-01 2.862380091060667819e-01 1.327986366834068613e+05 1.139861706983076583e+05 7.648806261782956426e+04 3.699479993764172104e+04 2.846553245945885324e-01
5.424390853094085418e-01 4.561285200371940629e-01 4.100771016449434314e-01 4.319850864920778966e-01 2.293283275323938220e-01 2.825853218308189696e-01 3.200425795055183986e-01 1.727707238861815131e+05 1.212222111717619700e+05 7.699086227794756996e+04 5.612854052362711809e+04 4.390832545664248854e-01
2.593803786216838381e-01 5.597735431441374088e-01 6.636839824539851884e-01 3.601305572130666377e-01 1.911218763667059117e-01 1.885267599124119675e-01 2.427073135322283526e-01 2.283589163218293979e+05 2.000728119594574673e+05 7.483605873166926904e+04 3.521332322462977027e+04 2.600185402338747176e-01
3.598941975080298672e-01 5.092202629096452826e-01 4.986553152974324554e-01 4.056891008361657724e-01 2.622303969574291127e-01 3.525551549371161442e-01 3.429180096144764378e-01 1.240470585749962484e+05 1.195957318552336219e+05 8.134469763648738444e+04 8.314317923161952058e+04 2.982980685006596522e-01
6.426636049349717661e-01 -1.703430743826075955e-02 9.520512871381717201e-02 6.427630959439153413e-01 6.710753855644462362e-01 -6.258815380055762212e-01 5.929852562339162914e-01 -2.053453059971323237e+05 2.521774196666160715e+05 6.645485332802137236e+03 2.565545200193750788e+05 9.822120765143651511e-01
9.851683526662152746e-01 4.862728961586633702e-01 7.150762221365617455e-01 -4.954291802270780476e-01 4.845095898943657109e-01 3.125567564486437799e-01 5.292671977168754704e-01 1.020015869710276602e+05 6.986568326092386269e+04 8.339209625006618444e+04 1.051485153701255913e+05 4.974939358319820371e-01
4.579054430860153291e-01 5.334597833280073642e-01 5.720510492928654322e-01 4.720768429326556714e-01 2.301413475900361272e-01 3.063564378887955186e-01 3.884125719639391350e-01 1.269946633412785013e+05 1.054876591970138397e+05 7.714570203021941415e+04 7.848644539424945833e+04 3.525918157219537497e-01
5.428242869331494358e-01 6.086343790144043142e-01 6.380905601059069232e-01 5.598415928782809470e-01 3.880392089240231601e-01 4.351824918955198851e-01 5.439829277722645351e-01 2.617812240293393552e+05 1.771785483160443837e+05 9.797086214092209411e+04 1.723331499490852293e+05 4.306661118240467934e-01
3.439622779858583224e-01 5.672221869718389042e-01 5.576243779219864916e-01 4.610795106467959759e-01 2.666360615578651783e-01 3.316165564685709111e-01 2.086941580801371654e-01 1.201363812780613225e+05 1.018691966592767276e+05 7.690723641635636159e+04 1.042595016933094157e+05 3.532161438823162580e-01
2.840109670648629514e-01 5.673838715952589373e-01 6.257728413006983237e-01 3.420251792263865331e-01 2.670696511778234417e-01 3.639525368915418890e-01 -8.258250328480734592e-02 1.407891916550319584e+05 1.210679813681779488e+05 7.313906056617274589e+04 7.857476038467715262e+04 5.255754654288035121e-01
3.014893710621088241e-01 6.116714958564365423e-01 4.413557600428857919e-01 4.208053159601399251e-01 2.117238134887116374e-01 2.262654334519844657e-01 2.463210786818063880e-01 1.909922915538183588e+05 1.652473995826340397e+05 7.580134949072991731e+04 3.990660213390133140e+04 2.669051923596767462e-01
3.694765534322801970e-01 5.418465810275144845e-01 6.130759875448980045e-01 4.617877092483838042e-01 2.839586731396526731e-01 3.623512268018487803e-01 1.944680289675639051e-01 1.088358134122219053e+05 1.178483635637049010e+05 7.803889683815544413e+04 3.947092098922475998e+04 1.937416213344673732e-01
6.471851183043818567e-01 4.207307848873804712e-01 4.579638613443971079e-02 5.929767718492497952e-01 7.093146806088254097e-01 -6.415347963309665502e-01 5.729093959939822733e-01 2.620697882955041132e+05 2.596689131030896679e+05 6.613610884622875892e+04 2.620037717998595617e+05 9.960592353519850395e-01
5.752844852498921746e-01 4.275183350299985308e-01 4.880737034437992450e-01 5.296333311797359888e-01 4.434877915732159948e-01 7.161005319366828825e-01 5.246069009244997972e-01 2.577003021058412560e+05 2.557908276121194940e+05 6.696644573234542622e+04 1.082511597252712963e+05 4.650017514094378357e-01
3.182833472031809663e-01 6.050636690968042020e-01 3.334679647623344234e-01 4.116774006189588553e-01 2.414619288826572729e-01 2.080022817841617744e-01 3.873560559126534852e-01 1.062798469949833670e+05 1.111292965238468896e+05 8.237488741066314105e+04 1.107962254622775072e+05 3.427800650687526374e-01
4.097829048923341544e-01 2.967623572704170543e-01 1.140763831489734897e-01 4.758460393380565256e-01 2.801761739833413256e-01 4.626636511314125011e-01 3.518677197568678139e-01 1.352102817476998025e+05 1.154748386041154590e+05 7.693790366142458515e+04 4.986195178495047003e+04 4.299572040984807053e-01
2.955603682944505373e-01 6.199455650833323173e-01 7.050456807903989764e-01 3.691342098358144086e-01 2.242730925970267131e-01 2.974327398141538015e-01 2.529010652578150831e-01 1.103623994201895985e+05 9.283951064538409992e+04 7.795478249264274200e+04 4.954753927237004973e+04 2.725765588962973385e-01
3.772674783038368895e-01 6.516372807420881541e-01 4.701019490560699454e-01 5.482571502247772788e-01 2.876108361780108646e-01 3.733939114836024031e-01 3.248246915648773658e-01 1.361365821979220491e+05 9.905936509676203423e+04 7.611278226024651667e+04 6.508311317023781157e+04 1.966088327656921597e-01
3.278765884421242505e-01 4.592494008133136685e-01 4.852791798760819342e-01 2.820820498094210316e-01 3.123222997398929501e-01 2.978211966581694736e-01 2.969310585109747325e-01 1.065793184555789630e+05 1.045611992383213365e+05 8.169736928232182981e+04 3.659439867895222415e+04 2.924772695575692527e-01
6.263577731704446094e-01 4.372885931705138285e-01 4.670446299160564418e-01 5.249176322353423796e-01 3.773579490181731000e-01 4.446093841466525198e-01 6.405183419053365190e-01 1.866113189539325249e+05 1.320002414341438853e+05 9.323489779273307067e+04 1.726509700798586127e+05 4.435037691896129286e-01
2.977809557808720475e-01 6.030506186470262486e-01 6.966871374483205592e-01 1.784361199127163511e-01 2.257311653703296672e-01 2.931373616276889971e-01 2.579648215559756652e-01 1.380054152694318909e+05 1.151579719772014796e+05 7.872551457138884871e+04 4.949783764364145463e+04 2.861336649591030290e-01
6.002922855669457630e-02 6.121727901445918052e-01 6.967503877164414883e-01 -1.773509467100090400e-02 1.640897625444724950e-01 -1.563502712912793469e-01 3.548811516400154215e-03 1.230731066444606695e+05 1.056104581955019385e+05 7.670464136332370981e+04 4.447342052874921501e+04 -1.349480614958659119e-01
4.798722887761342482e-01 4.998588942821033942e-01 5.493059281741331512e-01 4.505130689110141695e-01 2.697608203373197955e-01 3.008706529748483294e-01 3.788065774705315913e-01 6.023124422975916241e+04 9.262398853616412089e+04 8.190689103385013004e+04 6.415421252420695237e+04 3.013104397430378945e-01
4.791156083775010774e-03 8.983215022129804606e-01 8.464692365430994681e-01 8.433294197198674957e-02 9.107862059181752734e-01 8.140962529008335391e-01 4.868631492782124481e-01 1.785550365278650424e+05 1.355480553420505312e+05 8.726485125264093222e+04 7.799958984779744060e+04 4.179818266033162866e-01
5.551917216018142920e-01 5.479800517301030016e-01 4.949295838608573361e-01 4.319042583392769807e-01 3.719068518820303204e-01 3.855964795889695873e-01 4.740675314385549566e-01 1.108417337556304410e+05 9.005044607621150499e+04 8.067890884978092799e+04 8.542556786637927871e+04 3.285717399180920761e-01
4.416622160212118064e-01 6.130223842394544320e-01 5.648679775871606745e-01 5.413898429511992960e-01 2.618064857003198354e-01 3.001792041228472097e-01 2.985778326251294357e-01 1.422414778203066380e+05 8.663986459176892822e+04 8.920791269628718146e+04 1.899447705239514107e+04 3.192691975170658947e-01
5.246951551028622429e-01 4.950745147441293348e-01 5.112929244819557351e-01 5.540147660080585457e-01 2.431786303061801435e-01 2.887909461134577915e-01 3.708697850421849296e-01 1.197826921998009639e+05 1.237040209426407528e+05 8.742815457219359814e+04 6.146189325590070075e+04 3.719199465089503276e-01
4.051385672819792227e-01 6.074289094663156696e-01 6.967644615953200171e-01 4.798107381561412255e-01 2.586975623215693187e-01 4.895792736085390340e-01 3.763542021880975086e-01 1.205999541840589809e+05 1.026400903086982289e+05 7.720180736593416077e+04 4.603929004384044674e+04 4.462857359082905706e-01
3.244681261800521077e-01 2.790507102168447440e-01 1.954193484022037908e-01 3.902812054862914715e-01 2.386969438186269388e-01 2.373463004113000319e-01 2.542674475127382760e-01 2.060784800558727875e+05 1.822458423562340031e+05 7.410191161520183960e+04 4.551025325663014519e+04 2.742236854225358345e-01
5.157506334511245960e-01 5.311598606853435989e-01 4.964746859248495570e-01 4.702166891169777818e-01 3.909988814768117216e-01 4.291602497047384834e-01 4.641741017581983986e-01 1.051161220629212039e+05 8.143647840750694741e+04 8.488754867778958578e+04 1.383126567132078344e+05 3.937665247799196910e-01
1.750907232612233244e-01 3.622536591479524892e-01 3.685540108123631087e-01 7.923837154155261020e-02 1.389729909655353091e-01 1.431319265004833696e-01 8.276001320782665205e-02 1.201797922447909077e+05 1.021922127742148441e+05 7.703807523403919186e+04 -1.897829637465541737e+02 -1.495982684217498082e-01
3.681313363072977740e-01 5.190600030619939576e-01 4.670202152604847057e-01 4.990325765272374259e-01 2.502957539300493250e-01 2.851646840195298238e-01 3.496033485412856634e-01 9.685610978650869220e+04 9.968774478747733519e+04 7.647737587277854618e+04 8.181181725666328566e+04 2.521427521855338361e-01
3.772860625317038807e-01 2.218877381483531919e-01 2.029435324871451396e-01 2.271202508833269351e-01 1.702344691600335136e-01 1.836673162862190178e-01 1.849269912147817052e-01 4.371655542976002471e+04 4.166493948351797735e+04 6.872456816478302062e+04 1.218787449632925927e+04 3.237350747596744460e-01
5.454517649857923978e-01 4.639720123368775706e-01 5.218422091443959410e-01 5.310697644905083559e-01 3.717454177284011951e-01 5.251233782092378233e-01 5.677666763849955611e-01 1.341445492558928381e+05 1.033931920747666300e+05 8.517051681319090130e+04 1.199999184053787030e+05 4.930349169652095687e-01
4.376841070937685374e-01 6.064566906365527199e-01 4.434252461725447514e-01 6.217328821180343468e-01 2.811751484135305845e-01 5.053124761139106136e-01 3.943944827030709810e-01 1.405011814337164687e+05 1.196204322426289000e+05 7.721982465685505304e+04 4.240113216914027726e+04 4.663873030178676271e-01
4.141918708636145308e-01 5.364654187793049811e-01 4.833862111724719912e-01 4.533065408159013265e-01 2.893374679840521324e-01 3.529268877010679484e-01 3.251324846445007299e-01 1.327553810028219887e+05 9.856360817554831738e+04 8.383368583956632938e+04 7.333291715747849958e+04 2.773662211429480107e-01
5.844189585411356802e-01 4.461633021293828216e-01 4.629113309372774321e-01 4.456316385963186577e-01 3.537017296602021910e-01 4.464736994866498332e-01 5.989327818918730451e-01 6.913612501097246422e+04 5.122100188696065743e+04 8.892793455586183700e+04 1.020313796798885596e+05 5.785880045229396806e-01
3.078929988392256067e-01 5.775896812955427784e-01 4.933053829382420541e-01 4.820784393072192753e-01 1.871337884391036377e-01 2.203612300195742779e-01 2.567236954211134514e-01 2.619894321482923697e+05 2.435868880635323003e+05 7.058282229269803793e+04 4.135493158405958093e+04 2.870104912076699155e-01
6.226033840312932277e-01 5.868655163165820143e-01 5.828360601865860691e-01 5.648728984201152326e-01 3.919376675167088320e-01 4.459542024604778998e-01 4.968018468799060838e-01 2.615599843970943475e+05 1.513306943630827300e+05 1.149508989318675158e+05 1.694838769130936125e+05 5.236585122595955877e-01
4.694867165207891602e-01 3.888019587178214165e-01 3.634586961878402134e-01 4.303997822582053545e-01 3.239293126585382487e-01 4.452579637721026939e-01 4.319392345420869916e-01 1.289955554136116552e+05 1.058299555167405924e+05 8.048651232623045507e+04 8.498522440375870792e+04 -3.522099955968885365e-02
4.000345861414492665e-01 -9.048061773500809535e-02 -1.742356668080682625e-01 2.763812721378638426e-01 2.649209897687425097e-01 3.236415961871329516e-01 6.154478797845833182e-02 1.028287176382535108e+05 1.011238402140061517e+05 6.296879360651427851e+04 5.975484449510204286e+04 5.447651446527769226e-01
4.543720778013992656e-01 5.218918241092775911e-01 6.138037544820762470e-01 5.037312864225185205e-01 3.343591869658661397e-01 3.143511627591945023e-01 2.635605731496981630e-01 1.677262982231692877e+05 1.114001538838614943e+05 7.613958749380822701e+04 7.260713638633464871e+04 2.998897050323618974e-01
2.927713247277006769e-01 5.756496007451930019e-01 3.907518387987670150e-01 6.420566949046508931e-01 2.197305973927027312e-01 1.974019453300470683e-01 2.378880634988752296e-01 2.161774607259595068e+05 1.885826286095301912e+05 7.516096091677708318e+04 3.662150313547254336e+04 2.545424564362271935e-01
4.353011063660561786e-01 5.572400062284239564e-01 4.441278868225957410e-01 3.782652481667515554e-01 2.791929699291871847e-01 2.559501524007338769e-01 2.519508681216787727e-01 1.348568168445912015e+05 1.106605397838735225e+05 7.860882236092715175e+04 8.666264827005263942e+04 2.730215439693219337e-01
2.916629311340914743e-01 5.597874015452092289e-01 6.885915272236746709e-01 3.449326744128303202e-01 2.169843501807914299e-01 2.765807497150885585e-01 2.446256036945497203e-01 1.322867713395642641e+05 1.178236361959090864e+05 7.408830754851855454e+04 6.349680994606660533e+04 5.175448093591925591e-01
3.822335456073114313e-01 5.604706319227860112e-01 4.753283775595349980e-01 5.231321899338220449e-01 2.500165133298499764e-01 3.192451889675513299e-01 3.031507393635681225e-01 1.457905005182387249e+05 9.661127514844299003e+04 7.685637649047771993e+04 6.184643686417480058e+04 3.478415338598142004e-01
3.491601948849015757e-01 3.459587615651114056e-01 3.512140264351300556e-01 3.207837979516932059e-01 2.467381994886168883e-01 9.361632444673405329e-02 2.413251452255808505e-01 1.604297458111216256e+05 1.050425997345198848e+05 1.045480318780391681e+05 1.313320585663268284e+05 3.740422964939629225e-01
4.407506050811575982e-01 5.621946187836208697e-01 4.107705166590437940e-01 5.064680095345585054e-01 2.957947924487102087e-01 3.492438448574368692e-01 3.073142475290744913e-01 1.098271092698087014e+05 1.109109492291048955e+05 8.195942582172009861e+04 6.147112968986591295e+04 3.283853077659629194e-01
4.107403593770167505e-01 5.527834802873569098e-01 4.860517149646746971e-01 4.610749757553663231e-01 2.634514024414373323e-01 3.092580915488438720e-01 2.208680381716369712e-01 1.516533585270522162e+05 1.165432716149144981e+05 8.393869355637006811e+04 2.915736364163306644e+04 2.903180130940511416e-01
2.433722728748575204e-01 5.805034705456568744e-01 6.949334698688357514e-01 1.911799528889833455e-01 2.052712548907908718e-01 3.101118407163890311e-01 2.166243129710183346e-01 1.283958544403870037e+05 1.149465331790729833e+05 7.363355673755535099e+04 4.629378022339400195e+04 5.769816139853393144e-01
8.696366868528581096e-01 5.016313619387055001e-01 5.413461587351113824e-01 5.380803403349179170e-01 3.732410481237654620e-01 4.102318962135867997e-01 5.660615360832520482e-01 1.379127944801365957e+05 1.028476686283538875e+05 8.821341834590950748e+04 1.086092745873111417e+05 3.883907625802660579e-01
2.716793310599175948e-01 4.597074930676861571e-01 4.178957585020071086e-01 3.836572596857713568e-01 3.010728092038328918e-01 2.916645523774659132e-01 3.452915423039777942e-01 1.245231652154900366e+05 9.075562398942201980e+04 7.595051641622016905e+04 5.978202330845154938e+04 3.020151220734036968e-01
2.871226848077768068e-01 5.914826897274818585e-01 3.122040409750614920e-01 6.936216439598230643e-01 2.620548269334527225e-01 4.325502490404010691e-01 2.496747828395207147e-01 1.128181706179945613e+05 1.001387240286263404e+05 7.399798784757238172e+04 4.372887130527801492e+04 -2.357250713181971713e-01
3.727258128050320862e-01 5.242431939013657560e-01 4.820483714115302853e-01 5.011797270766050749e-01 2.657934480958878409e-01 2.736065508025781190e-01 3.168545584466058718e-01 9.014962976903295203e+04 1.192637521265339601e+05 8.217363768584672653e+04 7.328882290453425958e+04 2.813333252520622274e-01
4.423491773101377311e-01 4.933623133415813711e-01 4.824283334923048505e-01 4.295320621918775617e-01 2.463323152544397154e-01 3.373110197443559555e-01 3.252031775173906403e-01 9.102976590944387135e+04 1.145941450272231741e+05 8.312113221040739154e+04 4.243814185170928249e+04 3.811445453470853617e-01
3.909429483882778111e-01 5.686889835646468105e-01 5.473055425139758956e-01 4.703767401545427829e-01 2.351791477850359857e-01 3.147495396547825841e-01 3.392370028431903051e-01 1.374849768985363189e+05 1.175941019294604339e+05 7.988965280607160821e+04 3.883691359443157125e+04 3.581399323434683035e-01
3.509126136798304540e-01 6.195828671708215607e-01 4.498120471050390812e-01 6.711264270785188835e-01 2.583184086534140445e-01 3.149672001703249236e-01 2.625486960497023237e-01 8.999549617549931281e+04 6.967806266858514573e+04 8.446369028739836358e+04 5.800687719272324466e+04 3.038905429964248728e-01
3.995939932369056979e-01 5.218460102291500036e-01 4.408685755773458226e-01 5.151266991322196453e-01 2.521625095531888627e-01 3.825404765169754251e-01 3.195487826986715407e-01 1.266673060305024992e+05 8.697176294014144514e+04 7.966183719394748914e+04 7.951801900499373733e+04 2.969686075731887143e-01
4.410514909590893540e-01 5.736714120265495875e-01 5.002462895686978772e-01 6.080936885781516033e-01 2.752733675179302453e-01 1.837492260274207756e-01 3.017881649871933525e-01 8.725305172185908305e+04 1.154581392773887637e+05 7.552196776272624265e+04 7.689576187535093050e+04 3.143074598126204822e-01
4.234113432533997412e-01 4.824594919073298405e-01 4.855604234317184020e-01 4.472502681286987802e-01 2.549719481381417796e-01 2.865352386983849309e-01 3.294181789462319321e-01 1.558711897204878042e+05 1.129214651353713271e+05 8.193533330051004305e+04 7.070162903975497466e+04 3.100126388970952385e-01
3.901008919995126445e-01 4.858853730958563877e-01 5.116232973753279678e-01 4.826918929312307149e-01 2.525148220447093195e-01 3.576764801193639265e-01 3.574920553512819232e-01 1.423236022029735614e+05 1.197517077163343347e+05 7.956197255361260613e+04 8.641120943122475001e+04 3.632080614612987479e-01
-1.553406563343659175e-01 7.532622980230976317e-01 8.153142550286162082e-01 3.726379639128451493e-01 5.561242506273456065e-01 5.936192251311820378e-01 1.783689182646522320e-01 2.437752759662737953e+05 1.449581190224839083e+05 1.115651586269870604e+05 1.787432115669594787e+05 5.636646217094269939e-01
