1.200000000000000000e+01
2.000000000000000000e+01
2.500000000000000000e+01
3.300000000000000000e+01
3.600000000000000000e+01
3.700000000000000000e+01
3.800000000000000000e+01
4.600000000000000000e+01
5.000000000000000000e+01
5.200000000000000000e+01
7.100000000000000000e+01
7.500000000000000000e+01
8.100000000000000000e+01
8.400000000000000000e+01
8.900000000000000000e+01
9.000000000000000000e+01
1.030000000000000000e+02
1.100000000000000000e+02
1.250000000000000000e+02
1.310000000000000000e+02
1.360000000000000000e+02
1.560000000000000000e+02
1.830000000000000000e+02
1.960000000000000000e+02
2.040000000000000000e+02
2.050000000000000000e+02
2.100000000000000000e+02
2.110000000000000000e+02
2.140000000000000000e+02
2.360000000000000000e+02
2.420000000000000000e+02
2.490000000000000000e+02
