1.000000000000000000e+00
1.100000000000000000e+01
2.000000000000000000e+01
3.800000000000000000e+01
4.400000000000000000e+01
5.000000000000000000e+01
5.200000000000000000e+01
5.300000000000000000e+01
6.800000000000000000e+01
7.000000000000000000e+01
7.100000000000000000e+01
7.800000000000000000e+01
8.300000000000000000e+01
8.600000000000000000e+01
8.900000000000000000e+01
9.000000000000000000e+01
9.400000000000000000e+01
9.600000000000000000e+01
1.110000000000000000e+02
1.230000000000000000e+02
1.310000000000000000e+02
1.340000000000000000e+02
1.460000000000000000e+02
1.550000000000000000e+02
1.830000000000000000e+02
2.020000000000000000e+02
2.080000000000000000e+02
2.100000000000000000e+02
2.150000000000000000e+02
2.290000000000000000e+02
2.310000000000000000e+02
2.360000000000000000e+02
2.370000000000000000e+02
2.460000000000000000e+02
2.480000000000000000e+02
