8.791307869669838793e-01 6.112062079835866024e-01 5.856013178689890575e-01 -3.116007206312467748e-01 5.152360440304029066e-01 7.567544582477674364e-01 5.457972018553585158e-01 -2.347548856327392627e+06 2.493135657397588075e+05 5.994225027646571107e+03 -5.828582683470329270e+06 -1.920415593007851474e-01
3.145811054571953647e-01 6.438794007815583642e-01 1.333351195240960185e-01 4.476507978063403725e-01 1.880953197003727706e-01 2.710124373422648780e-01 2.941130497333267479e-01 1.555363499965789088e+05 1.399361492227338022e+05 7.296475952436523221e+04 3.673828158870975312e+04 2.379950532046592460e-01
4.831340324478467507e-01 2.687188138594158726e-01 3.202460319989949289e-01 5.190934555771765657e-01 2.507396042833544003e-01 5.124650388557927538e-01 5.115078839475388772e-01 1.526739521337832557e+05 1.214067446452098666e+05 8.194748661616897152e+04 6.499132685265248438e+04 6.417321035334032642e-01
5.985133219810255811e-01 5.415656131011012953e-01 4.511788378405265365e-01 4.701395297353956892e-01 3.144601817566805013e-01 4.006474488512888898e-01 5.334384000746468235e-01 2.072073166441339708e+05 1.560177444505404856e+05 8.704552336744352942e+04 1.188153800746656780e+05 4.695945959244902657e-01
5.859053645336529392e-01 6.650532560458087827e-01 2.844619817428968300e-01 7.347077322861162996e-01 2.451148553474243319e-01 3.523477697558176636e-01 3.800919604227370741e-01 1.676093767651566304e+05 1.280774577492368553e+05 8.612407039308536332e+04 7.500478427341044880e+04 4.265288856700882869e-01
3.962545556558639270e-01 3.927761241027497574e-01 1.999555508182285501e-01 2.550197465071837311e-01 1.899459832871347453e-01 2.190330179957059864e-01 2.472347211328530803e-01 1.278983649487098155e+05 1.166227760979060986e+05 7.188729341793387721e+04 2.737599377879738313e+04 2.032649599661994766e-01
6.792646610140421481e-01 3.375026733034826587e-01 4.535572616785424893e-01 4.634145486396575864e-01 2.569141288700662606e-01 3.671481646782050468e-01 4.626544288258758741e-01 1.452314873746057274e+05 1.285605083407447819e+05 7.423581759814480029e+04 8.406361051985746599e+04 5.907837266902943307e-01
8.357409523713991151e-01 5.707286775370646881e-01 5.780508521772118602e-01 5.829244916354148209e-01 3.504539733193325901e-01 4.808681930166066598e-01 5.369592402052976166e-01 1.148833609486769710e+05 8.925113541706587421e+04 8.285354988238628721e+04 5.800085196886795893e+04 5.819397901263453354e-01
5.053819956650230649e-01 6.758667285600093999e-01 7.645277411444685312e-01 4.594008314258999914e-01 3.395828178713607981e-01 4.376470601715997111e-01 5.556778945422247151e-01 2.616838932072547905e+05 2.182106372785677377e+05 7.985067784312421281e+04 1.371307158298381255e+05 3.813302599550478234e-01
6.391380065894808338e-01 5.255519797186047892e-01 4.862218782281154117e-01 4.721752684836051372e-01 3.562652191949129410e-01 4.499435099607931865e-01 6.277572542274794110e-01 1.771072872885493562e+05 1.209193222359892388e+05 9.599112288552436803e+04 1.472686178405673127e+05 4.848902899094853503e-01
2.406891363971166986e-01 6.087248578647801445e-01 -2.575950512494286637e-01 6.500949765543577730e-01 9.236722728142632288e-02 2.197144786456367294e-01 2.993846440638242568e-01 1.463446028578970290e+05 1.363253608107659675e+05 7.056386422263734858e+04 3.802178090813936433e+04 -2.587412861681809284e-01
3.114323049583246350e-01 6.460937548847986989e-01 3.714334269777506692e-01 4.389030129595800633e-01 2.008450624965146258e-01 2.769199006819366149e-01 2.841117018205606692e-01 1.297662980356477638e+05 1.139300723125590157e+05 7.475485066924541024e+04 3.872968467961449642e+04 2.295858035507877537e-01
4.324398047049538008e-01 6.077511116202781727e-01 -1.437891275463089036e-01 3.847218103257760147e-01 3.627404514954828407e-01 3.957969914994483029e-01 4.122977204123061679e-01 1.870262428257951979e+05 1.593166548429218819e+05 7.593727042906862334e+04 4.515446465375541447e+04 -1.372478308655471768e-01
6.558044414693590118e-01 6.392399320640204108e-01 6.489176850584379430e-01 2.866304099901951022e-02 2.194494081897537252e-01 3.126005754732837372e-01 3.479457244796762549e-01 1.123976062337222102e+05 9.062073292024858529e+04 8.265951997162379848e+04 4.846090218521093630e+04 4.226312989794906994e-01
5.627075294047959586e-01 5.413492148657489400e-01 2.746080214322147994e-01 4.298650571596251968e-01 1.770347888685774029e-01 3.076381206796467427e-01 3.239911762799398964e-01 1.300052746867394017e+05 1.326781214767919737e+05 8.102464338448671333e+04 5.862107799816933402e+04 3.422452139329748566e-01
3.987900914783148454e-01 7.096674648110868899e-01 5.070755211929725004e-01 7.360354191580092964e-01 2.675963632652201829e-01 3.779309138642822363e-01 3.727775647480253141e-01 2.294025777946391026e+05 1.767695321213765419e+05 8.575937077023046731e+04 7.947116112046160561e+04 3.160092955303297479e-01
6.564367858563951996e-01 5.960883138767005818e-01 4.851568788640946428e-01 4.140335131031721017e-01 3.622829245567262269e-01 3.965359610927910450e-01 5.845575134514495730e-01 1.860296256787511811e+05 1.468186534223916824e+05 8.320751782823678514e+04 7.759983506215292437e+04 3.398011632149299799e-01
5.405082611686051752e-01 6.299577623178624908e-01 5.536729833477924689e-01 5.828944593941673968e-01 3.667711938038398234e-01 4.531339253540456746e-01 6.029542614337333184e-01 2.524569437027790118e+05 1.252406831106346217e+05 1.331721863007998909e+05 1.593975114951600262e+05 3.935431476778134541e-01
2.919947345502580394e-01 5.030649982117363361e-01 3.015594700937893058e-01 3.841110985566478786e-01 2.808081722757707621e-01 3.053777743212792717e-01 3.253822575319366694e-01 1.618558930645796354e+05 1.440048981999054085e+05 7.379872936425806256e+04 2.541404624728650379e+04 2.567353600496799504e-01
4.492320082908417556e-01 4.852106507412370373e-01 3.559357560930102582e-01 4.162254433646936924e-01 2.167791053999734985e-01 3.183428865179563361e-01 3.575385160872659451e-01 1.278578653827886446e+05 1.117323509604665451e+05 7.339211581619114440e+04 6.501289699596564606e+04 3.003018351943470554e-01
3.263683953070492527e-01 6.546693067882043415e-01 7.462587994013162307e-01 3.192357856359838153e-01 1.931384160242205217e-01 3.106340075979929227e-01 2.997347253960155333e-01 1.290696840836977790e+05 1.132640534079455538e+05 7.472522862316078681e+04 4.246883235057622369e+04 2.413376661229437170e-01
4.454792637650452081e-01 5.260544489372039889e-01 3.998682956671680833e-01 4.363457640740614485e-01 1.988306528324507716e-01 3.389465061328404416e-01 3.821247191903936469e-01 1.401602753808725392e+05 1.068872303958629491e+05 7.790871824985476269e+04 5.169552309846536082e+04 3.505119033835171760e-01
4.170212264906535404e-01 6.964121349405060224e-01 7.784631474316761057e-01 4.025615630213077445e-01 2.593257402348704832e-01 3.757711168357069642e-01 3.802247425242156198e-01 2.356356776268520916e+05 1.692432060623522848e+05 9.225855907548096729e+04 8.126673837788072706e+04 3.186821193957836140e-01
5.521538643940301361e-01 5.891655038315390946e-01 -4.823863751593023691e-02 5.455521227138470097e-01 3.318358410830744010e-01 4.460647646509446895e-01 6.124028752628829508e-01 2.541640512062788766e+05 2.382922844297693809e+05 7.070416762019137968e+04 1.519933279555224872e+05 4.312434859103557727e-01
9.996038566126779212e-01 1.680630764450237805e-02 6.883331567016546249e-01 8.484481826603906818e-01 -3.165152164133624990e-01 4.001176992891034012e-01 6.400549882235782029e-01 1.538922103742477484e+05 1.190559093499547016e+05 8.511383538847083400e+04 1.074696434894488193e+05 3.703538372393701539e-01
8.309819047558414384e-01 5.225656835676499856e-01 4.480497539817080432e-01 6.355531962798584289e-02 3.386033528578047958e-01 3.785479731748888077e-01 5.121641677295150075e-01 1.486633290572325641e+05 1.155301934351359814e+05 8.497505959718786471e+04 7.966923506004299270e+04 3.296792071653918410e-01
3.835095406029912501e-01 5.600850527943556090e-01 3.357028781085188984e-01 4.054760202606588759e-01 2.478473163165930138e-01 3.234444946582976654e-01 3.521091804792929603e-01 1.577258780783705006e+05 1.175856308179582265e+05 7.712828691851861367e+04 3.660333335786413227e+04 3.281017866290412699e-01
3.966017077065972507e-01 6.936920514406936800e-01 3.387525744627128410e-01 7.543085244732791184e-01 2.617751176594259599e-01 3.668238471918878751e-01 3.720571587585385642e-01 2.276900295688919432e+05 1.175327086059685971e+05 1.281360139167391462e+05 8.089772352665495418e+04 3.159087747550480274e-01
6.953227844209551867e-01 5.066914421694136417e-01 4.867283746860222582e-01 4.982383579858390976e-01 2.865744844521831425e-01 3.853960372275941904e-01 4.560002751323504189e-01 1.881708074477365590e+05 1.110156080073109624e+05 1.118415260791224864e+05 1.305660642975022201e+05 5.984153692200011587e-01
3.910783310902526400e-01 6.051822553918133618e-01 4.807315850778700050e-01 4.278965191503335541e-01 2.437012513536048475e-01 3.153057454384725622e-01 4.289212954829485502e-01 1.084425801308150403e+05 1.298587007827141642e+05 7.646342997460358310e+04 5.040266797439535731e+04 3.402085923305993020e-01
3.764021813611851397e-01 6.241514165391820468e-01 5.204358155786534823e-01 1.751960123351647136e-01 2.027213682428860853e-01 -4.693980222184977041e-02 1.331900738943663787e-01 1.475045755193758814e+05 1.286132095091580268e+05 7.490336056643826305e+04 4.423530603660803172e+04 -1.701644071626076671e-02
4.219670508021682864e-01 4.557299664316101229e-01 2.421171614101486347e-01 4.738352712182964388e-01 2.773773967406922836e-01 3.508339657731472938e-01 3.877146118965864030e-01 2.577660154604687996e+05 1.592574834933547245e+05 1.095332210972563335e+05 7.716289235949091380e+04 3.279990234010272676e-01
6.265005838586273912e-01 4.298027592721056500e-01 4.539802960192640957e-01 1.596091189039206271e-01 3.082433901415568278e-01 4.068937260680497436e-01 7.592786427441664543e-01 1.519633268812407623e+05 1.178410279516803130e+05 8.536236994602551567e+04 1.005822414386134187e+05 3.201099417422921811e-01
4.702819491766587756e-01 5.362825755730038502e-01 4.780754058821544694e-01 5.416468048773195321e-01 2.522541227291364430e-01 3.415561266910179805e-01 3.235687314806811599e-01 1.516336476458136458e+05 1.108362646191115928e+05 7.699961004983502789e+04 4.228825821861741861e+04 3.197129038502792842e-01
5.938385184167516151e-01 4.999067979546327756e-01 3.950088992976663604e-01 4.228945215035138649e-01 3.194070385401129308e-01 4.337183959259749422e-01 6.041975383465043592e-01 7.747834421265986748e+04 5.406845608783556963e+04 9.423532971016343799e+04 1.231299219230183808e+05 4.319762851584245111e-01
4.954974300832494793e-01 4.606959689491011978e-01 4.972344004921828153e-01 4.360141127252176729e-01 3.211815195052478145e-01 4.214172370256553668e-01 5.931502601437347311e-01 1.542515391944693692e+05 1.136818829119460424e+05 8.893026335203873168e+04 1.101856741636988154e+05 3.616148952730871557e-01
3.163472943046718444e-01 6.601025293087957602e-01 1.885156609081959089e-01 3.448992114858174807e-01 1.898812044532271481e-01 2.953401450554541396e-01 2.919462136975239930e-01 9.636807909524944262e+04 7.944654663739993703e+04 8.001699955791988759e+04 4.262597580491182453e+04 2.468058904801573306e-01
-1.499824883597147274e-01 6.477560894641025691e-01 -4.475571459671476987e-02 6.685712252748349238e-01 3.050861106201465112e-01 3.485455843826904543e-01 2.182040610799066693e-01 2.551346076064913068e+05 2.440383601277300622e+05 6.863026027597012580e+04 8.383417596965562552e+04 3.120292084901794549e-01
4.653433201631861360e-01 6.457117976598009124e-01 6.909247498417218081e-01 3.394847059555331503e-01 6.289464125720027887e-01 4.326318144642430363e-01 5.970687025051738539e-01 1.417965190440378792e+05 1.243361063430043141e+05 7.509100474287169345e+04 3.903848087972892972e+04 2.545116304096445292e-01
4.914184013801082829e-01 5.038173277273705342e-01 5.343839414721303083e-01 3.819462446817983858e-01 3.083914842852369387e-01 4.713670445999065262e-01 5.811447971226629816e-01 6.034494364172073256e+04 4.352009183423966897e+04 9.116887376127736934e+04 9.353018924088650965e+04 3.992998603082129616e-01
3.029056715665305322e-01 6.480542037587998516e-01 2.468447641339013288e-01 7.216326947405322656e-01 2.163035864917852436e-01 3.060974308060830928e-01 2.982918253232316186e-01 7.103974716387338412e+04 5.616833977368580236e+04 8.352364331825273985e+04 4.715162313308278681e+04 2.534106632719802521e-01
4.372731032601177570e-01 6.319280299486799146e-01 2.783639860975705149e-01 4.162560417842138816e-01 1.505766731273428249e-01 2.799260856351756255e-01 4.610546299128530090e-01 1.273045433734892285e+05 1.194728722866384924e+05 8.070469510236590577e+04 6.711844803790406149e+04 3.124081572432005904e-01
5.396234785704825399e-01 4.631504255356033162e-01 4.206785966563812984e-01 4.474802988041073903e-01 3.152717578226048034e-01 4.174093351495173354e-01 6.285622858615327324e-01 2.225058092549523280e+05 1.749703104279150721e+05 8.336557574996077165e+04 1.163873386629930465e+05 3.758113874021297152e-01
4.141379472043361654e-01 7.125064770989157914e-01 7.732585561731558643e-01 5.189816740697165143e-01 2.657912335922830160e-01 3.800010839920841543e-01 3.765341661827522057e-01 2.419575841361788334e+05 1.229584156024190452e+05 1.298126776237387239e+05 8.408398768321210810e+04 3.173247814008096079e-01
2.399876266903796518e-01 6.716295859016249148e-01 2.427018315657618053e-01 3.031969904423045259e-01 2.178341309848507157e-01 6.601115358542945788e-02 2.852565253304930604e-01 1.180781596842616855e+05 1.025048223688084254e+05 7.639877973682386801e+04 4.012390737746562081e+04 2.282992868574955647e-01
5.176345892166989149e-01 6.589032495958059288e-01 7.424201595328250303e-01 4.089782212290131724e-01 2.561230260676186643e-01 3.476543009349590818e-01 3.988690061151958788e-01 2.128733720093673328e+05 1.305601660027946782e+05 1.076066878400449059e+05 9.897592810506287788e+04 5.725164040355216200e-01
4.168627959330642452e-01 5.771174868103998712e-01 4.892673186477299874e-01 4.433369926300283481e-01 2.511552224935215682e-01 3.076923155504487362e-01 4.392598824397512813e-01 1.343876810088069469e+05 1.184200789766735543e+05 7.656816285886226979e+04 6.474974646807251702e+04 2.785819090626477923e-01
3.191827279961693131e-01 4.418541539072685098e-01 4.341531007811373910e-01 4.590996440079143093e-01 2.849462879290189377e-01 3.313234148056294348e-01 3.890805251673148946e-01 1.183246145562009915e+05 1.145968366112094373e+05 8.144412658299512987e+04 4.760002641091476835e+04 4.322128639919423643e-01
7.112501721737932714e-01 3.409308060446422650e-01 4.736595723290539239e-01 3.749640193397458798e-01 2.352759960368573655e-01 3.441327172680485047e-01 4.270780791937276444e-01 6.333156961448833317e+04 5.328783569425783935e+04 7.794305751133550075e+04 7.204361485473866924e+04 5.455122741198344949e-01
6.720742814381405195e-01 2.623595005974490579e-01 2.451723259398738697e-01 1.891897300216754119e-01 1.959926707912018062e-01 2.112521734123256334e-01 2.609686502589532719e-01 5.928349768633986969e+04 5.620327270752403274e+04 6.890024194668763084e+04 1.338228009686671612e+04 2.476628982639708099e-01
3.125408421665849534e-01 6.514318072093545631e-01 3.714650378839472467e-01 7.370771869344129312e-01 2.013161781898873959e-01 2.959304876003663320e-01 2.900562495993119771e-01 1.218973196875018475e+05 1.058123977230122837e+05 7.557437568118075433e+04 4.218273152860056871e+04 2.361002119312998471e-01
5.230681219755419775e-01 4.252374945592471978e-01 3.036315089467790385e-01 3.829688868920464451e-01 2.453480143248021050e-01 3.296841209953699225e-01 3.607644639474749115e-01 1.426424143947715638e+05 1.187590310627956351e+05 7.881260676735115703e+04 6.688495558493903081e+04 2.992165640421329820e-01
3.125557589660318270e-01 6.508259690523096053e-01 1.974588877781040808e-01 7.143316008434089648e-01 2.027448978231295162e-01 2.917505082187434318e-01 2.969714373336670432e-01 1.475883816384866659e+05 1.313823691813815094e+05 7.366970317997642269e+04 4.122296147386015946e+04 2.391803641588177709e-01
3.635143624449644895e-01 6.407952619372307979e-01 5.265295103376653740e-01 4.550313980134854663e-01 5.141812795659692625e-01 5.096605002391305650e-01 3.237971008842424059e-01 1.374093507624058693e+05 1.183812094634597306e+05 7.644330760864242620e+04 3.358869436862324073e+04 2.436818110812922211e-01
4.165997819916955613e-01 3.338452255188212869e-01 4.965140331395404005e-02 2.917198522816294437e-01 3.364304970830207520e-01 3.965170971011892087e-01 6.050297982023110643e-01 1.247937214822729002e+05 1.062484573117895197e+05 7.612687101348472061e+04 1.036209505203772715e+05 3.153248042985883348e-01
-7.425965348637012138e-03 6.621074020562045526e-01 2.998693312094228847e-01 6.781777153419544790e-01 3.347452016119881746e-01 3.459075994689548295e-01 1.255569904974373208e-01 1.415610351848267601e+05 1.076601135186186293e+05 9.059763565830272273e+04 8.601822595567759709e+04 5.147552791926156557e-01
3.478720491685284300e-01 5.497810136977833162e-01 4.121615253724124073e-01 4.397905079475637469e-01 3.063196387062571691e-01 3.279744228734163269e-01 3.028277970218579696e-01 1.372042822568833944e+05 1.066891489034905098e+05 8.544207781079653068e+04 4.849910825486188696e+04 3.873240746357444753e-01
3.949039959726839966e-01 5.675230811137956799e-01 5.313973648512828607e-01 5.121679101165150794e-01 1.892656066985541341e-01 2.947225915938634921e-01 4.467721933335465634e-01 1.340527333697981085e+05 1.463642690660191001e+05 8.053977699849905912e+04 5.560265236476124846e+04 2.496560760541803592e-01
7.605213689762300167e-01 4.068241660737076382e-01 3.762534400603956275e-01 1.784804600011041520e-01 2.829056324860989013e-01 3.072467073693714301e-01 3.685271821250291624e-01 1.175828111080802773e+05 9.897288913138204953e+04 7.794306608432003122e+04 3.774511309328142670e+04 3.343823375777762452e-01
5.654929002533741755e-01 5.156767941951656553e-01 4.818888565181244088e-01 4.835011500750185376e-01 4.469691259755610435e-01 5.408324783572613370e-01 6.258331301952094750e-01 1.902142565115756297e+05 1.436573876097627217e+05 8.733353559609677177e+04 1.185485922480915906e+05 3.971892881850084822e-01
4.045163563591988032e-01 6.701509943862178353e-01 4.474211244071421012e-01 6.294580099119866379e-01 2.230450171954946048e-01 3.174306476474249017e-01 3.689164930082785010e-01 2.297421053111244983e+05 1.337144707843096112e+05 1.140315144730031461e+05 7.394621389954534243e+04 5.604878201952964156e-01
3.249822602387727466e-01 6.459804536281308351e-01 7.485765294487167765e-01 3.044835886920338464e-01 2.006351657740051420e-01 3.046402681530382406e-01 3.010997126138371116e-01 7.095661530825833324e+04 5.641234038923678600e+04 8.278976343085682311e+04 4.546093305361823150e+04 2.529144368035501356e-01
3.863751649614757810e-01 5.291041554220035081e-01 5.372520263446455280e-01 3.398508382369304082e-01 2.743560619127291544e-01 3.311696087041949843e-01 3.100707244085303405e-01 1.558989478779955534e+05 1.457359071411027107e+05 6.926579488161370682e+04 2.214233975302271137e+05 2.801456454014323305e-01
4.091035930259699360e-01 5.599211806904902389e-01 5.928840391802477905e-01 3.653273096175035928e-01 1.634143953235465685e-01 3.183285456464652330e-01 4.108119108329503222e-01 1.321851837758657348e+05 1.198604044097727310e+05 7.541605610137031181e+04 4.895933440620907641e+04 2.745151327234790495e-01
4.157428724589002922e-01 6.228175647886121657e-01 3.330174441183052503e-01 5.387046204812772077e-01 2.071975235770370516e-01 2.724530138278717928e-01 3.436333805243070305e-01 1.542577479895774450e+05 1.236729165391941497e+05 8.210610830612960854e+04 7.028344089505556622e+04 5.755836813777647221e-01
7.742762023084841516e-01 2.972382444090568843e-01 4.922194764269544609e-01 1.070202133870290645e-01 2.358546896418685923e-01 3.203311425245914390e-01 4.175182760865001064e-01 7.569007528194139013e+04 6.417469715401782742e+04 7.747880379488600011e+04 7.895113997107234900e+04 5.544959534996111161e-01
5.455556593114458952e-01 6.534396674768002677e-01 -4.031233915930858280e-02 5.734717208286316259e-01 1.114000952712317499e-01 2.921138819083390348e-01 6.631048717421008654e-01 1.617358709593034582e+05 1.036856580270645791e+05 1.020444648757346877e+05 5.950488498484669253e+04 5.705433120283782689e-01
7.117637585331851868e-01 6.076146286813530750e-01 5.387747584561286551e-01 6.331609233900905576e-01 4.229287234876613066e-01 5.324611638887224441e-01 6.331776975764280557e-01 2.617371290784110024e+05 2.276202075685918098e+05 7.645341545918439806e+04 1.905891337440159405e+05 6.038074205766826852e-01
3.184356438877945505e-01 7.007716293915895456e-01 -8.628973851478369261e-02 3.414052395313229571e-01 1.898683237257061118e-01 3.004662365425430082e-01 3.070942290164875854e-01 1.327675361725766852e+05 1.154798436664836918e+05 7.558482744495531369e+04 4.558409015398062911e+04 2.486964050744599752e-01
6.450325800560341438e-01 5.438843892987682560e-01 5.180694208087840424e-01 4.922274866203736332e-01 3.731900198766760490e-01 4.563151620063490288e-01 6.250167510707135277e-01 2.620993368748514040e+05 2.371278489559850714e+05 7.289426316843736276e+04 1.681022974984994507e+05 4.449639280994081014e-01
3.117511336296853730e-01 6.656434990836186394e-01 -4.476479844664038588e-02 3.194645012906285331e-01 7.878420613689908203e-01 3.139929770319171976e-01 2.489358612635763912e-01 1.219934939748319302e+05 1.077726907461062656e+05 7.453475729433960805e+04 3.966427706883676001e+04 1.881978355330371777e-01
2.724822070704579491e-01 6.655226778510135999e-01 3.203755048130534355e-01 4.930543983371699079e-01 2.488540209169213535e-01 3.133356180153776815e-01 3.208256996878545153e-01 1.640580497841060569e+05 1.465571399883742561e+05 7.349312203885502822e+04 2.367307945074548115e+04 2.624999333894291187e-01
4.802081420824572677e-01 5.972187845626373282e-01 3.723394903376842646e-01 4.393168547387443224e-01 2.494017359311945237e-01 2.779325601202554674e-01 3.808407824151829324e-01 1.341309388048170949e+05 1.100407856584342226e+05 8.109756973977985035e+04 6.490445798264299810e+04 2.912482709814617210e-01
3.833521522188851338e-01 4.492767502621914932e-01 3.362554506235283514e-01 4.760679194961140448e-01 3.183267036077444545e-01 4.064051966981601649e-01 3.537599351391750857e-01 1.493591793593054172e+05 1.200613199984783278e+05 7.717622494764483417e+04 6.319281953397164034e+04 2.867233256302421651e-01
6.950405051553580904e-01 5.517224561547081629e-01 5.210925439540473603e-01 3.999339747939877343e-01 3.651603987680628882e-01 3.816085860351549064e-01 4.642289128670011866e-01 1.285575025538613845e+05 9.915571169885147538e+04 8.499106037235551048e+04 9.163740913223270036e+04 3.302536771332598153e-01
2.529072081879883416e-01 3.070794113556257199e-01 -5.497385857163958334e-02 2.575833576911996103e-01 2.422364015362232226e-01 2.989199948110384808e-01 8.824084775362647792e-02 1.319641800695001730e+05 1.248509631646146299e+05 6.874674816521881439e+04 3.800353768570999091e+04 3.115546389159206120e-01
3.361100694347779472e-01 4.433177524445282569e-01 2.650014014006899510e-01 3.321121014584423325e-01 2.159185468298287225e-01 2.875311588576147659e-01 3.205035355440363776e-01 1.668407400804719946e+05 1.536839335762603441e+05 7.123253211677935906e+04 4.458691215940913389e+04 2.461450396261515572e-01
1.502870727303082243e-01 6.379083544045818233e-01 7.373837783478356389e-01 2.276047212998414671e-01 1.472401459508239918e-01 2.994222112678461278e-01 -4.034551063831916945e-02 1.417256015135093767e+05 1.215399540305223636e+05 7.682369132026980515e+04 4.561774141249856621e+04 4.257076880680056297e-01
3.311943429601102995e-01 6.518436845709643102e-01 7.511022217092674369e-01 3.230394588446962034e-01 1.991373890793885215e-01 3.169784310604504274e-01 3.035070247526022169e-01 1.051962751891879307e+05 8.844923890961516008e+04 7.797192276025784668e+04 4.442198404651919554e+04 2.468540797556908473e-01
3.932708106268800741e-01 3.886825383101508158e-01 3.574757495944168584e-01 4.457134181687383845e-01 2.266836462991873025e-01 3.194515306342188832e-01 3.863243720348005783e-01 1.160436360407392931e+05 1.281134525826715253e+05 7.279146020161364868e+04 7.751599586552282562e+04 3.497060061363403416e-01
4.876709935699133913e-01 4.597507101081628744e-01 5.059376011778767834e-01 4.300805770232289937e-01 3.165708047281651782e-01 4.098224539822908352e-01 5.920654981388875360e-01 1.809866603388458025e+05 1.417147555439946300e+05 8.371582723476136744e+04 1.047910665891241806e+05 3.549560404810040981e-01
8.079278707796223591e-01 6.617257692856260975e-01 6.676039047838406848e-01 5.522976361219074093e-01 7.631728927007962460e-01 3.497176371503423753e-01 5.751104966772555560e-01 2.563734205179272976e+05 2.335478160705161863e+05 7.204956187793101708e+04 6.990953389490886184e+04 2.883775253782787651e-01
3.283362641738898913e-01 3.881364743799893269e-01 1.847616192487567810e-01 3.736660868609462116e-01 2.155987170249724083e-01 2.693451939804373807e-01 3.099703567324080811e-01 1.129799542347624374e+05 9.480188075722221402e+04 7.822176253877626732e+04 3.920509036218304391e+04 2.523241003420471085e-01
4.146009195202777220e-01 6.279951419977750637e-01 5.636382402431443506e-01 4.316112043050697733e-01 1.896979352604338254e-01 2.751165662128610134e-01 3.606719350522517020e-01 9.049529605593672022e+04 9.929500104591550189e+04 7.507722099555944442e+04 6.524418822692843241e+04 2.801145286314957739e-01
4.007667659273678740e-01 5.285861404180924872e-01 2.921472807146082151e-01 3.766389542790735678e-01 2.773255188171899754e-01 3.060653964834017526e-01 4.177238299075495820e-01 1.579963850558238337e+05 1.221050933117713721e+05 7.527798568483174313e+04 5.535439750905099936e+04 3.342805494362960927e-01
5.114367851282808353e-01 4.528855639782504161e-01 2.844279068491334383e-01 4.253189539058168656e-01 2.370492445741603504e-01 3.898152985227320011e-01 5.442403651082627913e-01 1.434162080495810369e+05 1.089947746455033630e+05 8.642818910879692703e+04 1.077965765950999048e+05 3.475911951501484687e-01
3.331228749150031421e-01 5.796646379049185116e-01 4.394900379714650196e-01 4.052724394929063667e-01 3.121787385585503283e-01 2.954644532355264475e-01 3.575780320897141151e-01 1.578610557219699840e+05 1.220272436065775400e+05 7.803916094379447168e+04 5.657218635188042390e+04 2.563421604154118572e-01
7.169984183866149330e-01 3.080721868398874075e-01 3.156503718113569112e-01 3.863006642144682923e-01 1.836449433386562469e-01 3.247224275418074679e-01 3.885665163887751516e-01 7.234048900751020119e+04 4.669656254690959759e+04 1.029893763218031672e+05 6.495785885113614495e+04 4.613198388832552843e-01
3.247840064802146043e-01 3.915474305729707560e-01 2.787735142546009515e-01 5.275464025324090311e-01 2.470683700648100278e-01 1.436856147840352704e-02 1.815288838850302733e-01 1.230635440103864239e+05 1.085809374779154168e+05 7.608618650803534547e+04 5.205460660077507782e+04 -3.162060037078854441e-02
6.944158434376755951e-01 6.356172679472098519e-01 2.340636037952626147e-01 6.840977186614235483e-01 5.589358083720212811e-01 2.982674299701976173e-01 3.932278779630677956e-01 1.411396259791810007e+05 1.246596267983108701e+05 7.437947556046495447e+04 3.701207082155993703e+04 2.036087870412905954e-01
2.964718143864518152e-01 6.528289852226695222e-01 7.369104788454052812e-01 3.048497405807611416e-01 1.835990763206072629e-01 2.883117821264495895e-01 2.991730816581947838e-01 1.571312930485352990e+05 1.411989575707364129e+05 7.295134068391082110e+04 3.878868786964663013e+04 2.355854965493726916e-01
3.855212346931056744e-01 5.939314357595684157e-01 5.795887125459519007e-01 3.961595569545877105e-01 1.851658644938988241e-01 3.245800892424103301e-01 4.511246203594583837e-01 1.292988927091685182e+05 1.345322859592828027e+05 7.590714443419587042e+04 8.798461506125838787e+04 2.923689023803314191e-01
5.489303705691425117e-01 4.862172950282219186e-01 4.419889618988500635e-01 5.035118905875719530e-01 4.583109622222136248e-01 6.046160756429855843e-01 4.934860725242233292e-01 1.480741713986554241e+05 1.044485190717699443e+05 9.135059423475227959e+04 1.410213161485130549e+05 4.608112242134385084e-01
5.721024961630682970e-01 4.666822686520895602e-01 3.862845675381570976e-01 4.436653337961032895e-01 3.208176946424201037e-01 4.282255294170818627e-01 6.126461055574529135e-01 1.735467047128161357e+05 1.307351100056149589e+05 8.704974169738222554e+04 1.283220594593452115e+05 3.818722904476534730e-01
4.596613116533074805e-01 5.764007982236791783e-01 3.942282118252261602e-01 4.364938535012134468e-01 2.104425223519848787e-01 3.643054057749430807e-01 4.931605899049509856e-01 1.469483509557642392e+05 9.883369037680121255e+04 7.803497925292275613e+04 3.964965298604455893e+04 1.955530051746363907e-01
5.755472666950801619e-01 4.350065512434087567e-01 4.918360599830732260e-01 3.823503894546582682e-01 2.966387869580603409e-01 4.146841738746200323e-01 7.201641825527238527e-01 1.551149352269455558e+05 1.226322541375282599e+05 8.303618094045828911e+04 1.087980327456364903e+05 3.359842124415349796e-01
5.962802793327466322e-01 5.624688493995109173e-01 3.262444077660995312e-01 2.772733951348017034e-01 2.899025559002043617e-01 2.758686810934141698e-01 4.670590156602096865e-01 1.689797058447961463e+05 1.493115642055759090e+05 7.411235846521897474e+04 3.961854813369330077e+04 2.413748390400028421e-01
4.916531914793172420e-01 4.835018632623141466e-01 4.860528590362764856e-01 4.240295955374366321e-01 3.322345730809916908e-01 4.251705447162184570e-01 5.867787636371156745e-01 1.046413454903399252e+05 7.413397000744707475e+04 9.233150855840535951e+04 1.150508685004419822e+05 3.545790067186420647e-01
4.221537978906494959e-01 5.580515783675463748e-01 4.347155958955471466e-01 4.529083663239937829e-01 3.331490610828870547e-01 2.564246622930311248e-01 4.465947363752062471e-01 1.483191032330070157e+05 1.124317894716359879e+05 7.497769790124744759e+04 7.428216651491972152e+04 3.069538349689315826e-01
3.915927176135831078e-01 6.596957489217502024e-01 3.580303752793447258e-01 7.493030774280299289e-01 2.490596880256140122e-01 3.538705913759507271e-01 3.721931837964524981e-01 1.469702913986055355e+05 1.265323452841698600e+05 7.662767748252164165e+04 1.373074436728884175e+05 3.104380134390720691e-01
4.825120788507150649e-01 4.948174332040772838e-01 4.652913152949554321e-01 4.046382681779868151e-01 3.322682535095852763e-01 4.097415484318164269e-01 5.453842883737547442e-01 1.312858016154901707e+05 1.043277804770543007e+05 8.260862653399836563e+04 1.004072895792764466e+05 3.340300556726708003e-01
5.748786370787758448e-01 5.776596985978775800e-01 5.325459377607208999e-01 4.720702922877776375e-01 3.198262992771398472e-01 3.999505552525311480e-01 5.146412476389522483e-01 1.629048394022054563e+05 8.867806451804308745e+04 1.201597391595999361e+05 1.114476292526139150e+05 4.776001647634540159e-01
4.027661415693452596e-01 4.820873279710404802e-01 7.078887813755859737e-01 3.913523811053722934e-01 2.969021022857066261e-01 3.403547491896082300e-01 3.851893119558014167e-01 1.587556424057890545e+05 1.293881515566193120e+05 8.057268649829678179e+04 6.941595111675962107e+04 3.021771230207300207e-01
3.752822069342546252e-01 4.439043725170309096e-01 4.235117683672375843e-01 4.831606251637239335e-01 2.262451658065474103e-01 3.051900536709681866e-01 4.352923838591771233e-01 1.244341553447472543e+05 1.203048918902515434e+05 7.500870334414248646e+04 6.723562092084888718e+04 3.156967263034378690e-01
4.859556465793694047e-01 7.509285022661547071e-01 2.585890636935266884e-01 4.599178247963820465e-01 1.664108512377244498e-01 2.730986111643740055e-01 5.054699136805798076e-01 1.273295114241473493e+05 1.030680361038281699e+05 7.387694926710019354e+04 6.279761809477226780e+04 3.074831251842853885e-01
4.910949933096308007e-01 5.302556167253752450e-01 5.075914584327294587e-01 5.024008900417868961e-01 2.474191990138092101e-01 5.306115640878444895e-01 4.916076021241384542e-01 1.342008908528363972e+05 1.134979901913862996e+05 7.729373234777105972e+04 4.331517339299216837e+04 5.052941528049728070e-01
5.834071988166830147e-01 6.716982484473760229e-01 4.863717348846113842e-01 7.290278454434908628e-01 3.608833927347944170e-01 4.439682558320737216e-01 5.886764657053979999e-01 2.618859803237692686e+05 1.917531987182794255e+05 9.300950277675270627e+04 1.467924940303576877e+05 3.933494446932599420e-01
4.155686341461092281e-01 5.078659065799989714e-01 3.939635556852698062e-01 3.822793631901549860e-01 2.888533663415511765e-01 3.366074914931963535e-01 3.694986215559821763e-01 1.263345513843112567e+05 1.250367891508722532e+05 8.058207602082082303e+04 5.326962842804366664e+04 3.368389943946429876e-01
3.807146540552306946e-01 5.358766840503240703e-01 3.927457329154858678e-01 4.658615789383936945e-01 2.026324062153128103e-01 3.449597838469899980e-01 4.074847246561204561e-01 1.246161719870924135e+05 1.164372899862372142e+05 7.769678616288675403e+04 6.633920134411941399e+04 3.438461219478668451e-01
5.823317894594979283e-01 5.009009864152010882e-01 4.066727045036443999e-01 3.479991422728095918e-01 2.913218207097422185e-01 3.401882128667377825e-01 4.690596595206694142e-01 9.915203570768614009e+04 8.508407017670945788e+04 7.652126216059186845e+04 6.163747875937208300e+04 2.762556441080564751e-01
4.207742005184623713e-01 5.855356386413363978e-01 4.629053444898342806e-01 4.794379354264139970e-01 1.986372934690934511e-01 3.341113031109538278e-01 3.534201864768482526e-01 1.253944123110465298e+05 1.128280339359945210e+05 7.763104511631195783e+04 9.231632666440500179e+04 3.240264695171065079e-01
4.964788664049367140e-01 5.902565230868304091e-01 4.698408733363569900e-01 4.014936247667943992e-01 1.941776248649873526e-01 2.967724964989147951e-01 4.612254736205689820e-01 1.194508749361657538e+05 1.115647388875542238e+05 7.548815036117094860e+04 5.892685236934280692e+04 3.042820361338565149e-01
3.879423958290999508e-01 5.030788830245409571e-01 4.270033243779017273e-01 4.900576319391357072e-01 2.389338091495089578e-01 3.310278500703324744e-01 3.869240512955496869e-01 1.408306421902157890e+05 1.313092432759250223e+05 8.040081306672909705e+04 6.467239581952706067e+04 3.274413986413797772e-01
3.502743879364394464e-01 4.951009071636506276e-01 4.288076442804236721e-01 4.307450183387668274e-01 3.116157226237835642e-01 3.997131617811340298e-01 4.118454704438018754e-01 1.598321224746536172e+05 1.250755744333757902e+05 8.396315268016878690e+04 1.101968731926693581e+05 3.610584073205396205e-01
4.071313458054918177e-01 5.383310901273236082e-01 5.433522221696246435e-01 4.363752684604385035e-01 2.879537904226519007e-01 2.883726923201157533e-01 3.454299303321818337e-01 1.792683176242655027e+05 1.058234340733913268e+05 7.951656416302022990e+04 7.098393074386230728e+04 3.017895640154181769e-01
7.939834831585619312e-01 3.532273778809942311e-01 3.197736128293007241e-01 1.834892527438366783e-01 2.663982247857723529e-01 3.322422711464101952e-01 4.218247946750106059e-01 5.380144647505525791e+04 4.299635569714582380e+04 8.199891740073081746e+04 6.413185227137063339e+04 5.439285835907091693e-01
3.755188799904242147e-01 5.255461480293842635e-01 3.448756728763245349e-01 5.190548504681921083e-01 1.713550030917341260e-01 3.380078518974077850e-01 4.149361294578922110e-01 1.823449564962923178e+05 8.063851115279275109e+04 7.546453510875075881e+04 6.825064752553009021e+04 3.955122438055987399e-01
-1.328349723094657542e-01 9.817248506727622726e-01 8.654641643489209279e-01 4.027102912472024232e-01 8.073466804758369086e-01 9.333957143634986631e-01 4.184083247228820301e-01 1.104698811585563963e+05 9.007307638665313425e+04 7.804889869083609665e+04 5.574848391768857255e+04 3.477409650263195706e-01
4.254400059678886126e-01 5.476594960578435867e-01 4.097766051632592554e-01 3.654803117890026432e-01 2.678494406302405761e-01 3.162019456895759917e-01 3.591705766146159884e-01 1.555277160723733250e+05 1.133853462065344502e+05 7.688729205345713126e+04 5.407592768871923181e+04 3.474372981438462737e-01
4.825018328409974577e-01 3.443647834142962716e-01 3.221227116396844781e-01 3.399784544508538398e-01 1.992696069054729069e-01 2.511601624956566470e-01 3.339737451928654344e-01 7.698046468325358001e+04 6.541951249377414933e+04 7.706604662053650827e+04 5.940988751854527072e+04 5.538424118473475044e-01
3.268317083556426250e-01 5.845684021454338186e-01 6.919825866593307673e-01 2.427155654375569571e-01 1.729802588982881084e-01 1.894395986204885085e-01 2.436351051198924755e-01 7.592940982545734732e+04 6.867110436948138522e+04 7.241699226755856944e+04 2.959535701740260629e+04 5.158071412966617197e-01
9.526813192550371845e-01 -2.777076462608476515e-01 7.365259139432588364e-01 9.098676960356464338e-01 -4.161864049919545283e-01 4.319685528317319112e-01 7.843860975291697679e-01 2.445576090588159568e+05 2.445077297699869087e+05 6.827906603765150066e+04 1.463957580136634642e+05 3.879968084801279637e-01
3.712908150981809041e-01 5.724558897146201364e-01 2.144614243179543966e-01 5.141004043133233781e-01 1.678115883674943798e-01 1.954606756133049905e-01 2.609077158543225972e-01 7.093564470651793818e+04 6.334128077351405955e+04 7.327367455065928516e+04 3.429813934171562869e+04 5.282306014489963619e-01
2.955558626076222328e-01 6.423284100801620600e-01 1.920274635168107147e-01 6.992603632634500910e-01 1.891689362126972584e-01 1.705715275227360495e-01 2.053560390165901639e-01 1.261047749633080530e+05 1.117347756784100638e+05 7.423904558981339505e+04 3.747239477668120526e+04 2.036469993969061976e-01
4.314912720939440560e-01 5.342954372488787351e-01 4.631123926820272518e-01 4.300244609239857185e-01 2.356895934412635285e-01 2.967531356140118426e-01 3.162374157269851604e-01 1.515218416072481195e+05 1.101186846972172207e+05 7.764413559590578370e+04 6.981592202589707449e+04 3.147918041226397956e-01
4.561345613945620436e-01 5.116843517920849349e-01 3.685384406344813790e-01 3.835839032358426826e-01 1.269200596186040586e-01 3.630269501702380608e-01 1.976110142248494461e-01 1.435736528050935594e+05 1.009551817813944217e+05 8.035535099498278578e+04 3.785240219418083871e+04 2.701798626405094716e-01
6.357038074089352842e-01 2.655059898551827557e-01 4.776163170476818709e-01 3.915716453538967690e-01 2.050469589865126785e-01 3.248618915518384220e-01 4.145334516794712543e-01 1.143617257477608073e+05 9.797976921843824675e+04 7.658626608902700536e+04 9.672594586619536858e+04 5.856880554348841139e-01
4.501301476827972436e-01 5.302909098953452194e-01 5.021647945307312622e-01 1.954185103769870147e-01 3.468528709652196063e-01 3.281028710604390608e-01 3.769007452449940065e-01 1.138496209714289726e+05 1.366130374510673864e+05 7.397636117990341154e+04 6.121262578456954361e+04 4.385532172542830898e-01
3.106336590968886147e-01 6.038864300694171128e-01 7.235491644397252786e-01 2.446710284933762969e-01 1.740555257726018878e-01 2.230734305130510076e-01 3.062722273024174324e-01 1.326847963590383588e+05 1.182396604281946202e+05 7.402194284077934572e+04 5.689524751434288191e+04 5.343486763776554849e-01
3.553074384672495478e-01 5.262908538030541816e-01 5.301603280967832621e-01 4.758364710330035274e-01 1.953931588649464868e-01 3.184702346436082965e-01 4.350252374632230246e-01 1.475481488994550018e+05 1.080573843496223562e+05 7.898932892360370897e+04 8.456740382769289135e+04 3.176930363771457988e-01
3.131155640373795013e-01 4.001192879865259622e-01 2.715985167874712669e-01 1.623657625319987474e-01 1.776940421307566798e-01 1.041322761146522002e-01 5.815917089691219344e-01 7.538387252484975033e+04 6.873678087562884321e+04 7.234322217107190227e+04 1.867273767889664668e+04 5.035391116971134062e-01
5.511701460367350869e-01 6.436126543926441457e-01 3.891691566294042670e-01 6.984820512152848382e-01 2.328755991550225390e-01 2.974041346496946181e-01 3.177463280811905211e-01 1.387716130473274097e+05 1.167551161073778785e+05 7.819796406946936622e+04 4.223795934773874615e+04 3.067061051192974674e-01
5.004493027193466226e-01 6.616312280440358462e-01 7.472144940151359549e-01 3.372590029108198939e-01 2.228592283739745106e-01 3.366064651725699242e-01 3.473524498951357509e-01 1.417646344545868924e+05 1.139473894169375126e+05 8.182166708156181267e+04 5.633554094982399693e+04 3.564830478862366370e-01
5.343315078405062035e-01 4.842467292472311668e-01 3.443317603766352653e-01 4.065158091533785378e-01 1.450045591535054357e-01 2.991796440381415678e-01 5.218506384958083721e-01 1.314680067503118189e+05 9.164734200521546882e+04 7.968928536000303575e+04 9.230800356169011502e+04 3.280295262933357048e-01
3.969137361879294668e-01 6.095476182972674462e-01 5.101625336993457216e-01 2.032174801881564130e-01 2.793176128910351830e-01 3.080919954520539017e-01 3.234410367264664576e-01 9.842023952222373919e+04 1.320617036530689220e+05 7.244891402836772613e+04 3.687494696580508025e+04 3.420117515245859052e-01
5.485738585534997158e-01 6.056405548985266396e-01 5.488295493510780831e-01 5.507017062427305154e-01 2.139069277738158137e-01 2.727779535954000800e-01 3.757048862054417349e-01 1.493725509385968617e+05 1.087202879356151243e+05 7.349940791574212199e+04 7.232842929213316529e+04 3.365660364438983199e-01
4.073343089855030463e-01 7.002616462410595766e-01 4.503445726332506727e-01 7.124143602029807676e-01 2.623959012120978818e-01 3.736973907711035325e-01 3.815841436943721021e-01 2.613317198149568576e+05 1.516434447847377742e+05 1.140613763757027627e+05 8.120680959559771873e+04 3.238942830742251311e-01
6.526707192588524498e-01 3.236471393871173663e-01 4.871790834004727233e-01 4.282541452040783958e-01 2.254241001645426457e-01 3.476301647709874598e-01 4.374110199080551986e-01 1.061168707209836139e+05 7.900517945561087981e+04 8.844587941780762048e+04 1.056646914795015618e+05 6.004026922395849786e-01
3.985931080713625563e-01 5.426026059421493741e-01 5.216891444074031048e-01 5.331175347280434629e-01 1.434079484103649438e-01 2.997857333758410792e-01 3.024273897309177062e-01 1.319115401339274831e+05 1.176588817675535975e+05 7.189414827417317429e+04 5.684202072894512821e+04 3.261026943629821706e-01
3.647837832380539380e-01 5.571412916050563213e-01 5.109521057948814837e-01 3.808541933134397262e-01 2.736360562312974976e-01 3.094538540211495548e-01 3.201675954296551163e-01 1.514901018385196221e+05 1.184893979047742177e+05 7.923940052189277776e+04 4.891118883886138792e+04 2.863573032445558830e-01
5.387709502952702234e-01 6.487390373817761846e-01 5.031685973527488809e-01 4.775316983039313845e-01 2.082233927569251408e-01 3.088386581524008578e-01 2.645718058027526909e-01 1.218122879734368180e+05 8.717351739576294494e+04 7.933336288800660986e+04 9.650365205897517444e+04 4.377503994055214620e-01
7.797283376923281883e-01 5.890893153105446478e-01 3.888634649420281142e-01 3.023624847292631923e-01 4.985272254087927957e-01 6.869054625309692907e-01 6.007328254792431155e-01 2.572562761736072716e+05 2.317850766139091284e+05 7.574628959060575289e+04 2.122490116594232386e+05 5.064773128882552600e-01
5.132474576632416463e-01 3.346488853539878461e-01 2.920869127811971389e-01 2.440312141551765623e-01 1.942590356743380542e-01 2.349831263999618003e-01 3.400517294057684992e-01 1.456097585249334807e+05 1.302449731650389585e+05 7.315214891818679462e+04 6.522987859049041435e+04 5.028059719693785956e-01
3.828808631848058530e-01 5.846582898470010781e-01 6.062191236359188995e-01 4.818408324424223177e-01 2.593759540244179873e-01 3.020885057266347040e-01 3.220455726125958651e-01 1.927274748739385977e+05 1.262915495597544941e+05 7.836650641016782902e+04 3.657769107503005944e+04 3.295845286304639465e-01
3.895249086877732303e-01 5.087328232710095488e-01 4.521069915043833820e-01 4.106177463358525737e-01 2.161934788001492191e-01 3.628164562266645854e-01 4.609126748996718037e-01 1.364887156822377001e+05 1.286832864077338891e+05 8.161164995297104178e+04 6.387047160612935113e+04 4.208948338073247308e-01
3.382264025115471195e-01 4.963580655924497154e-01 4.086996286728831751e-01 3.864158493008406636e-01 2.493014845471839269e-01 3.215570492679968861e-01 3.335650785409531305e-01 1.487287169796150702e+05 9.143044339200390095e+04 7.846181073371089587e+04 6.351824992636931711e+04 2.369567477958377522e-01
5.200752223151260401e-01 5.887641218007586552e-01 4.744788576385243206e-01 3.507098468341601216e-01 2.399873176678068987e-01 2.396601600182733105e-01 3.234078148573353850e-01 1.169983626610374486e+05 8.728679349605539755e+04 7.597859699767256097e+04 5.099307702667462581e+04 2.908730644805630483e-01
3.625905687116217080e-01 5.657721514749520786e-01 4.332142301673963525e-01 3.793682336735734184e-01 2.548628440682871865e-01 3.551528342294634766e-01 4.638901757835660056e-01 1.329335095291762264e+05 1.285439079535385390e+05 7.989218438315286767e+04 5.305610546471853741e+04 3.894336610960817957e-01
4.796222137170780275e-01 5.654843556439446139e-01 3.820550041035280509e-01 3.954201287695433553e-01 1.846773235784036626e-01 3.298012036348249021e-01 3.718995068120874992e-01 1.513810359172844619e+05 9.584414869501256908e+04 7.861340449746789818e+04 7.336226065137817932e+04 3.287077086171089624e-01
6.471168729069017855e-01 5.017904511178806759e-01 4.265012367384287684e-01 4.677772979604323256e-01 3.447238044967949611e-01 4.449432231198621190e-01 6.225211625993908315e-01 1.888655052297178190e+05 1.437655001187284070e+05 8.596672708353745111e+04 1.525106855302396580e+05 4.627625286545087868e-01
4.174380162883516987e-01 3.626713581478150372e-01 2.360121272189040220e-01 2.615075407600558344e-01 1.775705833703545566e-01 2.109529907806667326e-01 2.666355131747635832e-01 6.794759200624737423e+04 6.290561713357140252e+04 7.068721592293729191e+04 2.938742140235646730e+04 4.991021921221998614e-01
4.096423019890026995e-01 5.641933582753061449e-01 5.241067311451308441e-01 4.173490456289391526e-01 2.794029918316438543e-01 3.708638625085922680e-01 3.862079339701328107e-01 1.297489168532176700e+05 1.260061454881043755e+05 7.850403703930722259e+04 6.450306869928676315e+04 3.201451386039177449e-01
3.517943674314785163e-01 4.776809642455105975e-01 4.182379381436633348e-01 4.205348859708639142e-01 2.265456421057953085e-01 3.347781345963896094e-01 3.535881395677204497e-01 1.224392451172659785e+05 1.252280177551735396e+05 7.747777131960232509e+04 4.245969094073854649e+04 3.704799181276602904e-01
4.177289875854959256e-01 2.948670628051073273e-01 2.311471349687292398e-01 2.226460344084707499e-01 1.630587144719142789e-01 1.926257310588868898e-01 2.315251255585770718e-01 4.300962268870984553e+04 4.186079659316413745e+04 6.732146154685903457e+04 1.181485326280746449e+04 2.993268478718085213e-01
3.617966691435961502e-01 5.199316362417607529e-01 4.611104910158537185e-01 3.196227430058470875e-01 1.672180346554190400e-01 2.779647342679488764e-01 3.775760826311996277e-01 1.205411966738210758e+05 1.281211713062306517e+05 8.239291562054002134e+04 6.572439460931193025e+04 3.347079636951926229e-01
4.468561673493601782e-01 5.765712760594400299e-01 4.948330076289966240e-01 5.017579836478613942e-01 2.247579489513830131e-01 2.819839303517079343e-01 3.939730477228412520e-01 1.031233723609313747e+05 1.170472415057229373e+05 7.671579517104016850e+04 4.296360756374835910e+04 3.447075444171477376e-01
4.203344610274097892e-01 6.715792202495376451e-01 4.130629791888021374e-01 4.303058091441243072e-01 2.856308139254477574e-01 3.230721873340122730e-01 3.654015659895757384e-01 1.431594840357925277e+05 1.168901283383527043e+05 7.499763331842400657e+04 5.903667458669209736e+04 3.609310919481105717e-01
4.899445400605218492e-01 5.866049593219893055e-01 4.998805822331536808e-01 2.627428198850211838e-01 2.411034788968680342e-01 3.341328531556330694e-01 3.160901478980906454e-01 1.455280725959461706e+05 1.265385358804303542e+05 7.869265236732945777e+04 6.027594665623773471e+04 3.417445709641561691e-01
4.253354596860146608e-01 5.640179542121381839e-01 4.075918980289688909e-01 3.243940510182747317e-01 2.705449640949638690e-01 3.614955857644018278e-01 3.585736250071097642e-01 1.540924986703539616e+05 1.096951716995907191e+05 8.027601289050767082e+04 6.460327083099087758e+04 3.159857836159608024e-01
3.378394000131104691e-01 4.429702135215028980e-01 4.187650417883023723e-01 3.880393716601536758e-01 3.068662597793134772e-01 2.995739767457302194e-01 3.152314369106607450e-01 1.327314753999054083e+05 1.324183837359679746e+05 7.940834447941969847e+04 3.785054999646811484e+04 2.705235672678957815e-01
4.982897929492566824e-01 2.743598297650469697e-01 4.766162453710369173e-01 3.929994623774820672e-01 1.940444998539729293e-01 2.672376893070964043e-01 3.895087156735468903e-01 1.638123121815431805e+05 1.406009788483042503e+05 7.649334968199281138e+04 1.010246870721582527e+05 6.057195302762327094e-01
2.658764800710383680e-01 6.029666034172889155e-01 2.231939572877911782e-01 6.073991315129982915e-01 1.751931022859211928e-01 2.403389167646201308e-01 2.375223417078835830e-01 9.815407923397055129e+04 8.971979782935086405e+04 7.203319456375655136e+04 2.502097435897683681e+04 3.692406349179232494e-01
5.409681076799081056e-01 4.599552949950952430e-01 5.887919690005142259e-01 4.630845875226364816e-01 3.357444566529338426e-01 4.240118823595835917e-01 5.643887078246200284e-01 2.275992069341572642e+05 1.738001855763643107e+05 8.603629888822163048e+04 1.086991792260363145e+05 3.839472746795052349e-01
4.184141515265316080e-01 3.833060805930547654e-01 2.065553782971933094e-01 3.406105251366719489e-01 2.218331250231549145e-01 2.824188806683007313e-01 3.125850250864664615e-01 7.703357963172619930e+04 5.964701836630352045e+04 8.487289932904885791e+04 4.394628240531832853e+04 2.619993376324736278e-01
4.629004951176213245e-01 5.256279585695958767e-01 6.508368704447938802e-01 4.600668031501962130e-01 3.093888934807679791e-01 3.506638621664059929e-01 4.596001653368929629e-01 9.264563911526481388e+04 1.058631040957051737e+05 7.613586163457688235e+04 5.265413291803042375e+04 3.431448811599125959e-01
6.666766145985374425e-01 6.155418005692063765e-01 4.955314834994724027e-01 4.414626922667249653e-01 5.423109355053875591e-01 3.928872058561093117e-01 4.772824068010992904e-01 7.700240277803753270e+04 5.241679474446354288e+04 9.731662106760684401e+04 9.522550802733421733e+04 3.490669876343705513e-01
3.889800568715688911e-01 4.590363331012039527e-01 3.639055025414689726e-01 4.219957376504561153e-01 3.117691494340038560e-01 3.506639082900230853e-01 3.651346596131505584e-01 1.419518855484608794e+05 1.212925237809579994e+05 8.025354671560971474e+04 7.760243659616893274e+04 3.846347767379805771e-01
4.325135691816826000e-01 5.989058495466764720e-01 4.845901007933763882e-01 5.065099623190176814e-01 2.543622114130243417e-01 3.725547221088476579e-01 3.879302156687149949e-01 1.540505212223553681e+05 1.036184007515490957e+05 8.353100449626694899e+04 8.240196814787540643e+04 3.585070415069092076e-01
5.632197943831539488e-01 5.857654755304118055e-01 4.553444397865766269e-01 3.982028258480904137e-01 3.806420428819264901e-01 3.825573337398857077e-01 4.867240736442433047e-01 1.711863290986974898e+05 1.454719624570129672e+05 7.717304005432709528e+04 6.901566883951290220e+04 3.039949914119364216e-01
4.292570568903570916e-01 6.555691131345006140e-01 5.425227035223801897e-01 3.887195734448474216e-01 1.983959292799676588e-01 3.755173751588184450e-01 4.477336221435515018e-01 1.528202421465327498e+05 9.817249335793672071e+04 7.723092054080785601e+04 7.181733986222709063e+04 3.523910593449420259e-01
3.547541924445496431e-01 5.342197597113915730e-01 4.425351021429301812e-01 4.142942774994432531e-01 1.944164103926402654e-01 3.152008821066037969e-01 3.569396266243902160e-01 1.366172541085713892e+05 1.200377275361681677e+05 7.917533650377440790e+04 4.907927054015128670e+04 3.416832544735067256e-01
4.705367617770901401e-01 5.857857497533519586e-01 4.381374273980490064e-01 2.687886889462899886e-01 3.034409107070159539e-01 3.156408194460417205e-01 4.133522078816113110e-01 1.647204730772854236e+05 1.074654490059862437e+05 7.344920621668089007e+04 7.717141764100335422e+04 3.396209755008914311e-01
6.475768870337361705e-01 3.376646252848150564e-01 5.118886413208970643e-01 3.692464607842272373e-01 2.357090491035485069e-01 3.455012568575619447e-01 4.281337284455920544e-01 1.018412936294310202e+05 8.480061610669072252e+04 7.914718227916186152e+04 9.293190939866856206e+04 4.030362519962444878e-01
3.527110280315172708e-01 3.264690993006159059e-01 1.881394011519290643e-01 3.123579898663235710e-01 1.739332852846334765e-01 2.186306042034172059e-01 3.029525908373281728e-01 1.266317016215217445e+05 1.143350192794024915e+05 7.271614343934191857e+04 5.120846121253791353e+04 5.628971368032438249e-01
4.855209733993696153e-01 4.893783707297776897e-01 4.145192928928114195e-01 2.689880765384887185e-01 2.091487318155338671e-01 2.816785417280681103e-01 3.714640884011224387e-01 1.227211119436291192e+05 1.167555041954027838e+05 7.318004251436935738e+04 6.257868143819249963e+04 2.315857369769027119e-01
4.410339770778882174e-01 5.638357863963811001e-01 5.913034779299778387e-01 3.836353334993023445e-01 1.700255722403118952e-01 3.122784365682050867e-01 3.934462149741588810e-01 1.278307639026753168e+05 1.165372968271451391e+05 7.915376975015917560e+04 8.366438035460248648e+04 2.849637497119232865e-01
9.730853313932918969e-01 4.389898272686666991e-01 8.664144437183245451e-01 9.466732826630475106e-01 -4.631449786576581351e-01 4.646355566032626672e-01 8.117637379347051318e-01 2.520398713915377739e+05 1.207489162173632212e+05 1.369581424671525892e+05 1.882667368365543953e+05 4.717660000466967762e-01
4.802045078489751706e-01 2.428697884301797283e-01 4.530191599119464119e-01 5.899370025871913947e-01 2.518232092496611729e-01 3.331926759415458350e-01 4.701038001694868296e-01 5.065972580469003151e+04 4.631643273860022600e+04 7.091222732858285599e+04 1.213238377012439887e+05 4.036036916417377607e-01
7.073822349918796881e-01 5.772872147264593856e-01 5.345784010036234157e-01 4.039397462542002604e-01 3.678493290608050859e-01 3.752843828562095196e-01 4.698189239098423675e-01 1.921442663549555873e+05 1.590681954853381321e+05 7.933414515798461798e+04 9.055906017201801296e+04 3.283650402537105495e-01
3.427737462371364119e-01 5.812430856372745591e-01 2.038014161660054446e-01 4.602337676611449324e-01 1.657450321621111167e-01 1.966100467207629043e-01 2.827027857093504237e-01 1.233983252683768369e+05 1.119764931691958336e+05 7.232788118003273848e+04 3.852035005508547329e+04 5.496265428878039927e-01
4.853414070274844616e-01 5.615590796190966794e-01 5.800856799974090094e-01 3.896906052280260657e-01 2.879542171668794670e-01 3.252842934026107247e-01 3.941936839065431353e-01 1.208258999122112873e+05 1.061327385684523178e+05 7.893277403163420968e+04 5.131728487686386507e+04 2.714964864251633303e-01
4.183184524364849666e-01 5.876021948671424910e-01 5.650851792065200163e-01 3.533583227645278879e-01 2.491472865257833014e-01 3.020375666045773122e-01 3.812590010840285482e-01 1.406771562787290895e+05 1.185638735666515859e+05 7.397113453461602330e+04 6.087935811430043395e+04 3.114772948496030702e-01
2.193892115334822590e-01 6.420346669710529364e-01 5.503265293446911732e-01 5.535496049804256025e-01 2.514890759856428515e-01 3.193648896739474941e-01 4.600547486115874052e-01 1.246515958519528212e+05 8.012774308130423015e+04 8.032161892227550561e+04 2.458238327122779083e+04 3.635793658446989651e-01
3.190610003475261025e-01 6.972403392474736394e-01 3.614783610909974021e-01 3.359389045954654374e-01 2.067195549285648637e-01 3.091930446695281831e-01 3.133147673899095431e-01 1.275783896692092385e+05 1.101673921662225184e+05 7.616146072506898781e+04 4.488000650805640907e+04 2.572981756691385402e-01
4.983718481415227997e-01 3.633156739504437849e-01 3.891915694097830558e-01 4.025122187235219418e-01 2.177396408403056705e-01 3.206288482332619316e-01 3.923069805465067561e-01 1.693448189975308196e+05 1.470533948070812912e+05 7.565978764215459523e+04 9.168736862115727854e+04 4.432602204090674847e-01
2.828318714019595892e-01 5.798249511002642187e-01 5.110067235509705430e-01 3.976539580499598991e-01 3.610390506802531041e-01 3.657053902839099702e-01 3.438574832536659964e-01 1.219262438428075839e+05 1.115800201940078259e+05 8.605323837623506552e+04 5.667546379407944914e+04 3.333744901661993554e-01
3.944971431434444176e-01 5.626801760781636741e-01 4.288037186050218663e-01 3.455647514691443933e-01 2.773370829662875070e-01 3.057408601699841966e-01 2.438615351399159303e-01 1.090763820339493250e+05 1.257555247886573488e+05 7.786844067566936428e+04 6.807612291902229481e+04 3.415178824168421112e-01
5.956940231449854295e-01 4.439335433556746424e-01 4.204636638445894414e-01 2.850258454134697028e-01 1.172525639312012452e-01 2.484603009782408445e-01 3.662079224609943173e-01 9.252930368411891686e+04 1.139859581950702559e+05 7.077580351805525424e+04 4.107369192629893951e+04 3.739342952895323702e-01
4.822181163966783313e-01 5.197824805723341157e-01 4.966157193810035175e-01 5.727758642919377197e-01 2.523457721937406584e-01 2.669628490894972450e-01 2.588090449845227292e-01 1.217321198209293361e+05 1.029634847686677822e+05 8.291948392765400058e+04 3.084741917613384794e+04 2.989117796161774310e-01
4.640146255588700752e-01 5.127712246725519840e-01 3.551735939843854162e-01 3.892368007077764425e-01 2.226715083942744644e-01 3.463421235955118638e-01 3.799164500472331785e-01 1.295382450842823455e+05 1.102814451447740139e+05 8.025867185760823486e+04 3.167461808326239770e+04 3.355750935960998826e-01
7.347275658895553452e-01 3.603299472824951777e-01 3.287692160928309404e-01 3.481870270697433600e-01 2.747635029705405296e-01 3.002482359427086633e-01 3.710185867726146780e-01 1.082921648397126119e+05 9.413198456644633552e+04 7.513437894136006071e+04 2.907138168029239023e+04 3.529934992570111785e-01
5.246943786698857748e-01 4.732026417111634964e-01 4.080287847000454993e-01 3.792093604485492486e-01 2.844473725298226063e-01 3.891636372070509942e-01 6.072487008479963144e-01 6.524456148844454583e+04 5.132143239433215058e+04 8.385469339948496781e+04 8.000599657338373072e+04 5.477081488406629894e-01
4.126912069145738382e-01 6.924854342542721142e-01 5.263429919637127030e-01 6.103774330459761366e-01 2.616194345581767666e-01 3.583436881796437379e-01 3.878339152239098642e-01 2.615547934294402949e+05 2.370214026206189010e+05 7.280145026462891838e+04 8.734001681465303409e+04 4.103375065599349503e-01
5.135705362432981813e-01 5.444931047593898343e-01 6.307385875535935771e-01 3.486277290706099041e-01 1.553672911949873503e-01 3.500301235036057945e-01 3.578949656904926724e-01 1.731449962258820597e+05 1.472278635427168338e+05 7.423020290153684618e+04 6.356328844829985610e+04 2.080108154118874841e-01
5.211651502351285492e-01 4.852554922324383013e-01 3.774769310333984662e-01 4.490415321860419806e-01 2.104867943107462391e-01 2.928523411606873128e-01 2.753380757044288640e-01 1.153666768825680920e+05 1.195967968490781059e+05 7.735936271569383098e+04 9.082703334667794115e+04 3.357190458440528769e-01
5.146574601260778259e-01 5.382933512840097912e-01 4.960719868371512020e-01 4.551254438245402878e-01 2.217722800413897410e-01 3.515155535222513339e-01 4.198620658132093397e-01 1.564019386668052175e+05 1.125471254680465208e+05 7.728978945235892024e+04 5.938874513822154404e+04 2.583189757583245205e-01
9.578568468342482101e-01 6.879940195080240795e-01 7.245536140877638642e-01 7.100877208077089886e-01 4.971989160306625188e-01 6.279348879019206464e-01 6.915212159042920526e-01 2.609662884327220963e+05 2.216393476703977212e+05 7.981570107374251529e+04 1.848301721845371649e+05 7.093940712895556722e-01
4.868358320917037241e-01 4.826148603688393823e-01 4.536031235840916054e-01 4.918630724482772609e-01 2.228791401248081394e-01 3.218846209931111035e-01 4.292177925234860192e-01 1.348149451146823412e+05 1.057891509087047743e+05 8.359267113941337448e+04 6.558995289258172852e+04 2.905037411441442896e-01
4.409320599010898567e-01 6.279317085336169058e-01 8.822304396910068958e-02 6.519975509950360903e-01 8.301749805124292170e-02 5.654799405971353554e-01 5.351968045141149988e-01 1.532371330288307508e+05 1.358273768806395819e+05 7.354434510172455339e+04 4.270756496025549131e+04 5.706769548917143275e-01
7.829350319498135091e-01 5.502404276518295667e-01 4.935659909618541064e-01 2.744552556718690695e-01 3.390265337176998073e-01 3.396497131347251952e-01 4.373355872787840770e-01 2.001043535837319796e+05 1.706688655150806298e+05 7.723098566667320847e+04 7.149761801293979806e+04 3.176469864512171393e-01
3.944592862439311731e-01 5.645347705087931933e-01 4.865523613660521218e-01 4.357404303599399231e-01 2.214449971533827000e-01 3.246549105868625218e-01 3.849783655427806428e-01 1.353910559979890240e+05 1.116871603102491208e+05 7.963467059158855409e+04 6.841118751307681669e+04 3.049366099649848949e-01
6.332806278579590220e-01 5.864994350508390131e-01 5.899798840126426747e-01 4.934913360707505192e-01 3.782134384210022460e-01 4.659078213950335612e-01 6.147847544389545282e-01 2.619848696864089870e+05 1.630618303649300069e+05 1.065399033247814368e+05 1.833963364975403238e+05 4.689190180146038389e-01
2.727328425810330859e-01 6.181499580689984175e-01 3.131584910854293136e-01 3.746584742976554749e-01 3.527793112134028908e-01 3.273827454415546012e-01 4.889334071871703213e-01 1.399385201971992210e+05 1.125030887098042440e+05 7.633474015869929281e+04 4.062722273660025530e+04 2.878015306022522202e-01
3.209771295633355170e-01 5.761799085340278959e-01 1.194307929816713493e-01 6.715192708135211408e-01 3.326314334732143330e-01 3.498174253408181666e-01 2.699087498376278038e-01 1.331321039556092874e+05 1.199635069178745471e+05 8.519784482269945147e+04 7.884021505692685605e+04 2.508717796488605933e-01
4.162109044043191819e-01 5.604113109174491125e-01 2.877882970822476238e-01 3.383384996327383210e-01 2.378735085109625058e-01 3.155588752450080303e-01 3.904681213785615723e-01 1.176512764608349971e+05 8.489129943872535659e+04 7.854658699638354301e+04 3.581265839689635322e+04 3.968136604282803126e-01
4.001531109476859638e-01 5.649315970960785416e-01 3.955032326544092869e-01 4.359961301042483139e-01 2.124549883145251949e-01 2.945534399795907698e-01 4.576105514408772001e-01 1.557286795721035160e+05 9.967176145447455929e+04 7.797377217272634152e+04 6.571444836446890258e+04 2.962799809302359977e-01
4.745684017877856431e-01 6.220247892659080957e-01 -2.431941142792858612e-01 5.436368421020325581e-01 2.375260556806352286e-01 -2.730732174691274383e-01 4.174120078614156903e-01 1.164466416848057997e+05 9.184840974884411844e+04 8.030813968136100448e+04 6.033539835816595587e+04 5.130986218888285988e-01
6.168306426260449227e-01 5.624193482243081688e-01 4.196260082966223326e-01 3.543950662547938890e-01 1.719726022889777051e-01 1.795382725701177296e-01 3.041326743267419030e-01 1.544998083512892772e+05 1.195517016055903514e+05 7.767033361209364375e+04 8.753617688287563215e+04 3.670311711520623521e-01
-1.024906641098702609e-01 6.603193148243488020e-01 3.134205405628006091e-01 3.863295559366932697e-01 1.971826747309009531e-01 3.202355793817555085e-01 1.264186388715143328e-01 1.185570779868124082e+05 1.094218979546841001e+05 7.127737944859461277e+04 4.073947329511855060e+04 2.199319812018856179e-01
4.645781215448199775e-01 5.454342351650854903e-01 5.342367500500970756e-01 4.864951839407645195e-01 3.014827434654198668e-01 3.477432098253184223e-01 4.369318056847150689e-01 1.474682388357458403e+05 9.387240374687824806e+04 7.768612716373283183e+04 7.265355311278840236e+04 2.716059708349112811e-01
3.136612813489758067e-01 6.512351747724045570e-01 7.385915800383803242e-01 1.944995393995715693e-01 1.912865760851493735e-01 2.454168131450480683e-01 2.513946509956256348e-01 1.213696034647520573e+05 1.071610209180848178e+05 7.437932861014152877e+04 3.745015238499554835e+04 2.058385829525931632e-01
4.100366882446875860e-01 5.241110258574809277e-01 3.896122200772938471e-01 4.149714195584568999e-01 2.581203871133728178e-01 2.950228054762621954e-01 3.082014516838871843e-01 1.278943414927218546e+05 1.266882057043451205e+05 7.974169525028202042e+04 5.359469769750025443e+04 2.506613266218355451e-01
4.824017210049338922e-01 5.928386267647501873e-01 5.007080463157742578e-01 4.726958744545504687e-01 2.823423484282638340e-01 2.888081294798867105e-01 2.780348706559606087e-01 1.124782463261041848e+05 1.103611397908133658e+05 8.321591703952201351e+04 8.142099216479719325e+04 3.047952418103224148e-01
5.754984402017840894e-01 4.727283070614255456e-01 3.897824878639413182e-01 4.413218707734075097e-01 3.245395640326272924e-01 4.363353361775035300e-01 6.079109424367692416e-01 1.204732587390268600e+05 8.606989348376788257e+04 9.174164321741509775e+04 1.434853360178807052e+05 3.882834215009530743e-01
4.279406407676541457e-01 5.754202114181257155e-01 4.260106555801286277e-01 4.232542318120627312e-01 2.121355915840787143e-01 2.839698197666255530e-01 2.416801036067910968e-01 1.538720834427922382e+05 1.057352662260764046e+05 7.985884901426956640e+04 4.592204343506275472e+04 3.309097191323894793e-01
3.756110465591515624e-01 5.976147229237495084e-01 4.201606713352322720e-01 4.647841717421089536e-01 2.303371853850015305e-01 3.202897346963529124e-01 3.911969753284997853e-01 1.403365272911849897e+05 1.167028825408910197e+05 7.594487898706532724e+04 5.671944814994229819e+04 2.850574372216115870e-01
3.712232576610117740e-01 5.605684995499938816e-01 5.898361671629386294e-01 4.653734852140226641e-01 2.559558713666765795e-01 3.382005457092426282e-01 4.092021018504463092e-01 1.167863222985153698e+05 1.102636916273104580e+05 8.379539281365137140e+04 7.532798809825391800e+04 2.743315628336382428e-01
7.986898181085322346e-01 4.185054507744000452e-01 4.183432085222660857e-01 9.144648231227353596e-02 2.748687116573369504e-01 3.630814882852602121e-01 4.942080219841537558e-01 8.466011856224443181e+04 6.461613454584551801e+04 8.577997562912570720e+04 9.173029038207218400e+04 4.357351103419581095e-01
3.784161467305013349e-01 5.252908962967046680e-01 3.863235522631890961e-01 3.609750977973779085e-01 2.176464416028920101e-01 3.585471177090932549e-01 4.061174991596289141e-01 1.417259347493187233e+05 7.836541275347092596e+04 7.490357624583257711e+04 6.976603970385865250e+04 2.834955308178678246e-01
2.156199323542375146e-01 7.293074307073923457e-01 1.943367525393898676e-01 3.649702467666005590e-01 2.382967630681014359e-01 3.282776801183952542e-01 4.530899747573979841e-01 1.435803964754844492e+05 1.207462440800929762e+05 7.039578470900614047e+04 4.544307019078088342e+04 3.071860701833716845e-01
2.847496149906152407e-01 6.267379339102836511e-01 4.909887489188522469e-01 5.097005524875412030e-01 2.496913894791339406e-01 3.257058382632553317e-01 3.821762354996428024e-01 1.390491075626643433e+05 1.095088408169258619e+05 7.757855451985400578e+04 7.408933696472673910e+04 4.383292347582266046e-01
6.614852063626909251e-01 6.730417720375583279e-01 7.393462629940141806e-01 4.042054075639293642e-01 2.856892020892349837e-01 3.875769885679114513e-01 4.333354476283798884e-01 2.267128335003435495e+05 1.737251791821114602e+05 8.634884468398455647e+04 1.097566092356922309e+05 5.008213764292193115e-01
3.336865912756443731e-01 3.756529816603687566e-01 1.814990405133403706e-01 3.675035313660056091e-01 2.160694874957560796e-01 2.692065581525675544e-01 3.103050817586689436e-01 1.591794530945397273e+05 1.410175652277771442e+05 7.404979179957239830e+04 3.843097006790101295e+04 2.496704453503454935e-01
3.965299013918232029e-01 5.182962635726515721e-01 4.911080246221881662e-01 4.277035272284654410e-01 2.644181029781808578e-01 3.146247459866337581e-01 3.733808524774064330e-01 1.382102685506145644e+05 1.275931164981111069e+05 7.883255146059546678e+04 7.679874633606873977e+04 3.457647966938306450e-01
7.068741278047262488e-01 -3.614323442745107778e-02 5.309248675403265005e-02 -9.160629001013539940e-02 2.415723826989353284e-01 2.466875537072036606e-01 3.708590508939179492e-02 8.647624475607670320e+04 8.510949491670353746e+04 6.543795466642909741e+04 1.951448381965352019e+04 3.644567441709460898e-01
4.056606710809187444e-01 5.655784401006722639e-01 4.193538901657882234e-01 4.896760532328681137e-01 1.994135306653310735e-01 3.078736052353741037e-01 2.968699765878098917e-01 1.360385752104511193e+05 1.315546596295455529e+05 7.953777182146656560e+04 6.530447783989366144e+04 4.007642857595057340e-01
4.829662082288581626e-01 4.063066075682723044e-01 2.752020205527054286e-01 2.589214546272484707e-01 2.248589911550427367e-01 2.446334461106622893e-01 3.404820082012989801e-01 6.169437884954707988e+04 5.384806377073095791e+04 7.525412266154438839e+04 3.634138828371089767e+04 3.197490556326709754e-01
7.307687506116157250e-01 5.198576948898293582e-01 4.928179606528925727e-01 5.076174364084483637e-01 3.790792157857522104e-01 4.883254338463873800e-01 6.392767816636188982e-01 1.950311251346692443e+05 1.022059208549836621e+05 1.248811029305557749e+05 2.175375829347386316e+05 5.700191048756255707e-01
3.790393145684447518e-01 5.562865760751001254e-01 4.155256038821830145e-01 4.864562197426978152e-01 2.058432366411607484e-01 2.878238214032960429e-01 3.113982458106656082e-01 1.301726769852917059e+05 1.218528838851585460e+05 7.534562328102468746e+04 5.107531347288105462e+04 3.457127251886856212e-01
5.774222790201629651e-01 6.387931884773120350e-01 6.610331142356177248e-01 3.463246265099394483e-01 9.017110936688941258e-01 4.616052009286705227e-01 7.305007330155439682e-01 1.630883931615854381e+05 1.443525577932279848e+05 7.429004885501410172e+04 3.526126339460394229e+04 2.155855486294298018e-01
8.045359369948807959e-01 5.504439810653833920e-01 1.433138053458734573e-01 2.950853753501737065e-01 2.303688818234216618e-01 3.113254271572898357e-01 4.095760219562357141e-01 1.442117339572256315e+05 1.034765956788229960e+05 8.750885364541239687e+04 2.468859515047347522e+05 2.867347624604144052e-01
4.036422150171206091e-01 6.082561988370024375e-01 4.772907033517097553e-01 3.794097654022492438e-01 2.150959918452952646e-01 3.563860226563814737e-01 3.564454559982795923e-01 1.560356080031797756e+05 1.171446161862386361e+05 7.513043270629239851e+04 5.626585779870520491e+04 2.731079252238924338e-01
8.796661196573402064e-01 5.089810494132550600e-01 5.172977423174970335e-01 -1.721149009859954671e-01 3.484234301691237490e-01 4.150029389561408766e-01 5.484746200559250662e-01 2.194592190737468773e+05 1.272980241569032078e+05 1.148253168318773678e+05 1.225056761554308760e+05 4.793838729169818680e-01
4.221796921922045809e-01 5.162557373658543947e-01 2.282076853809788808e-01 3.773285225535889520e-01 2.658092971185109232e-01 2.056927455615464584e-01 3.125303665877650072e-01 1.626937323297326220e+05 1.147145216401426151e+05 8.066463111044559628e+04 4.009525943408624880e+04 3.695124474635272938e-01
3.576867924386421538e-01 5.930948850134829531e-01 3.886199715156817280e-01 4.948107281944303382e-01 2.614539831726276353e-01 3.260928323129156370e-01 3.729096300678380604e-01 1.200861309360583109e+05 1.169989492552087322e+05 8.034933234165082104e+04 6.205653184848835372e+04 2.625580095409895121e-01
2.588347756610565598e-01 4.892345488810641019e-01 4.394411962666382454e-01 2.236221617003921469e-01 8.382886808752931795e-02 3.761749731205945024e-01 3.161256357124824778e-01 1.238054368122655578e+05 6.044494282489522448e+04 7.339030298059279448e+04 5.372980238344253303e+04 3.460865724106396146e-01
2.618410200998643189e-01 6.427353666469403093e-01 3.993689395552582622e-01 7.154231310166369040e-01 2.508054131464177994e-01 3.125101144890227722e-01 3.048363169112547344e-01 1.562568689176667831e+05 1.402449010420803097e+05 7.311492587388138054e+04 2.357088844794914257e+04 2.400044368188487542e-01
3.048197058695948924e-01 5.895199338681296197e-01 6.578507227362274667e-01 2.215084415459852574e-01 1.911719291212963800e-01 2.147044834794513413e-01 2.205668190635456938e-01 1.093587262523113313e+05 1.015905890608467016e+05 7.069092572446417762e+04 2.373400363191442739e+04 1.893241198597278852e-01
4.450821617355086302e-01 5.318711545081482583e-01 4.808100249784427183e-01 4.729165270312913893e-01 2.023222801222251399e-01 2.932453910405177222e-01 3.078096274001287380e-01 1.388217611798697617e+05 1.183846610473406618e+05 7.683201800249496591e+04 6.239264440963115339e+04 2.524275832882248993e-01
4.224811552423250460e-01 4.646203387113900796e-01 4.291525586250921065e-01 3.917905928000636195e-01 2.399210825995742313e-01 3.042862731587626102e-01 4.094401865941076357e-01 1.087257309548115591e+05 1.292494590846937645e+05 7.408703936092702497e+04 5.209791879878393956e+04 2.843367388992857903e-01
4.721782201066278550e-01 4.932760635231631663e-01 1.796523623016941795e-01 4.605352686101613080e-01 2.927531091343064662e-01 4.130144134474963424e-01 5.678039927033120549e-01 1.769607735152100795e+05 1.391344912628380407e+05 8.169215796463144943e+04 1.077111384093600354e+05 -2.194884977159777539e-01
3.819199459764176519e-01 5.314857834582477070e-01 5.586074109781905550e-01 4.409004388103617278e-01 2.079016010459055208e-01 3.269720059765067743e-01 3.355044500123937623e-01 1.349484610864244751e+05 1.225971642924766784e+05 7.974093317775144533e+04 6.636215390585226123e+04 3.346977617679245953e-01
4.299335106508827553e-01 6.396741384958116727e-01 3.602201630991950232e-01 4.721769310174395162e-01 1.732552115363067136e-01 3.527016310684992773e-01 3.947023180560922384e-01 1.381560827800796833e+05 1.183569804090384569e+05 7.724042763027851470e+04 1.984189734725234666e+04 3.497735520414593791e-01
3.024916342743814157e-01 5.964350373321497534e-01 7.142714553612361517e-01 3.054438105682455995e-01 1.703275229723027195e-01 1.952870378580085775e-01 2.860255348109470019e-01 1.359517268979068031e+05 1.243518318385725870e+05 7.175715749288279039e+04 4.036053474427772016e+04 5.591714000156451370e-01
5.431324892015889638e-01 5.761447880835584012e-01 5.378772445986398365e-01 4.071700338575899303e-01 2.871503573203949555e-01 3.009085426971489508e-01 3.126635628250802879e-01 9.704386181009527354e+04 9.019133967207751994e+04 8.144449854109538137e+04 4.555838632197301195e+04 2.833955079196337490e-01
3.885219093120271250e-01 6.044062904360223420e-01 2.838017991528634654e-01 5.287717591277819595e-01 2.386795731708634682e-01 3.286463601760231668e-01 4.533162964642197257e-01 1.178265166097174224e+05 1.007538272224691173e+05 7.956507608167685976e+04 8.049527254357397032e+04 3.064388602337388412e-01
3.158315731073091936e-01 6.597100301280525159e-01 -4.972795464437227558e-02 7.445826909543639127e-01 2.027568366291048474e-01 3.021403347756936864e-01 2.913381282386534044e-01 1.194391564642435696e+05 1.033925862487400882e+05 7.578058466189712635e+04 4.368110389760296675e+04 2.380235210409032964e-01
3.533378896770385524e-01 5.154280054505503417e-01 4.875358709863496509e-01 3.354146774114219465e-01 2.780255809083716501e-01 2.817493210238422030e-01 3.147836808552386123e-01 1.344795980203374347e+05 1.128974480212216877e+05 8.194988585266325390e+04 5.888112515952774993e+04 3.382899748890547120e-01
3.269142226144215457e-01 6.501687826286096650e-01 2.354948940581932382e-01 6.794780036966396874e-01 2.115109059600365493e-01 3.042520386092750218e-01 3.016377213463687368e-01 1.068120701101790037e+05 8.929035578260164766e+04 7.857249676227694727e+04 4.456628728941351437e+04 2.460302517267717037e-01
5.242190416232421768e-01 5.399732733671941398e-01 4.131444181329708143e-01 4.803420515282901815e-01 2.493268808342663234e-01 3.329978828341280117e-01 4.136864725116188302e-01 1.284865505576053401e+05 1.228484012152071809e+05 7.871527578997204546e+04 6.811187627168803010e+04 2.808779385524505789e-01
3.510130963691988626e-01 4.588880137065464715e-01 6.721380585467001678e-01 5.618730537376962486e-01 1.767089766260836192e-01 3.032010433026173235e-01 4.600142652663717358e-01 1.436014131281374430e+05 1.164512319416012469e+05 8.404788631600057124e+04 8.159715731238004810e+04 3.600508481455539367e-01
5.053656401532766740e-01 6.684260165033987233e-01 7.577562379300860629e-01 4.547239519778759620e-01 3.527920451602447049e-01 4.473765542190070721e-01 5.659993255456354788e-01 2.450317490474302031e+05 1.379993993300314178e+05 1.191172814249541552e+05 1.420908482198252750e+05 3.863673800231492983e-01
8.021795806730098732e-01 5.390102664901240681e-01 5.435395867070643705e-01 1.541025448748118976e-01 3.446644392007837121e-01 3.727346426918915490e-01 4.713640226197173266e-01 1.691550527141449857e+05 1.366147879939624981e+05 8.148255495994616649e+04 9.095314716746902559e+04 3.241625993829542751e-01
4.344903822414877825e-01 5.487010797201140599e-01 3.313094455509674741e-01 4.135710782702246013e-01 2.270416607060119774e-01 3.020230055843587391e-01 4.313510847625217082e-01 1.380567424731048523e+05 1.110804018060216622e+05 8.216476082401377789e+04 6.961067215213713644e+04 3.106840698922241906e-01
6.181891779717494373e-01 6.816781208453324137e-01 4.015245559343986748e-01 4.729836290277122379e-01 2.589633859980413066e-01 3.947247581524658266e-01 4.444175328684044635e-01 1.849545354663790495e+05 1.079329873360669008e+05 1.111776628093795152e+05 1.088256708370126435e+05 4.098078468523080886e-01
4.282133248426431282e-01 4.857849616367521106e-01 5.114371601598697303e-01 3.111318375849193574e-01 3.386050194938859392e-01 3.110269106781790027e-01 3.672894817595237504e-01 1.364273736645616300e+05 8.121294172399028321e+04 8.048724370105948765e+04 9.179197384740684356e+04 3.805568112429379979e-01
