3.145811054571953647e-01 6.438794007815583642e-01 1.333351195240960185e-01 4.476507978063403725e-01 1.880953197003727706e-01 2.710124373422648780e-01 2.941130497333267479e-01 1.555363499965789088e+05 1.399361492227338022e+05 7.296475952436523221e+04 3.673828158870975312e+04 2.379950532046592460e-01
3.114323049583246350e-01 6.460937548847986989e-01 3.714334269777506692e-01 4.389030129595800633e-01 2.008450624965146258e-01 2.769199006819366149e-01 2.841117018205606692e-01 1.297662980356477638e+05 1.139300723125590157e+05 7.475485066924541024e+04 3.872968467961449642e+04 2.295858035507877537e-01
3.263683953070492527e-01 6.546693067882043415e-01 7.462587994013162307e-01 3.192357856359838153e-01 1.931384160242205217e-01 3.106340075979929227e-01 2.997347253960155333e-01 1.290696840836977790e+05 1.132640534079455538e+05 7.472522862316078681e+04 4.246883235057622369e+04 2.413376661229437170e-01
4.653433201631861360e-01 6.457117976598009124e-01 6.909247498417218081e-01 3.394847059555331503e-01 6.289464125720027887e-01 4.326318144642430363e-01 5.970687025051738539e-01 1.417965190440378792e+05 1.243361063430043141e+05 7.509100474287169345e+04 3.903848087972892972e+04 2.545116304096445292e-01
2.399876266903796518e-01 6.716295859016249148e-01 2.427018315657618053e-01 3.031969904423045259e-01 2.178341309848507157e-01 6.601115358542945788e-02 2.852565253304930604e-01 1.180781596842616855e+05 1.025048223688084254e+05 7.639877973682386801e+04 4.012390737746562081e+04 2.282992868574955647e-01
3.125408421665849534e-01 6.514318072093545631e-01 3.714650378839472467e-01 7.370771869344129312e-01 2.013161781898873959e-01 2.959304876003663320e-01 2.900562495993119771e-01 1.218973196875018475e+05 1.058123977230122837e+05 7.557437568118075433e+04 4.218273152860056871e+04 2.361002119312998471e-01
3.125557589660318270e-01 6.508259690523096053e-01 1.974588877781040808e-01 7.143316008434089648e-01 2.027448978231295162e-01 2.917505082187434318e-01 2.969714373336670432e-01 1.475883816384866659e+05 1.313823691813815094e+05 7.366970317997642269e+04 4.122296147386015946e+04 2.391803641588177709e-01
3.635143624449644895e-01 6.407952619372307979e-01 5.265295103376653740e-01 4.550313980134854663e-01 5.141812795659692625e-01 5.096605002391305650e-01 3.237971008842424059e-01 1.374093507624058693e+05 1.183812094634597306e+05 7.644330760864242620e+04 3.358869436862324073e+04 2.436818110812922211e-01
3.184356438877945505e-01 7.007716293915895456e-01 -8.628973851478369261e-02 3.414052395313229571e-01 1.898683237257061118e-01 3.004662365425430082e-01 3.070942290164875854e-01 1.327675361725766852e+05 1.154798436664836918e+05 7.558482744495531369e+04 4.558409015398062911e+04 2.486964050744599752e-01
3.117511336296853730e-01 6.656434990836186394e-01 -4.476479844664038588e-02 3.194645012906285331e-01 7.878420613689908203e-01 3.139929770319171976e-01 2.489358612635763912e-01 1.219934939748319302e+05 1.077726907461062656e+05 7.453475729433960805e+04 3.966427706883676001e+04 1.881978355330371777e-01
2.724822070704579491e-01 6.655226778510135999e-01 3.203755048130534355e-01 4.930543983371699079e-01 2.488540209169213535e-01 3.133356180153776815e-01 3.208256996878545153e-01 1.640580497841060569e+05 1.465571399883742561e+05 7.349312203885502822e+04 2.367307945074548115e+04 2.624999333894291187e-01
3.311943429601102995e-01 6.518436845709643102e-01 7.511022217092674369e-01 3.230394588446962034e-01 1.991373890793885215e-01 3.169784310604504274e-01 3.035070247526022169e-01 1.051962751891879307e+05 8.844923890961516008e+04 7.797192276025784668e+04 4.442198404651919554e+04 2.468540797556908473e-01
4.146009195202777220e-01 6.279951419977750637e-01 5.636382402431443506e-01 4.316112043050697733e-01 1.896979352604338254e-01 2.751165662128610134e-01 3.606719350522517020e-01 9.049529605593672022e+04 9.929500104591550189e+04 7.507722099555944442e+04 6.524418822692843241e+04 2.801145286314957739e-01
3.331228749150031421e-01 5.796646379049185116e-01 4.394900379714650196e-01 4.052724394929063667e-01 3.121787385585503283e-01 2.954644532355264475e-01 3.575780320897141151e-01 1.578610557219699840e+05 1.220272436065775400e+05 7.803916094379447168e+04 5.657218635188042390e+04 2.563421604154118572e-01
6.944158434376755951e-01 6.356172679472098519e-01 2.340636037952626147e-01 6.840977186614235483e-01 5.589358083720212811e-01 2.982674299701976173e-01 3.932278779630677956e-01 1.411396259791810007e+05 1.246596267983108701e+05 7.437947556046495447e+04 3.701207082155993703e+04 2.036087870412905954e-01
2.964718143864518152e-01 6.528289852226695222e-01 7.369104788454052812e-01 3.048497405807611416e-01 1.835990763206072629e-01 2.883117821264495895e-01 2.991730816581947838e-01 1.571312930485352990e+05 1.411989575707364129e+05 7.295134068391082110e+04 3.878868786964663013e+04 2.355854965493726916e-01
4.596613116533074805e-01 5.764007982236791783e-01 3.942282118252261602e-01 4.364938535012134468e-01 2.104425223519848787e-01 3.643054057749430807e-01 4.931605899049509856e-01 1.469483509557642392e+05 9.883369037680121255e+04 7.803497925292275613e+04 3.964965298604455893e+04 1.955530051746363907e-01
5.962802793327466322e-01 5.624688493995109173e-01 3.262444077660995312e-01 2.772733951348017034e-01 2.899025559002043617e-01 2.758686810934141698e-01 4.670590156602096865e-01 1.689797058447961463e+05 1.493115642055759090e+05 7.411235846521897474e+04 3.961854813369330077e+04 2.413748390400028421e-01
4.964788664049367140e-01 5.902565230868304091e-01 4.698408733363569900e-01 4.014936247667943992e-01 1.941776248649873526e-01 2.967724964989147951e-01 4.612254736205689820e-01 1.194508749361657538e+05 1.115647388875542238e+05 7.548815036117094860e+04 5.892685236934280692e+04 3.042820361338565149e-01
2.955558626076222328e-01 6.423284100801620600e-01 1.920274635168107147e-01 6.992603632634500910e-01 1.891689362126972584e-01 1.705715275227360495e-01 2.053560390165901639e-01 1.261047749633080530e+05 1.117347756784100638e+05 7.423904558981339505e+04 3.747239477668120526e+04 2.036469993969061976e-01
5.511701460367350869e-01 6.436126543926441457e-01 3.891691566294042670e-01 6.984820512152848382e-01 2.328755991550225390e-01 2.974041346496946181e-01 3.177463280811905211e-01 1.387716130473274097e+05 1.167551161073778785e+05 7.819796406946936622e+04 4.223795934773874615e+04 3.067061051192974674e-01
3.969137361879294668e-01 6.095476182972674462e-01 5.101625336993457216e-01 2.032174801881564130e-01 2.793176128910351830e-01 3.080919954520539017e-01 3.234410367264664576e-01 9.842023952222373919e+04 1.320617036530689220e+05 7.244891402836772613e+04 3.687494696580508025e+04 3.420117515245859052e-01
5.200752223151260401e-01 5.887641218007586552e-01 4.744788576385243206e-01 3.507098468341601216e-01 2.399873176678068987e-01 2.396601600182733105e-01 3.234078148573353850e-01 1.169983626610374486e+05 8.728679349605539755e+04 7.597859699767256097e+04 5.099307702667462581e+04 2.908730644805630483e-01
4.468561673493601782e-01 5.765712760594400299e-01 4.948330076289966240e-01 5.017579836478613942e-01 2.247579489513830131e-01 2.819839303517079343e-01 3.939730477228412520e-01 1.031233723609313747e+05 1.170472415057229373e+05 7.671579517104016850e+04 4.296360756374835910e+04 3.447075444171477376e-01
3.190610003475261025e-01 6.972403392474736394e-01 3.614783610909974021e-01 3.359389045954654374e-01 2.067195549285648637e-01 3.091930446695281831e-01 3.133147673899095431e-01 1.275783896692092385e+05 1.101673921662225184e+05 7.616146072506898781e+04 4.488000650805640907e+04 2.572981756691385402e-01
2.727328425810330859e-01 6.181499580689984175e-01 3.131584910854293136e-01 3.746584742976554749e-01 3.527793112134028908e-01 3.273827454415546012e-01 4.889334071871703213e-01 1.399385201971992210e+05 1.125030887098042440e+05 7.633474015869929281e+04 4.062722273660025530e+04 2.878015306022522202e-01
-1.024906641098702609e-01 6.603193148243488020e-01 3.134205405628006091e-01 3.863295559366932697e-01 1.971826747309009531e-01 3.202355793817555085e-01 1.264186388715143328e-01 1.185570779868124082e+05 1.094218979546841001e+05 7.127737944859461277e+04 4.073947329511855060e+04 2.199319812018856179e-01
3.136612813489758067e-01 6.512351747724045570e-01 7.385915800383803242e-01 1.944995393995715693e-01 1.912865760851493735e-01 2.454168131450480683e-01 2.513946509956256348e-01 1.213696034647520573e+05 1.071610209180848178e+05 7.437932861014152877e+04 3.745015238499554835e+04 2.058385829525931632e-01
3.756110465591515624e-01 5.976147229237495084e-01 4.201606713352322720e-01 4.647841717421089536e-01 2.303371853850015305e-01 3.202897346963529124e-01 3.911969753284997853e-01 1.403365272911849897e+05 1.167028825408910197e+05 7.594487898706532724e+04 5.671944814994229819e+04 2.850574372216115870e-01
5.774222790201629651e-01 6.387931884773120350e-01 6.610331142356177248e-01 3.463246265099394483e-01 9.017110936688941258e-01 4.616052009286705227e-01 7.305007330155439682e-01 1.630883931615854381e+05 1.443525577932279848e+05 7.429004885501410172e+04 3.526126339460394229e+04 2.155855486294298018e-01
4.036422150171206091e-01 6.082561988370024375e-01 4.772907033517097553e-01 3.794097654022492438e-01 2.150959918452952646e-01 3.563860226563814737e-01 3.564454559982795923e-01 1.560356080031797756e+05 1.171446161862386361e+05 7.513043270629239851e+04 5.626585779870520491e+04 2.731079252238924338e-01
2.618410200998643189e-01 6.427353666469403093e-01 3.993689395552582622e-01 7.154231310166369040e-01 2.508054131464177994e-01 3.125101144890227722e-01 3.048363169112547344e-01 1.562568689176667831e+05 1.402449010420803097e+05 7.311492587388138054e+04 2.357088844794914257e+04 2.400044368188487542e-01
3.048197058695948924e-01 5.895199338681296197e-01 6.578507227362274667e-01 2.215084415459852574e-01 1.911719291212963800e-01 2.147044834794513413e-01 2.205668190635456938e-01 1.093587262523113313e+05 1.015905890608467016e+05 7.069092572446417762e+04 2.373400363191442739e+04 1.893241198597278852e-01
3.158315731073091936e-01 6.597100301280525159e-01 -4.972795464437227558e-02 7.445826909543639127e-01 2.027568366291048474e-01 3.021403347756936864e-01 2.913381282386534044e-01 1.194391564642435696e+05 1.033925862487400882e+05 7.578058466189712635e+04 4.368110389760296675e+04 2.380235210409032964e-01
3.269142226144215457e-01 6.501687826286096650e-01 2.354948940581932382e-01 6.794780036966396874e-01 2.115109059600365493e-01 3.042520386092750218e-01 3.016377213463687368e-01 1.068120701101790037e+05 8.929035578260164766e+04 7.857249676227694727e+04 4.456628728941351437e+04 2.460302517267717037e-01
