3.145811054571953647e-01 6.438794007815583642e-01 1.333351195240960185e-01 4.476507978063403725e-01 1.880953197003727706e-01 2.710124373422648780e-01 2.941130497333267479e-01 1.555363499965789088e+05 1.399361492227338022e+05 7.296475952436523221e+04 3.673828158870975312e+04 2.379950532046592460e-01
3.962545556558639270e-01 3.927761241027497574e-01 1.999555508182285501e-01 2.550197465071837311e-01 1.899459832871347453e-01 2.190330179957059864e-01 2.472347211328530803e-01 1.278983649487098155e+05 1.166227760979060986e+05 7.188729341793387721e+04 2.737599377879738313e+04 2.032649599661994766e-01
3.114323049583246350e-01 6.460937548847986989e-01 3.714334269777506692e-01 4.389030129595800633e-01 2.008450624965146258e-01 2.769199006819366149e-01 2.841117018205606692e-01 1.297662980356477638e+05 1.139300723125590157e+05 7.475485066924541024e+04 3.872968467961449642e+04 2.295858035507877537e-01
2.919947345502580394e-01 5.030649982117363361e-01 3.015594700937893058e-01 3.841110985566478786e-01 2.808081722757707621e-01 3.053777743212792717e-01 3.253822575319366694e-01 1.618558930645796354e+05 1.440048981999054085e+05 7.379872936425806256e+04 2.541404624728650379e+04 2.567353600496799504e-01
3.263683953070492527e-01 6.546693067882043415e-01 7.462587994013162307e-01 3.192357856359838153e-01 1.931384160242205217e-01 3.106340075979929227e-01 2.997347253960155333e-01 1.290696840836977790e+05 1.132640534079455538e+05 7.472522862316078681e+04 4.246883235057622369e+04 2.413376661229437170e-01
3.835095406029912501e-01 5.600850527943556090e-01 3.357028781085188984e-01 4.054760202606588759e-01 2.478473163165930138e-01 3.234444946582976654e-01 3.521091804792929603e-01 1.577258780783705006e+05 1.175856308179582265e+05 7.712828691851861367e+04 3.660333335786413227e+04 3.281017866290412699e-01
4.702819491766587756e-01 5.362825755730038502e-01 4.780754058821544694e-01 5.416468048773195321e-01 2.522541227291364430e-01 3.415561266910179805e-01 3.235687314806811599e-01 1.516336476458136458e+05 1.108362646191115928e+05 7.699961004983502789e+04 4.228825821861741861e+04 3.197129038502792842e-01
4.653433201631861360e-01 6.457117976598009124e-01 6.909247498417218081e-01 3.394847059555331503e-01 6.289464125720027887e-01 4.326318144642430363e-01 5.970687025051738539e-01 1.417965190440378792e+05 1.243361063430043141e+05 7.509100474287169345e+04 3.903848087972892972e+04 2.545116304096445292e-01
2.399876266903796518e-01 6.716295859016249148e-01 2.427018315657618053e-01 3.031969904423045259e-01 2.178341309848507157e-01 6.601115358542945788e-02 2.852565253304930604e-01 1.180781596842616855e+05 1.025048223688084254e+05 7.639877973682386801e+04 4.012390737746562081e+04 2.282992868574955647e-01
4.168627959330642452e-01 5.771174868103998712e-01 4.892673186477299874e-01 4.433369926300283481e-01 2.511552224935215682e-01 3.076923155504487362e-01 4.392598824397512813e-01 1.343876810088069469e+05 1.184200789766735543e+05 7.656816285886226979e+04 6.474974646807251702e+04 2.785819090626477923e-01
3.125408421665849534e-01 6.514318072093545631e-01 3.714650378839472467e-01 7.370771869344129312e-01 2.013161781898873959e-01 2.959304876003663320e-01 2.900562495993119771e-01 1.218973196875018475e+05 1.058123977230122837e+05 7.557437568118075433e+04 4.218273152860056871e+04 2.361002119312998471e-01
3.125557589660318270e-01 6.508259690523096053e-01 1.974588877781040808e-01 7.143316008434089648e-01 2.027448978231295162e-01 2.917505082187434318e-01 2.969714373336670432e-01 1.475883816384866659e+05 1.313823691813815094e+05 7.366970317997642269e+04 4.122296147386015946e+04 2.391803641588177709e-01
3.635143624449644895e-01 6.407952619372307979e-01 5.265295103376653740e-01 4.550313980134854663e-01 5.141812795659692625e-01 5.096605002391305650e-01 3.237971008842424059e-01 1.374093507624058693e+05 1.183812094634597306e+05 7.644330760864242620e+04 3.358869436862324073e+04 2.436818110812922211e-01
7.605213689762300167e-01 4.068241660737076382e-01 3.762534400603956275e-01 1.784804600011041520e-01 2.829056324860989013e-01 3.072467073693714301e-01 3.685271821250291624e-01 1.175828111080802773e+05 9.897288913138204953e+04 7.794306608432003122e+04 3.774511309328142670e+04 3.343823375777762452e-01
4.091035930259699360e-01 5.599211806904902389e-01 5.928840391802477905e-01 3.653273096175035928e-01 1.634143953235465685e-01 3.183285456464652330e-01 4.108119108329503222e-01 1.321851837758657348e+05 1.198604044097727310e+05 7.541605610137031181e+04 4.895933440620907641e+04 2.745151327234790495e-01
3.184356438877945505e-01 7.007716293915895456e-01 -8.628973851478369261e-02 3.414052395313229571e-01 1.898683237257061118e-01 3.004662365425430082e-01 3.070942290164875854e-01 1.327675361725766852e+05 1.154798436664836918e+05 7.558482744495531369e+04 4.558409015398062911e+04 2.486964050744599752e-01
3.117511336296853730e-01 6.656434990836186394e-01 -4.476479844664038588e-02 3.194645012906285331e-01 7.878420613689908203e-01 3.139929770319171976e-01 2.489358612635763912e-01 1.219934939748319302e+05 1.077726907461062656e+05 7.453475729433960805e+04 3.966427706883676001e+04 1.881978355330371777e-01
2.724822070704579491e-01 6.655226778510135999e-01 3.203755048130534355e-01 4.930543983371699079e-01 2.488540209169213535e-01 3.133356180153776815e-01 3.208256996878545153e-01 1.640580497841060569e+05 1.465571399883742561e+05 7.349312203885502822e+04 2.367307945074548115e+04 2.624999333894291187e-01
3.833521522188851338e-01 4.492767502621914932e-01 3.362554506235283514e-01 4.760679194961140448e-01 3.183267036077444545e-01 4.064051966981601649e-01 3.537599351391750857e-01 1.493591793593054172e+05 1.200613199984783278e+05 7.717622494764483417e+04 6.319281953397164034e+04 2.867233256302421651e-01
2.529072081879883416e-01 3.070794113556257199e-01 -5.497385857163958334e-02 2.575833576911996103e-01 2.422364015362232226e-01 2.989199948110384808e-01 8.824084775362647792e-02 1.319641800695001730e+05 1.248509631646146299e+05 6.874674816521881439e+04 3.800353768570999091e+04 3.115546389159206120e-01
3.361100694347779472e-01 4.433177524445282569e-01 2.650014014006899510e-01 3.321121014584423325e-01 2.159185468298287225e-01 2.875311588576147659e-01 3.205035355440363776e-01 1.668407400804719946e+05 1.536839335762603441e+05 7.123253211677935906e+04 4.458691215940913389e+04 2.461450396261515572e-01
3.311943429601102995e-01 6.518436845709643102e-01 7.511022217092674369e-01 3.230394588446962034e-01 1.991373890793885215e-01 3.169784310604504274e-01 3.035070247526022169e-01 1.051962751891879307e+05 8.844923890961516008e+04 7.797192276025784668e+04 4.442198404651919554e+04 2.468540797556908473e-01
3.283362641738898913e-01 3.881364743799893269e-01 1.847616192487567810e-01 3.736660868609462116e-01 2.155987170249724083e-01 2.693451939804373807e-01 3.099703567324080811e-01 1.129799542347624374e+05 9.480188075722221402e+04 7.822176253877626732e+04 3.920509036218304391e+04 2.523241003420471085e-01
4.146009195202777220e-01 6.279951419977750637e-01 5.636382402431443506e-01 4.316112043050697733e-01 1.896979352604338254e-01 2.751165662128610134e-01 3.606719350522517020e-01 9.049529605593672022e+04 9.929500104591550189e+04 7.507722099555944442e+04 6.524418822692843241e+04 2.801145286314957739e-01
3.331228749150031421e-01 5.796646379049185116e-01 4.394900379714650196e-01 4.052724394929063667e-01 3.121787385585503283e-01 2.954644532355264475e-01 3.575780320897141151e-01 1.578610557219699840e+05 1.220272436065775400e+05 7.803916094379447168e+04 5.657218635188042390e+04 2.563421604154118572e-01
6.944158434376755951e-01 6.356172679472098519e-01 2.340636037952626147e-01 6.840977186614235483e-01 5.589358083720212811e-01 2.982674299701976173e-01 3.932278779630677956e-01 1.411396259791810007e+05 1.246596267983108701e+05 7.437947556046495447e+04 3.701207082155993703e+04 2.036087870412905954e-01
2.964718143864518152e-01 6.528289852226695222e-01 7.369104788454052812e-01 3.048497405807611416e-01 1.835990763206072629e-01 2.883117821264495895e-01 2.991730816581947838e-01 1.571312930485352990e+05 1.411989575707364129e+05 7.295134068391082110e+04 3.878868786964663013e+04 2.355854965493726916e-01
4.596613116533074805e-01 5.764007982236791783e-01 3.942282118252261602e-01 4.364938535012134468e-01 2.104425223519848787e-01 3.643054057749430807e-01 4.931605899049509856e-01 1.469483509557642392e+05 9.883369037680121255e+04 7.803497925292275613e+04 3.964965298604455893e+04 1.955530051746363907e-01
5.962802793327466322e-01 5.624688493995109173e-01 3.262444077660995312e-01 2.772733951348017034e-01 2.899025559002043617e-01 2.758686810934141698e-01 4.670590156602096865e-01 1.689797058447961463e+05 1.493115642055759090e+05 7.411235846521897474e+04 3.961854813369330077e+04 2.413748390400028421e-01
5.823317894594979283e-01 5.009009864152010882e-01 4.066727045036443999e-01 3.479991422728095918e-01 2.913218207097422185e-01 3.401882128667377825e-01 4.690596595206694142e-01 9.915203570768614009e+04 8.508407017670945788e+04 7.652126216059186845e+04 6.163747875937208300e+04 2.762556441080564751e-01
4.964788664049367140e-01 5.902565230868304091e-01 4.698408733363569900e-01 4.014936247667943992e-01 1.941776248649873526e-01 2.967724964989147951e-01 4.612254736205689820e-01 1.194508749361657538e+05 1.115647388875542238e+05 7.548815036117094860e+04 5.892685236934280692e+04 3.042820361338565149e-01
2.955558626076222328e-01 6.423284100801620600e-01 1.920274635168107147e-01 6.992603632634500910e-01 1.891689362126972584e-01 1.705715275227360495e-01 2.053560390165901639e-01 1.261047749633080530e+05 1.117347756784100638e+05 7.423904558981339505e+04 3.747239477668120526e+04 2.036469993969061976e-01
5.511701460367350869e-01 6.436126543926441457e-01 3.891691566294042670e-01 6.984820512152848382e-01 2.328755991550225390e-01 2.974041346496946181e-01 3.177463280811905211e-01 1.387716130473274097e+05 1.167551161073778785e+05 7.819796406946936622e+04 4.223795934773874615e+04 3.067061051192974674e-01
3.969137361879294668e-01 6.095476182972674462e-01 5.101625336993457216e-01 2.032174801881564130e-01 2.793176128910351830e-01 3.080919954520539017e-01 3.234410367264664576e-01 9.842023952222373919e+04 1.320617036530689220e+05 7.244891402836772613e+04 3.687494696580508025e+04 3.420117515245859052e-01
3.382264025115471195e-01 4.963580655924497154e-01 4.086996286728831751e-01 3.864158493008406636e-01 2.493014845471839269e-01 3.215570492679968861e-01 3.335650785409531305e-01 1.487287169796150702e+05 9.143044339200390095e+04 7.846181073371089587e+04 6.351824992636931711e+04 2.369567477958377522e-01
5.200752223151260401e-01 5.887641218007586552e-01 4.744788576385243206e-01 3.507098468341601216e-01 2.399873176678068987e-01 2.396601600182733105e-01 3.234078148573353850e-01 1.169983626610374486e+05 8.728679349605539755e+04 7.597859699767256097e+04 5.099307702667462581e+04 2.908730644805630483e-01
4.468561673493601782e-01 5.765712760594400299e-01 4.948330076289966240e-01 5.017579836478613942e-01 2.247579489513830131e-01 2.819839303517079343e-01 3.939730477228412520e-01 1.031233723609313747e+05 1.170472415057229373e+05 7.671579517104016850e+04 4.296360756374835910e+04 3.447075444171477376e-01
4.855209733993696153e-01 4.893783707297776897e-01 4.145192928928114195e-01 2.689880765384887185e-01 2.091487318155338671e-01 2.816785417280681103e-01 3.714640884011224387e-01 1.227211119436291192e+05 1.167555041954027838e+05 7.318004251436935738e+04 6.257868143819249963e+04 2.315857369769027119e-01
3.190610003475261025e-01 6.972403392474736394e-01 3.614783610909974021e-01 3.359389045954654374e-01 2.067195549285648637e-01 3.091930446695281831e-01 3.133147673899095431e-01 1.275783896692092385e+05 1.101673921662225184e+05 7.616146072506898781e+04 4.488000650805640907e+04 2.572981756691385402e-01
7.347275658895553452e-01 3.603299472824951777e-01 3.287692160928309404e-01 3.481870270697433600e-01 2.747635029705405296e-01 3.002482359427086633e-01 3.710185867726146780e-01 1.082921648397126119e+05 9.413198456644633552e+04 7.513437894136006071e+04 2.907138168029239023e+04 3.529934992570111785e-01
5.135705362432981813e-01 5.444931047593898343e-01 6.307385875535935771e-01 3.486277290706099041e-01 1.553672911949873503e-01 3.500301235036057945e-01 3.578949656904926724e-01 1.731449962258820597e+05 1.472278635427168338e+05 7.423020290153684618e+04 6.356328844829985610e+04 2.080108154118874841e-01
5.146574601260778259e-01 5.382933512840097912e-01 4.960719868371512020e-01 4.551254438245402878e-01 2.217722800413897410e-01 3.515155535222513339e-01 4.198620658132093397e-01 1.564019386668052175e+05 1.125471254680465208e+05 7.728978945235892024e+04 5.938874513822154404e+04 2.583189757583245205e-01
2.727328425810330859e-01 6.181499580689984175e-01 3.131584910854293136e-01 3.746584742976554749e-01 3.527793112134028908e-01 3.273827454415546012e-01 4.889334071871703213e-01 1.399385201971992210e+05 1.125030887098042440e+05 7.633474015869929281e+04 4.062722273660025530e+04 2.878015306022522202e-01
-1.024906641098702609e-01 6.603193148243488020e-01 3.134205405628006091e-01 3.863295559366932697e-01 1.971826747309009531e-01 3.202355793817555085e-01 1.264186388715143328e-01 1.185570779868124082e+05 1.094218979546841001e+05 7.127737944859461277e+04 4.073947329511855060e+04 2.199319812018856179e-01
3.136612813489758067e-01 6.512351747724045570e-01 7.385915800383803242e-01 1.944995393995715693e-01 1.912865760851493735e-01 2.454168131450480683e-01 2.513946509956256348e-01 1.213696034647520573e+05 1.071610209180848178e+05 7.437932861014152877e+04 3.745015238499554835e+04 2.058385829525931632e-01
3.756110465591515624e-01 5.976147229237495084e-01 4.201606713352322720e-01 4.647841717421089536e-01 2.303371853850015305e-01 3.202897346963529124e-01 3.911969753284997853e-01 1.403365272911849897e+05 1.167028825408910197e+05 7.594487898706532724e+04 5.671944814994229819e+04 2.850574372216115870e-01
2.156199323542375146e-01 7.293074307073923457e-01 1.943367525393898676e-01 3.649702467666005590e-01 2.382967630681014359e-01 3.282776801183952542e-01 4.530899747573979841e-01 1.435803964754844492e+05 1.207462440800929762e+05 7.039578470900614047e+04 4.544307019078088342e+04 3.071860701833716845e-01
3.336865912756443731e-01 3.756529816603687566e-01 1.814990405133403706e-01 3.675035313660056091e-01 2.160694874957560796e-01 2.692065581525675544e-01 3.103050817586689436e-01 1.591794530945397273e+05 1.410175652277771442e+05 7.404979179957239830e+04 3.843097006790101295e+04 2.496704453503454935e-01
5.774222790201629651e-01 6.387931884773120350e-01 6.610331142356177248e-01 3.463246265099394483e-01 9.017110936688941258e-01 4.616052009286705227e-01 7.305007330155439682e-01 1.630883931615854381e+05 1.443525577932279848e+05 7.429004885501410172e+04 3.526126339460394229e+04 2.155855486294298018e-01
4.036422150171206091e-01 6.082561988370024375e-01 4.772907033517097553e-01 3.794097654022492438e-01 2.150959918452952646e-01 3.563860226563814737e-01 3.564454559982795923e-01 1.560356080031797756e+05 1.171446161862386361e+05 7.513043270629239851e+04 5.626585779870520491e+04 2.731079252238924338e-01
2.618410200998643189e-01 6.427353666469403093e-01 3.993689395552582622e-01 7.154231310166369040e-01 2.508054131464177994e-01 3.125101144890227722e-01 3.048363169112547344e-01 1.562568689176667831e+05 1.402449010420803097e+05 7.311492587388138054e+04 2.357088844794914257e+04 2.400044368188487542e-01
3.048197058695948924e-01 5.895199338681296197e-01 6.578507227362274667e-01 2.215084415459852574e-01 1.911719291212963800e-01 2.147044834794513413e-01 2.205668190635456938e-01 1.093587262523113313e+05 1.015905890608467016e+05 7.069092572446417762e+04 2.373400363191442739e+04 1.893241198597278852e-01
4.450821617355086302e-01 5.318711545081482583e-01 4.808100249784427183e-01 4.729165270312913893e-01 2.023222801222251399e-01 2.932453910405177222e-01 3.078096274001287380e-01 1.388217611798697617e+05 1.183846610473406618e+05 7.683201800249496591e+04 6.239264440963115339e+04 2.524275832882248993e-01
4.224811552423250460e-01 4.646203387113900796e-01 4.291525586250921065e-01 3.917905928000636195e-01 2.399210825995742313e-01 3.042862731587626102e-01 4.094401865941076357e-01 1.087257309548115591e+05 1.292494590846937645e+05 7.408703936092702497e+04 5.209791879878393956e+04 2.843367388992857903e-01
3.158315731073091936e-01 6.597100301280525159e-01 -4.972795464437227558e-02 7.445826909543639127e-01 2.027568366291048474e-01 3.021403347756936864e-01 2.913381282386534044e-01 1.194391564642435696e+05 1.033925862487400882e+05 7.578058466189712635e+04 4.368110389760296675e+04 2.380235210409032964e-01
3.269142226144215457e-01 6.501687826286096650e-01 2.354948940581932382e-01 6.794780036966396874e-01 2.115109059600365493e-01 3.042520386092750218e-01 3.016377213463687368e-01 1.068120701101790037e+05 8.929035578260164766e+04 7.857249676227694727e+04 4.456628728941351437e+04 2.460302517267717037e-01
