4.197150771564456817e-01 5.375122748429579378e-01 5.761865478406756891e-01 4.450820132779749194e-01 3.218830690111791903e-01 3.739714878478370141e-01 3.254550981306693069e-01 1.298684302463895583e+05 1.022981672094210226e+05 7.903312876282351499e+04 6.985710992450307822e+04 2.985506230917955861e-01
2.925169392159429615e-01 4.763358444100826983e-01 4.446022168471948643e-01 3.762886739821791893e-01 3.033201226477928447e-01 3.285496846054564157e-01 3.156072423524207138e-01 1.487613939787724812e+05 1.280069805968839501e+05 7.642380037072442065e+04 3.462157436753117508e+04 2.857539632698493093e-01
4.260735902629060323e-01 5.295549937798378348e-01 5.548562534504530852e-01 3.797669819346823905e-01 4.427786634187569903e-01 2.870259767208551138e-01 3.934755204369447812e-01 1.393282802665463532e+05 1.186365035624045122e+05 7.744486225316551281e+04 4.656357322724070400e+04 2.783380741542758607e-01
3.622913458904538087e-01 6.258935650204403567e-01 7.498348782726769191e-01 3.684306149766015670e-01 3.092567574349344151e-01 3.980927492893590047e-01 2.836231363597614408e-01 1.316814926712143933e+05 1.158399548415070894e+05 7.488418184800623567e+04 3.474986796809994121e+04 2.740838975793975507e-01
3.031893587328585160e-01 6.419985500737506179e-01 5.941718193904701462e-01 7.004712173945829568e-01 4.537302105799864149e-01 2.916664032832801956e-01 2.681692608132594247e-01 1.288282944926387136e+05 1.092159468398857425e+05 7.767005442707517068e+04 3.210227044828670478e+04 2.530345851005923463e-01
4.131377912124976626e-01 6.393368083989627859e-01 6.423042418554416599e-01 4.921863518482327282e-01 3.939372294180485956e-01 3.873280038788889379e-01 2.479548278031083186e-01 1.281805793028179760e+05 1.070775883215788781e+05 7.872315047886873072e+04 7.542928305894917867e+04 3.121699807065883014e-01
3.793962801367568582e-01 5.880273299684528610e-01 6.925613202861736761e-01 3.608045998132400345e-01 2.670331502931989065e-01 2.875169240644759316e-01 2.874797160606905044e-01 1.056024461604953540e+05 8.656394786776727415e+04 8.036866297845670488e+04 4.278544376161144464e+04 2.726571482731408591e-01
4.419530573068257140e-01 5.300337138826063388e-01 5.316707869806531761e-01 3.678381348076629198e-01 3.043441626393323940e-01 3.005156987068448027e-01 4.678100829313558418e-01 9.684272806780015526e+04 8.395719567151612137e+04 7.608934593001086614e+04 5.131062049515732360e+04 2.699497680053534743e-01
3.016251750877240179e-01 3.661048115927362789e-01 3.452729415804558499e-01 3.999012698241797836e-01 2.670914655822936856e-01 2.922389558627040973e-01 3.044386606405125595e-01 1.574127223057535884e+05 1.351303890560044965e+05 7.660899259604274994e+04 4.853202759364973463e+04 2.842454538981417644e-01
4.240245443640680567e-01 4.490358418650163830e-01 4.946641715051647292e-01 3.978750600278243010e-01 2.743945990165056470e-01 3.217542750641546045e-01 3.536201986286479637e-01 1.602160021331735770e+05 1.376810328301892732e+05 7.651338235678132332e+04 7.768009300138644176e+04 3.134910908686424080e-01
3.411501243385129944e-01 6.818919779136627390e-01 6.273307855470552363e-01 3.478563268926593288e-01 3.487428918443390424e-01 2.913591106588139246e-01 2.935382355629194695e-01 1.285552654825671198e+05 1.093790235171200911e+05 7.736305945769792015e+04 5.304304672699745424e+04 2.709038835228283482e-01
4.744991705661122938e-01 6.502002722573895221e-01 7.534576958499376031e-01 3.639068221817483573e-01 3.213892313487290431e-01 2.992258025004631561e-01 2.873734942649429636e-01 1.133843542998047487e+05 9.284172184536558052e+04 8.053807680354303739e+04 4.665038935781443433e+04 2.886864221263328312e-01
2.753068562138705766e-01 5.894801709760916220e-01 5.519744617133778286e-01 6.190939866900289079e-01 3.927414421154026836e-01 4.128110617292747864e-01 2.738586757716948705e-01 1.137905844631049840e+05 9.855003007607300242e+04 7.635411421925842296e+04 3.707750486541148712e+04 2.841951345274987828e-01
4.246792611334030410e-01 5.134576969783281042e-01 5.806905151383108254e-01 4.066899744016007068e-01 2.890176666300591224e-01 3.506705370744477301e-01 3.889531000530406790e-01 1.277156408733831195e+05 1.073941262497730058e+05 8.040850597323622787e+04 6.467076243691208947e+04 3.040955121095512692e-01
3.651250751023218943e-01 6.377995981885286048e-01 5.900189408011575765e-01 6.055380627377758840e-01 3.931385292554401278e-01 2.913923463824050764e-01 2.882458052194954989e-01 1.172222474623914022e+05 9.843133737425996515e+04 7.821951280458117253e+04 5.155842258962417691e+04 2.643180302064786491e-01
3.648750264910778363e-01 6.447073361772865940e-01 6.892293474657787966e-01 6.545524387280872158e-01 4.239842285522698040e-01 2.971800381054856555e-01 2.908959234841883013e-01 1.202288823095790140e+05 1.014692825698318775e+05 7.822409187764223316e+04 5.199999951004008472e+04 2.685588594873166701e-01
6.764440423817620340e-01 3.659128878527299622e-01 3.791812998398548795e-01 4.595166135118396444e-01 2.290437653650232164e-01 2.723988115676757582e-01 2.977721694209821690e-01 1.385057465795620228e+05 1.203603923511953471e+05 7.588430202778923558e+04 4.168922839739534538e+04 2.633421213304089070e-01
3.297528354576038101e-01 4.084985794404966120e-01 3.785202928266073186e-01 3.838226221815368988e-01 2.500346126904921529e-01 2.819030835355458287e-01 3.010829395567465316e-01 1.147980616436743730e+05 9.347024895033823850e+04 8.066180546906104428e+04 4.859318469358492439e+04 2.749911982107676178e-01
3.298279249922533296e-01 6.473097677743391287e-01 6.074550807226135607e-01 7.060221020657866386e-01 4.623960032117174213e-01 2.892491333911035856e-01 2.844540104228661104e-01 1.387075797537224134e+05 1.206208997671892284e+05 7.543032888433057815e+04 4.972596120109489129e+04 2.634955278980266602e-01
5.811666484229579543e-01 6.395194741469286681e-01 6.027694569395481983e-01 6.771240223096277600e-01 6.129213012158087892e-01 3.080029520320439751e-01 3.798988843562144391e-01 1.293071126453024190e+05 1.096597621632474911e+05 7.791824056776512589e+04 4.490391885381496832e+04 2.724867797941733505e-01
3.633950169837062427e-01 6.478982351347866153e-01 7.463970748841718406e-01 3.788760666152052314e-01 3.091866735391360366e-01 2.940979697286895123e-01 2.852736045657770503e-01 1.228064202695683925e+05 1.037507024601387820e+05 7.792800019580069056e+04 2.999116627009260628e+04 2.550208573539737844e-01
3.351562542713276693e-01 5.216338432694725968e-01 5.471393147459412409e-01 5.583218707961695726e-01 3.124846154713196156e-01 3.092261461545672274e-01 3.886292278444501980e-01 1.172344911108694942e+05 1.019442223149795318e+05 8.072253935234481469e+04 7.941294938329525758e+04 3.111123599110591220e-01
3.628431763536620891e-01 5.869113711711518855e-01 6.755291390477324853e-01 3.083916097225860020e-01 2.703517593773044903e-01 2.418321064646473673e-01 2.343657672812011206e-01 1.088579702405811840e+05 9.950069918188052543e+04 7.179290755668898055e+04 2.910132895768783055e+04 2.408411068676683531e-01
3.801530702561268793e-01 6.402526676673885309e-01 7.594502164153317247e-01 3.894661983419268614e-01 3.121257232393913617e-01 2.916024320891207888e-01 2.983933176136778775e-01 1.595826203857098881e+05 1.391694762203266437e+05 7.537607718692888739e+04 4.850514762887096003e+04 2.736688663194601911e-01
5.707708903725927652e-01 5.368936812038137552e-01 6.036896686159898273e-01 5.961666047073346242e-01 3.294885458764786335e-01 3.713891212163555888e-01 3.837316766666069023e-01 1.421852788545086223e+05 9.295436318006344663e+04 7.509857798676473612e+04 4.493633560278200457e+04 3.076895669858690785e-01
6.671935046852819351e-01 5.293355593236246381e-01 5.319553769333852378e-01 4.498856107609233712e-01 2.939504077480458721e-01 2.477567155306359681e-01 3.267715586606259603e-01 1.099879831030496716e+05 9.935094153574368102e+04 7.234901652516728791e+04 3.396991962430113927e+04 2.351561932702648239e-01
4.932277943640556717e-01 6.371893400878760882e-01 5.915629120379011230e-01 4.725763486341467701e-01 3.275608719689966364e-01 3.540512192701530392e-01 2.904047842239372845e-01 1.247901664286933519e+05 9.513146793899226759e+04 8.095950544519939285e+04 6.800904760081091081e+04 2.821694854279657161e-01
3.334757593533742570e-01 6.546138961019584146e-01 6.148655012725577906e-01 7.146313717258911957e-01 4.711693905488881229e-01 2.930126174709234976e-01 2.847902243007434664e-01 1.094705803988599655e+05 9.037046353275180445e+04 7.947890079026621243e+04 5.123496371226539486e+04 2.631438815063710246e-01
3.849528726395209932e-01 5.696906249145567980e-01 5.826764009511319342e-01 3.848554866852638146e-01 3.463715048340597624e-01 3.263616234490552825e-01 3.082531776785629729e-01 1.342153677617272479e+05 1.237177812999403541e+05 7.561293430297341547e+04 6.702887480774727010e+04 2.738536812095690443e-01
4.527128167331953557e-01 5.706537009202444777e-01 5.285894527909578144e-01 4.478052024613692339e-01 2.843245219007700664e-01 3.814525211085253997e-01 3.525293134860170152e-01 1.129161753894705907e+05 1.186597942466345121e+05 7.699640837698485120e+04 6.878395798722327163e+04 2.600219269230812369e-01
3.220568375284881268e-01 5.017364744447762037e-01 4.584740362196186858e-01 2.842087016874130789e-01 2.485437402231234216e-01 2.439174745908196662e-01 2.388493814105074609e-01 1.090051109848986816e+05 9.892871944843749225e+04 7.229244626318136579e+04 3.071123323457647712e+04 2.147665631260651242e-01
2.599444851136719081e-01 6.640607227629456988e-01 6.620383845631105935e-01 3.910116939704776362e-01 3.403411485429769789e-01 2.973979895735860413e-01 2.910600617168349058e-01 1.179709660839610588e+05 9.707168943328106252e+04 8.033912386042599974e+04 5.305841814881165192e+04 2.735346639570492844e-01
4.404666772242635808e-01 3.767064861723929403e-01 3.577710669022445833e-01 3.826040833372991168e-01 2.570568293113135727e-01 3.094355574221724914e-01 3.108584698884832576e-01 1.168614445428891631e+05 9.400234140421911434e+04 8.164828022884912207e+04 5.858195461127032468e+04 2.887488482751207064e-01
3.942511002618346860e-01 6.581445692435105022e-01 7.670674217901276570e-01 3.799770898421331311e-01 3.211086135753624671e-01 2.864841505176290437e-01 2.845628244305257737e-01 1.293281085638700752e+05 1.126831449825547461e+05 7.526928330352269404e+04 4.759737723524722242e+04 2.580612397688320514e-01
5.056555236362858530e-01 6.067602187514505863e-01 5.128522301010306483e-01 4.705452464782491906e-01 2.663743599977014820e-01 3.982341470617731805e-01 3.533050150841933745e-01 1.104054487383790693e+05 1.081674430146107625e+05 8.092400066580325074e+04 6.883586349839832110e+04 3.033629100598065342e-01
3.754902196503608347e-01 6.238140218465073605e-01 5.799853844308726636e-01 6.284366484039681788e-01 4.044347705379644498e-01 2.784343007599553999e-01 2.846886317997237570e-01 1.634203349467628577e+05 1.464449446788034984e+05 7.322712918917214847e+04 4.405353368388516537e+04 2.610063635676825311e-01
4.600148261906990554e-01 5.086973273373248672e-01 5.615906130293362164e-01 4.674492703560497175e-01 3.416211550804536534e-01 3.704114180174037929e-01 3.705727448564863358e-01 1.547339455802664743e+05 9.411782716736219299e+04 8.245567753064965655e+04 6.957715379643216147e+04 3.023864547385970436e-01
3.342056348785584219e-01 4.084354242387786549e-01 3.800736363418334429e-01 3.979274068916017759e-01 2.521762640343698791e-01 2.792786103975138379e-01 2.996152968316989074e-01 1.592320489380921936e+05 1.382956270074705826e+05 7.563666712062199076e+04 4.489576418089328945e+04 2.752074090628408021e-01
2.960113228105815120e-01 6.367646052129090073e-01 5.815026975515069640e-01 3.913161491761683042e-01 3.244196627769265207e-01 2.910918173498626693e-01 2.852579896651396552e-01 1.465499901933537039e+05 1.265920479703521414e+05 7.613695143801241647e+04 4.202552360977220087e+04 2.739931593167227453e-01
3.965604199196306467e-01 6.601471099186241309e-01 7.717253395461554089e-01 3.864441190275263449e-01 3.242085613273357758e-01 2.942724474377463317e-01 2.905671637964480358e-01 1.094375711671037570e+05 9.086409749811123766e+04 7.899232639051394654e+04 5.004204147400404327e+04 2.634235370563094980e-01
3.999455791490110212e-01 3.563343596026329330e-01 3.288334373634434482e-01 3.369569181379186151e-01 2.228495778643235781e-01 2.675191442234057249e-01 2.801212833929913049e-01 1.444335886886772641e+05 1.264451079290487833e+05 7.497861730352984159e+04 4.222688488331611006e+04 2.580258201438281329e-01
4.207113314265159554e-01 6.148145407637288784e-01 6.065108658805512531e-01 4.071970805769700719e-01 3.422592150646205922e-01 3.171241488559977673e-01 3.621907698189080205e-01 1.296213913660356193e+05 1.085507068847905903e+05 8.107605780012487958e+04 6.077027262005423108e+04 3.085294310466630829e-01
3.766644869700810916e-01 6.532639776162867395e-01 7.582588704433045335e-01 3.788479934372503966e-01 3.225354322590475720e-01 2.973117039232475167e-01 2.518561956952926062e-01 1.285294651057448355e+05 1.088016800137472164e+05 7.782360577925386315e+04 3.648783407640991936e+04 2.427177286092689346e-01
4.450168250085699828e-01 6.554676674208275156e-01 7.575316472774386023e-01 3.949915847800349877e-01 3.264238023181218473e-01 3.063322781125088490e-01 3.076761375902740681e-01 1.302468854335441283e+05 1.105299595480618882e+05 7.746562924754094274e+04 5.543877460014001554e+04 2.796346101518693006e-01
