4.139321801399764023e-01 5.704337660442626579e-01 5.859526925113428542e-01 3.476947075977301904e-01 3.176139046969912449e-01 3.683906069663748784e-01 2.768333549569677032e-01 1.059249108364436979e+05 8.785197797707071004e+04 7.920180825910199201e+04 3.335099402135731361e+04 2.598189368327759596e-01
3.422904147305244615e-01 5.949720152477218083e-01 6.022275623573793979e-01 4.457208953542165508e-01 2.943820964864597434e-01 3.199114431294787231e-01 2.776810851703607197e-01 1.381169859199093189e+05 1.126086147370498220e+05 8.041195028747660399e+04 3.321629158418847510e+04 2.642888763077141934e-01
4.285138753007403656e-01 6.142181519430915948e-01 5.961525344687977901e-01 4.708075654122961806e-01 4.790053582871668936e-01 5.075764090472560941e-01 5.298980387808387427e-01 7.754714775855200423e+04 6.089948137553758716e+04 8.330364736568958324e+04 4.941682872979652893e+04 2.720479470624022067e-01
3.638635019328153031e-01 6.259877958606701043e-01 6.435173823151844053e-01 4.587664934198098510e-01 3.091800613970308587e-01 3.862110720552396348e-01 2.858496500888444425e-01 9.421760447731470049e+04 7.514334017160639632e+04 8.227526099768771383e+04 4.205589445588407398e+04 2.708907849933727685e-01
3.908832356555895227e-01 5.957198033095589818e-01 6.182749050608689068e-01 4.741390663336541578e-01 3.356651014772873975e-01 3.840157884731410509e-01 3.035687881326414872e-01 9.298237689305363165e+04 7.483774271219655930e+04 8.152788817387957533e+04 4.107999471286412881e+04 2.945190686314101414e-01
3.722731057883025829e-01 6.317669708285671426e-01 5.878928180146177906e-01 3.420081654765841361e-01 3.743540122083314770e-01 6.842511845418384198e-01 3.058044531595511817e-01 7.931725899301016761e+04 7.237154896504279168e+04 7.961363729274501384e+04 2.460787007887951404e+04 3.126219347486699496e-01
3.867477753952364705e-01 5.928133166740147120e-01 5.853228640279543038e-01 4.719151846001025663e-01 3.493924712772870089e-01 4.074835226577628311e-01 3.078439444945351156e-01 9.498667273334212950e+04 7.631507557075955265e+04 8.166105093260615831e+04 4.162180667283271032e+04 2.940552156802337946e-01
3.464948543822827798e-01 5.798486355405865211e-01 5.468113820895883492e-01 4.421773764392193384e-01 3.148148975371616309e-01 3.457567405507251945e-01 2.826877375325011488e-01 1.318391970505815698e+05 1.077873190769711655e+05 8.018392165178431605e+04 3.383213354468737089e+04 2.670679672723929587e-01
5.176703138457932063e-01 4.579410543309714310e-01 5.048280239742113373e-01 5.453926170114731242e-01 4.366210470524021781e-01 4.138542707043943447e-01 4.041728981613299521e-01 8.765473619698110269e+04 1.000674736248414993e+05 8.526691759379686846e+04 3.811035600036927644e+04 3.442776562666106099e-01
3.047958838552249916e-01 5.423006962418799315e-01 5.531386185252792353e-01 4.219831787794054434e-01 2.272806925869745309e-01 2.564514421961734958e-01 2.625899122208320557e-01 1.807774681351764884e+05 1.513101208065682149e+05 7.836311472439047066e+04 3.110529883886532480e+04 2.581557869849084863e-01
4.821999690321511212e-01 5.585306784191742535e-01 5.275093771768802897e-01 6.083556014379195576e-01 3.321604564125458237e-01 4.007078866621236468e-01 2.356757811275376202e-01 1.110214264527430350e+05 8.099761101337720174e+04 8.109341194774874020e+04 4.944249872075178428e+04 3.589815949062667433e-01
5.565278955818563356e-01 5.944354728238141483e-01 5.794526438259571810e-01 5.539703223084987971e-02 8.179078321404338325e-01 4.528083177754607114e-01 6.677431340205641774e-01 9.341538835446118901e+04 7.008300954786382499e+04 8.302750672014646989e+04 4.386274840035887610e+04 2.961133863156295010e-01
4.636375670115498449e-01 4.741099781082895870e-01 4.728665711729395094e-01 5.683624487467229258e-01 3.427056755026767210e-01 4.566653540631424035e-01 3.988540178146753323e-01 1.103235456681563664e+05 7.042603405960426608e+04 8.424694228454073891e+04 3.728852873922148865e+04 3.543449964484968184e-01
3.228479804929751951e-01 6.072660655434048982e-01 5.884573101959893471e-01 4.333258594357154436e-01 3.097810159653603401e-01 3.919117119492386836e-01 2.722549551408920965e-01 8.818455305476085050e+04 7.036565113486380142e+04 8.223174130308319582e+04 3.787860930868949072e+04 2.454862045460407260e-01
3.797751204340270581e-01 5.611616241035990438e-01 5.697179187314196369e-01 4.677188899190823368e-01 3.083218840073350675e-01 3.223430559553935870e-01 2.997854445052754446e-01 1.515017035727058537e+05 1.252261573759917228e+05 7.935202213309732906e+04 3.111753701227724014e+04 2.968869259169226171e-01
5.389682805809791200e-01 5.988874305361644446e-01 5.303614104530549600e-01 5.001541464768213263e-01 8.420470871966396764e-01 4.883065399660752592e-01 7.148209543119999898e-01 9.856341010684469074e+04 7.754094135143127642e+04 8.379213904091218137e+04 4.528686168304068269e+04 2.697279978357644548e-01
