4.782088200634543318e-01 3.955249330113940198e-01 6.309852114194485218e-01 5.139446055490662912e-01 4.230582648120504996e-01 4.844164897182972052e-01 3.778442658641544827e-01 9.669276201871143712e+04 7.287328957664938935e+04 8.805464350691327127e+04 7.737936050755713950e+04 3.510209887942930540e-01
3.850196050666864767e-01 5.513209668250724782e-01 4.065511130369041659e-01 5.287315154626430758e-01 2.772304146353883891e-01 3.657606406337001737e-01 3.051716254933576344e-01 1.452874188285807031e+05 1.180059397366529447e+05 8.056039097883593058e+04 6.110689374715288432e+04 4.139195176404090182e-01
2.871256113302009805e-01 6.060740182992641056e-01 3.686497241283713810e-01 7.149526427555276120e-01 3.826145233023048320e-01 5.287597530388830069e-01 6.630152355315334090e-01 9.850338822136938688e+04 8.260515760106459493e+04 8.122282401039506658e+04 7.028986334167692985e+04 2.580009383961943126e-01
5.815890805041862288e-01 3.537209769502235313e-01 2.779443985930465932e-01 5.023653853972236405e-01 3.705188453849620478e-01 4.448442533980032643e-01 3.593940464721595007e-01 7.368562942784168990e+04 5.610834187578322599e+04 8.602798412787633424e+04 7.450922525026803487e+04 3.381784163173927604e-01
5.473993337810895143e-01 4.248990296564686409e-01 3.421935258007245406e-01 5.563126296574707474e-01 4.491272341372601340e-01 5.252699480953946232e-01 5.469047119767274090e-01 1.294898664692668681e+05 9.787498599456813827e+04 8.669539241948224662e+04 1.403062546993504220e+05 4.042196650894787080e-01
4.139321801399764023e-01 5.704337660442626579e-01 5.859526925113428542e-01 3.476947075977301904e-01 3.176139046969912449e-01 3.683906069663748784e-01 2.768333549569677032e-01 1.059249108364436979e+05 8.785197797707071004e+04 7.920180825910199201e+04 3.335099402135731361e+04 2.598189368327759596e-01
7.093999955265394286e-01 3.123059707726586476e-01 3.142297476397831191e-01 5.625176110162602994e-01 3.777766755333762383e-01 4.232124264178203088e-01 4.230364918625298953e-01 1.203431431723947026e+05 9.889886292520008283e+04 7.983352741379541112e+04 9.607727049420513504e+04 6.183023833697862681e-01
5.728758581248464266e-01 3.939923721560644743e-01 3.445725817957497328e-01 4.972041012068793564e-01 3.972234623097763428e-01 4.905083886371581214e-01 5.459703930399897320e-01 9.155211370590416482e+04 7.271388660749010160e+04 8.271467633027395641e+04 8.292163168476171268e+04 3.371809888722837045e-01
6.482730584519788009e-01 5.270682073061938588e-01 4.808851991254334823e-01 6.205324920923090959e-01 4.691879105421432605e-01 5.445393127411982670e-01 5.817107577553827236e-01 2.338286926191106904e+05 1.585149455507411039e+05 9.714985022454177670e+04 1.945589913781926734e+05 5.312317282659819728e-01
6.701787035655039082e-01 4.616511464020198741e-01 4.145238000118382504e-01 6.177077480105878093e-01 4.827672871492191820e-01 5.607393837811536219e-01 5.952997880316560630e-01 1.662787638843382592e+05 9.166201408206387714e+04 1.189296795303145191e+05 2.122076069124194910e+05 5.475992653441111857e-01
5.481374127864835355e-01 5.985156441032067898e-01 5.176918399928124304e-01 5.983388170995450617e-01 3.538009561302837835e-01 4.461032264316013296e-01 3.767414173544832434e-01 1.176139724360275577e+05 6.341085540450338885e+04 1.210433183617669711e+05 9.717226515604021552e+04 6.308324663871154314e-01
5.392748059674701278e-01 5.939933111849292624e-01 6.254774182019684492e-01 5.203891846958302869e-01 3.610530445180659687e-01 4.324677188013895668e-01 3.592429227943375047e-01 1.276806393101968424e+05 9.030489117987985082e+04 9.324428350301872706e+04 8.059593755055486690e+04 5.236557139266043714e-01
3.369145316098575704e-01 6.012360406868615392e-01 3.484874935450196221e-01 5.571947369249556914e-01 3.446469431469133538e-01 4.456277307319772563e-01 2.980801695928074757e-01 8.399490584639168810e+04 6.692152057556154614e+04 8.289350659210266895e+04 4.411111522500824503e+04 2.779306784632939453e-01
4.345550005896132717e-01 5.102997738086336721e-01 4.382499130627168227e-01 5.716831581811185892e-01 3.336786149916290412e-01 3.712005664425996332e-01 4.357159107029523470e-01 9.404723948032938642e+04 9.314727999323263066e+04 8.772926434375616373e+04 8.545511261001056118e+04 3.668026586161958758e-01
4.089693349013029944e-01 4.421048576463186830e-01 3.881826807183205719e-01 5.948358420020314341e-01 3.479245935088183250e-01 3.699119716113855039e-01 4.092400929996854453e-01 1.071950703341571207e+05 9.971003461483784486e+04 8.261650076102964522e+04 8.750441259724467818e+04 3.729262121843091027e-01
5.879528228831856218e-01 3.567080024970654684e-01 2.981841265922891004e-01 5.247223585358024023e-01 3.790409548341139856e-01 4.471748463933544748e-01 3.864116540843782199e-01 1.443687118776877178e+05 1.153699421921314788e+05 8.214712777151736373e+04 8.779405486391257728e+04 3.594806278228876995e-01
6.513443957395097517e-01 5.774140972157393303e-01 3.986841090393202225e-01 6.992117962001365150e-01 3.782351628505939978e-01 4.481023586295049266e-01 5.038836605996026563e-01 1.991680991620273271e+05 1.588387231021499902e+05 8.398662838909517450e+04 1.057890210413103050e+05 5.546901419971910219e-01
6.607118415254652488e-01 5.613302739013323883e-01 5.180658117580181354e-01 6.324453135109819879e-01 4.683021312971850092e-01 5.517693339576712486e-01 5.820729556145692873e-01 1.808021486713685736e+05 8.403995647852850379e+04 1.420941702171292563e+05 1.942849774635822687e+05 5.768513282698753963e-01
3.480344716163171759e-01 5.994024087995165617e-01 3.197565069420360007e-01 4.727840440438453307e-01 2.724006660732023466e-01 2.944186552039739224e-01 2.910226043610132374e-01 1.668316760998524260e+05 1.381840478997829487e+05 7.923570258174167247e+04 3.494378877831264981e+04 2.847088077614219337e-01
3.750450062297109866e-01 2.290136910161591210e-01 1.904657922134580239e-01 4.358731551116797331e-01 2.752480069716985445e-01 3.617467431515162257e-01 2.939453430801649003e-01 9.497085052401381836e+04 7.894926425200462108e+04 7.890334320450719679e+04 7.063264884358344716e+04 5.984886479829066852e-01
3.422904147305244615e-01 5.949720152477218083e-01 6.022275623573793979e-01 4.457208953542165508e-01 2.943820964864597434e-01 3.199114431294787231e-01 2.776810851703607197e-01 1.381169859199093189e+05 1.126086147370498220e+05 8.041195028747660399e+04 3.321629158418847510e+04 2.642888763077141934e-01
7.639576511179387852e-01 5.635665953976195519e-01 4.197330550687443651e-01 7.007664345346482637e-01 2.258122031120759488e-01 4.600378393413115941e-01 5.280544266846431967e-01 1.406396926531176432e+05 1.030599168893793976e+05 8.425270618552109227e+04 6.623502374182766653e+04 4.196667081615729766e-01
6.237654612226939399e-01 3.688586900342089581e-01 3.385402787128398150e-01 5.365945547821149297e-01 3.204277946225851381e-01 4.257790127260148716e-01 4.441484679092039256e-01 7.200888295549005852e+04 5.415244955517052585e+04 8.711584100410481915e+04 7.794812080986499495e+04 5.517220579124098023e-01
3.621098383932618847e-01 5.900047873715036362e-01 3.730557721139712846e-01 7.388834894489388905e-01 3.578684242933771742e-01 3.865206701923066257e-01 3.105877608982274829e-01 1.032889312467714626e+05 8.331394784849404823e+04 8.139444727525991038e+04 4.117888010458250210e+04 3.018479777263953223e-01
9.993577478823972848e-01 -1.870661862047623761e-02 5.806229410340040253e-01 9.325277189782587017e-01 -3.169566127729922522e-01 5.390197454758339779e-01 5.936189106560566531e-01 1.280736108483952121e+05 8.290255014278340968e+04 1.009371454014421033e+05 1.598481437267190486e+05 4.452071546147255421e-01
6.032086519837450700e-01 4.410095869800748636e-01 3.285961357226153678e-01 5.276543649273504055e-01 4.614869336069905570e-01 5.200755446200300280e-01 4.985683327496987505e-01 8.137683011863987485e+04 5.837954701183584257e+04 9.156382500366446038e+04 7.416654393023399462e+04 3.464815205898769124e-01
3.470096075043951900e-01 6.032995599021711008e-01 2.133391258073052410e-01 7.268843290119438860e-01 2.245564463915986353e-01 3.488714009644977021e-01 2.706975709388761420e-01 1.125893550013173954e+05 9.137443012321621063e+04 8.103336109894426772e+04 3.747969576637707360e+04 2.590146121480305097e-01
5.189002821928996312e-01 2.644550146675262448e-01 2.097999965019686219e-01 3.919631884021902990e-01 2.750834903756685379e-01 3.376004345048116972e-01 3.188588325697229720e-01 9.181502400591794867e+04 7.796775566406283178e+04 7.648628572887391783e+04 3.086773156189159636e+04 2.704873683798819650e-01
5.762076686435293471e-01 5.916216519230278470e-01 4.958906421568641809e-01 6.147727953774022591e-01 3.765970285341876944e-01 4.607954520785972896e-01 4.047912956189121947e-01 1.909932455390040996e+05 1.248856629738305492e+05 1.002436380367370439e+05 1.357138376930943923e+05 6.521968084868422499e-01
4.285138753007403656e-01 6.142181519430915948e-01 5.961525344687977901e-01 4.708075654122961806e-01 4.790053582871668936e-01 5.075764090472560941e-01 5.298980387808387427e-01 7.754714775855200423e+04 6.089948137553758716e+04 8.330364736568958324e+04 4.941682872979652893e+04 2.720479470624022067e-01
6.742528729917739438e-01 6.166324663713494969e-01 5.431545656302326774e-01 1.646068567682098249e-01 3.606931390226053025e-01 4.330572656882122895e-01 3.366360256336006773e-01 9.749640325084647338e+04 6.586576992103307566e+04 9.806202699780714465e+04 5.239090347434351133e+04 3.721200102233914730e-01
2.871267168493525923e-01 2.346568209868612476e-01 5.631905304923694455e-01 4.495231408921548932e-01 2.396984643637575241e-01 3.359643544333312803e-01 3.291886850816949650e-01 6.611275929019149044e+04 5.495132947198824695e+04 8.221549527480837423e+04 3.034827558303193291e+04 1.961323582533658350e-01
5.825180148894855137e-01 4.025502685371737388e-01 3.924192565848072523e-01 6.299559243690150412e-01 4.143308476738678525e-01 5.545036827773253130e-01 6.037218641373341965e-01 1.249537975999285118e+05 7.834788213139030267e+04 1.036098177079544403e+05 2.470126732982310641e+05 4.605228810480458401e-01
3.278915316087476217e-01 5.959047596204970487e-01 3.563744015805987431e-01 7.195857110456796990e-01 3.047970625154585722e-01 3.403624450885695540e-01 2.712186284713294371e-01 1.238525086767482135e+05 1.014164202449847944e+05 8.004597220174669928e+04 3.736860515450562525e+04 2.587481704319894993e-01
5.622683195138731271e-01 4.167309493093157569e-01 3.799614730422158915e-01 5.473097488703192459e-01 4.272707922240391309e-01 5.330596393568673985e-01 5.852950977619023609e-01 6.823519892413620255e+04 4.428387211418334482e+04 1.010053697210713435e+05 1.576761395954729524e+05 4.025152875424534149e-01
3.286626232074049137e-01 5.391729790956995005e-01 3.089726299935105502e-01 6.517362724121978923e-01 3.165916681259727805e-01 3.029040603248158159e-01 1.194994110434974416e-01 1.107776028908594308e+05 9.426823091797575762e+04 8.052551892950144247e+04 3.111175664081233481e+04 2.903349634896374432e-01
3.904314830737004582e-01 5.890500080546471340e-01 6.327018896420216754e-01 4.515687808527197866e-01 3.100069900307648174e-01 3.628430001833253260e-01 2.690249478793057536e-01 5.617032952335760638e+04 4.558558122861308220e+04 8.092194368248434330e+04 3.090587393246604188e+04 5.364535430946459904e-01
8.839380127326201819e-01 4.179734729054838116e-01 3.576305943213411442e-01 6.454176363182193565e-01 4.236755769027196750e-01 5.255613835748749185e-01 5.396085665515359953e-01 1.120376799523429509e+05 8.050080951283145987e+04 9.231582024392830499e+04 1.232021756944030931e+05 4.066020300926886932e-01
3.633925848910022904e-01 2.716006525573688712e-01 1.654291339448265286e-01 3.201555569263028200e-01 2.571519926997893335e-01 3.365974920703665996e-01 2.484706060081346146e-01 6.692163112384594569e+04 5.650264523969008587e+04 7.758090177138586296e+04 2.786008585606398992e+04 2.282999472061210677e-01
3.638635019328153031e-01 6.259877958606701043e-01 6.435173823151844053e-01 4.587664934198098510e-01 3.091800613970308587e-01 3.862110720552396348e-01 2.858496500888444425e-01 9.421760447731470049e+04 7.514334017160639632e+04 8.227526099768771383e+04 4.205589445588407398e+04 2.708907849933727685e-01
5.685343275572106725e-01 4.768429633083328678e-01 4.173561379111914160e-01 5.862345803419554136e-01 4.219404247247266482e-01 5.031273875038888566e-01 5.663703689717707324e-01 1.189101844051672670e+05 7.607133929619034461e+04 1.029803116386429756e+05 1.480729411648488604e+05 4.667818094245771987e-01
4.293556038283615761e-01 4.870928503577438007e-01 3.482194519924788345e-01 5.901769230863312954e-01 3.469771603403274951e-01 4.091443511774835451e-01 4.432914745228335174e-01 9.347756734486008645e+04 7.672483512149547460e+04 8.272297429602860939e+04 6.686863885456652497e+04 3.703545961544479348e-01
5.719755741154730622e-01 4.216369653916601790e-01 4.030880010333740548e-01 5.533783026836386343e-01 4.339314652021174501e-01 5.030801281123172819e-01 5.975491341585119631e-01 1.226485725397103670e+05 9.031951562561867468e+04 8.897440610686977743e+04 1.454526153649491607e+05 4.083901972400522107e-01
9.888330296842365863e-01 1.572975793769442465e-01 4.896019872904417980e-01 8.496644312624249684e-01 4.593181742454027772e-02 4.985371577604381099e-01 5.331747717883390525e-01 1.403141728722393455e+05 1.015112486136966181e+05 9.260940229963831371e+04 1.469239814523175592e+05 5.090115539757043006e-01
3.729378384542239577e-01 5.263874280132198047e-01 6.109014076775473034e-01 4.334144588449534985e-01 2.781758076956526993e-01 3.541529134804366485e-01 2.699803296967911437e-01 6.999110633449358284e+04 5.764718534229149373e+04 7.971317307563719805e+04 6.504355080482361518e+04 5.926186124164528612e-01
4.529667225801863872e-01 4.221447574096884314e-01 4.515405214274830770e-01 5.331344088528048308e-01 3.662143492682634616e-01 4.157703759177209801e-01 3.072985294971289361e-01 9.457252651996539498e+04 9.272576736951721250e+04 8.168258021640572406e+04 8.168389244152122410e+04 3.806594925979988608e-01
3.931286161290443726e-01 4.725556378198051966e-01 3.596938648734850363e-01 5.746790962719073859e-01 3.411091928846270438e-01 3.773175547698901511e-01 3.604933036721695849e-01 1.159871799479927431e+05 8.101381388749420876e+04 8.126978044028539443e+04 5.563597280355598195e+04 3.447471462895993488e-01
5.411414786970798474e-01 4.263550944954845323e-01 3.425962825788657629e-01 5.521401729968570260e-01 4.447702018434852578e-01 5.409716605719698812e-01 5.458499583900148222e-01 8.620312137021211674e+04 5.756244923485981417e+04 9.812371135548986786e+04 1.511333299296255282e+05 3.996861505139131521e-01
4.574904453057832554e-01 2.440699123123500347e-01 4.175675804498875099e-01 4.883610429140883280e-01 3.277879420640667507e-01 4.252830103261864281e-01 3.421892675651412863e-01 1.033639255278524215e+05 7.860163833065854851e+04 8.669733268090858473e+04 1.134761392951849120e+05 6.384001980891538253e-01
7.948605946662050670e-01 5.069882062371625642e-01 4.622844747929982234e-01 6.522278688636855559e-01 4.137281124507831698e-01 4.764423092648957248e-01 4.704479454089018908e-01 8.930707531995046884e+04 6.820921902845130535e+04 8.408189138445978460e+04 6.494632295624226390e+04 5.883027349151902508e-01
3.860651002539096099e-01 6.043670218349513901e-01 3.484109371367950514e-01 6.810234576290854491e-01 3.262576671899821701e-01 3.399123515729168821e-01 2.980664585037545167e-01 1.299536361238339305e+05 1.052830819395849830e+05 8.102820844829805719e+04 3.540383112967294437e+04 2.821333513553163086e-01
6.164986255004190063e-01 4.475442962384248990e-01 3.303825496782703541e-01 5.347875893415284798e-01 4.747129233223947309e-01 5.173074557011679842e-01 4.902668285478681276e-01 1.119066084380907996e+05 9.139437950797392114e+04 8.031017367316989112e+04 7.251086828319873894e+04 3.539204098721934755e-01
3.779862689363884254e-01 5.545595998068714172e-01 3.212379573031530211e-01 5.931344587619121755e-01 3.478096878274873904e-01 3.839814411339254607e-01 3.147462522023902753e-01 1.162673439458419889e+05 9.562974796931940364e+04 8.001953132213313074e+04 4.389451338715302700e+04 3.067458242185189810e-01
3.852846212531538805e-01 4.609077832439624767e-01 4.742039936311740478e-01 5.354125981067762163e-01 3.092044607201456241e-01 3.775132203757668448e-01 3.953081734116847268e-01 1.370037118711216608e+05 8.576702153571121744e+04 8.717123630044623860e+04 6.860139956428497680e+04 3.254840938538020589e-01
4.954270657213467044e-01 6.209422329450300371e-01 4.352431862463145285e-01 7.130256101988703410e-01 3.606079543695503986e-01 4.248656428487494474e-01 3.491310794379082205e-01 1.409734340899421950e+05 9.806111516704761016e+04 9.440203137887302728e+04 6.717508526977797737e+04 4.634991242777268816e-01
4.506721709109066110e-01 5.163221297905958851e-01 2.857232014976815448e-01 6.109169387248104544e-01 2.553176442995014894e-01 3.787622925680362851e-01 3.833731647849094593e-01 6.142695870328036108e+04 1.015510941206358693e+05 7.411400755973158812e+04 1.117061500348199479e+05 4.165469919138191091e-01
4.107661480471084814e-01 5.475161487914155245e-01 3.696451850638143855e-01 5.203947911484632094e-01 3.749458393201521300e-01 3.740359132432882761e-01 3.826123335757488086e-01 1.128059663044615590e+05 9.409190349473034439e+04 8.977623081580204598e+04 4.607581849464258994e+04 4.016351485046619763e-01
4.289257894033305929e-01 4.768838485812348926e-01 2.922352495783682169e-01 5.389351759497249539e-01 3.347060594521364951e-01 4.213579839884131206e-01 3.805206737993471200e-01 1.134982868368635827e+05 9.433393404558705515e+04 8.498925962835885002e+04 8.795828079051013628e+04 3.129140413630430717e-01
4.359409677650388781e-01 2.730916022861157311e-01 1.772890406149024711e-01 4.269994440095438715e-01 3.138915506139052236e-01 3.510649399160791218e-01 2.757134100296815826e-01 1.083422296751976392e+05 8.893685979157006659e+04 7.999581798662198707e+04 3.745842315605482145e+04 2.712462026513379754e-01
4.786883884353628216e-01 6.113699851772422811e-01 6.081383359340266637e-01 5.332127171199019244e-01 3.810990995477388510e-01 4.437888008419395014e-01 5.617211932560800536e-01 1.814459436911800585e+05 1.364622705649028649e+05 8.785470547250610252e+04 7.947721769573814527e+04 5.550936586948289619e-01
3.769813917832292582e-01 4.360514875770940546e-01 8.229703496106666183e-02 5.847935755254957124e-01 3.322730527496415287e-01 4.265811621534884024e-01 3.181483926823883701e-01 1.260724223030552967e+05 8.711203959885526274e+04 9.726141574432705238e+04 6.986153747946218937e+04 5.139282914271170455e-01
3.908832356555895227e-01 5.957198033095589818e-01 6.182749050608689068e-01 4.741390663336541578e-01 3.356651014772873975e-01 3.840157884731410509e-01 3.035687881326414872e-01 9.298237689305363165e+04 7.483774271219655930e+04 8.152788817387957533e+04 4.107999471286412881e+04 2.945190686314101414e-01
5.850108029701267531e-01 3.437023014076278637e-01 3.278801890683405440e-01 2.550100970325758221e-01 3.646483710551692847e-01 4.952290691564877334e-01 5.395164664028904156e-01 6.058361761258811748e+04 5.039240437651638786e+04 8.446436046837830509e+04 7.502140720400461578e+04 5.417742859972076719e-01
4.222490410593730537e-01 4.292081447891852308e-01 4.636229194941904330e-01 6.457897010033778473e-01 2.986970806179268800e-01 4.082899428104150852e-01 4.869539170942646655e-01 1.332405544547509344e+05 1.153335698814376228e+05 8.829742064659611788e+04 1.134014414582642348e+05 4.708089257715026843e-01
4.458859817153993377e-01 4.462171537230792406e-01 3.929170846502937908e-01 5.395068726973744067e-01 3.383452002985461449e-01 4.045824588206960448e-01 2.961176860435438818e-01 1.331040851361233508e+05 8.467326332005712902e+04 8.416415086884355696e+04 5.480166169850053848e+04 4.633292447116880708e-01
6.340351404623969511e-01 2.430224693215383980e-01 3.298946972038470649e-01 5.293049758341467070e-01 3.022304404409817402e-01 4.062288945269230678e-01 3.829048128737141954e-01 9.338172355041612172e+04 7.436837197473536071e+04 8.235932011027169938e+04 1.019504321891024592e+05 6.161729563030512447e-01
3.606067782165279789e-01 5.108286235741108516e-01 2.677826842285421227e-01 4.865772373048578570e-01 2.155261452151201185e-01 2.257365847845190510e-01 2.379342483466024005e-01 9.907024131192491041e+04 8.664276323856774252e+04 7.511481419953545264e+04 3.005286888882914718e+04 5.266072513676931521e-01
4.638714169326968451e-01 4.874389637833790312e-01 4.746034561231211590e-01 5.417533388196111854e-01 3.491904661359834239e-01 3.814210159798726574e-01 3.751963192839433137e-01 1.205668702304808830e+05 9.540094727811410849e+04 8.905851605553539412e+04 9.165148757682448195e+04 4.322247654704620135e-01
4.583413969486859196e-01 4.266125888207835670e-01 4.188521828871055175e-01 5.604016554360632396e-01 4.192573754608494019e-01 4.681501679848719122e-01 4.081115442071254762e-01 1.305350806520360347e+05 9.842040492837535567e+04 8.736913276881823549e+04 1.003226580250625848e+05 4.028212733478637175e-01
6.686937541743825930e-01 5.212159174529074068e-01 4.754951189310948068e-01 6.500685250624173017e-01 4.862774740845616783e-01 5.643815627146010483e-01 6.017294342168819643e-01 2.619657394805948716e+05 2.260965007573600451e+05 7.661651439933529764e+04 2.192504888537292427e+05 5.460846100220817512e-01
4.828944144731247001e-01 2.303127903908256391e-01 1.225231579139127169e-01 8.502447931008326742e-01 -2.542427721814841668e-01 4.799235782493446734e-01 4.942263282084751186e-01 1.122247111807029578e+05 7.532631241064950882e+04 9.584053738834342221e+04 1.167324576812748855e+05 3.502554543678785826e-01
3.722731057883025829e-01 6.317669708285671426e-01 5.878928180146177906e-01 3.420081654765841361e-01 3.743540122083314770e-01 6.842511845418384198e-01 3.058044531595511817e-01 7.931725899301016761e+04 7.237154896504279168e+04 7.961363729274501384e+04 2.460787007887951404e+04 3.126219347486699496e-01
5.447479676667155157e-01 4.246199944933893855e-01 3.010415304612277243e-01 5.016664162467041610e-01 4.377887420171028277e-01 5.470289698967490954e-01 4.376251663432415562e-01 9.404150990813103272e+04 7.246164674858337094e+04 8.574609480042416544e+04 7.978519780212025216e+04 3.234660931786488280e-01
4.391850914219913582e-01 4.779506802057455483e-01 5.115869330101497914e-01 5.312289834855047355e-01 3.029774800192300832e-01 4.510488240555176054e-01 2.744345853517308753e-01 1.271668083152063627e+05 8.581949531491912785e+04 8.276762388363698847e+04 7.072582486775195866e+04 3.863901091734135984e-01
5.490914860318018009e-01 4.261574015769833967e-01 3.485476717000130509e-01 5.540168502978616294e-01 4.478231331849659713e-01 5.317123429284276170e-01 5.477429088438540150e-01 1.071792391330326791e+05 7.591651635316033207e+04 9.246010350469259720e+04 1.450256627619121282e+05 4.029152467485384581e-01
4.056403559027858541e-01 4.442123613333514021e-01 3.768864236762413111e-01 5.823014349970618841e-01 2.977042431028291691e-01 4.403220933939088755e-01 3.943474362716133386e-01 1.051071765552445722e+05 9.772310355684501701e+04 7.735398311411004397e+04 9.023528660508833127e+04 3.582872105854205680e-01
5.553938321271345568e-01 4.833778922855802573e-01 4.892316334392980970e-01 6.104118897308451475e-01 2.948149693160621032e-01 4.381469088811743018e-01 4.042411306914636682e-01 1.325491908048923942e+05 9.269081836461830244e+04 8.486312266878242372e+04 4.108648509510068106e+04 4.257068263002564135e-01
3.369873882520127428e-01 4.755168558382419364e-01 4.095256293026011685e-01 6.225942948609625160e-01 3.392556200098991170e-01 3.875501596766603996e-01 4.128315539853473770e-01 9.569274160561896861e+04 1.125330312210735283e+05 8.367887469437021355e+04 3.357000537690099736e+04 3.494309137445942293e-01
3.867477753952364705e-01 5.928133166740147120e-01 5.853228640279543038e-01 4.719151846001025663e-01 3.493924712772870089e-01 4.074835226577628311e-01 3.078439444945351156e-01 9.498667273334212950e+04 7.631507557075955265e+04 8.166105093260615831e+04 4.162180667283271032e+04 2.940552156802337946e-01
4.535324406867228819e-01 4.671495861067722077e-01 4.229959003151828045e-01 5.225495004959246348e-01 3.778005166117606728e-01 3.622297129237200264e-01 3.473808768852802431e-01 1.408971598448854929e+05 8.342065629885530507e+04 8.511487537678057561e+04 8.189122481851463090e+04 3.192668007439408706e-01
4.793182304583620268e-01 4.304954047161048680e-01 4.288274939992382517e-01 5.777686718427372803e-01 4.293775762405327434e-01 4.722700270759574992e-01 4.516661114931881937e-01 1.557584480672771169e+05 1.147028494230693905e+05 8.936374837759713409e+04 1.242170680659598147e+05 3.878375232367309300e-01
4.511347066673497830e-01 4.816772539656650198e-01 4.359497717029796049e-01 5.633342678901320788e-01 3.510014956272169417e-01 3.659271930070391865e-01 3.780214492496696277e-01 1.458886504819951952e+05 8.159809740577630873e+04 7.976107377247461409e+04 7.747145509431789105e+04 4.067163495578871024e-01
3.837441178592789770e-01 3.233565610793782130e-01 2.133515562426745449e-01 5.040741117128471060e-01 3.443620741830591969e-01 3.840629494401957000e-01 3.249566946074698981e-01 1.171253338516774966e+05 9.532677621563355206e+04 8.068279201162805839e+04 4.433120923261398275e+04 3.175766977492691656e-01
4.756058290154541179e-01 4.965183306643086714e-01 3.377709253478319296e-01 5.490138678296948571e-01 3.585385723191488183e-01 4.265598001019146324e-01 3.975973478572729647e-01 1.190524258476737014e+05 8.634222953322115063e+04 7.960406227942073019e+04 7.082491851587346173e+04 4.413143574362372590e-01
4.244755284790695526e-01 4.378056641819109140e-01 4.195764996018680471e-01 4.962911144695779098e-01 4.208543951185012566e-01 3.904274419918358774e-01 3.436831924115007486e-01 1.023676159330227092e+05 9.523138708024260995e+04 8.348344577678656788e+04 7.690621192082794732e+04 3.291420178626867643e-01
5.148744976909885862e-01 3.663012438147066341e-01 1.546914553655676372e-01 5.151537685279456991e-01 3.351978027402452431e-01 3.009370084155333913e-01 5.405932326501609042e-01 1.527014630549564317e+05 6.773942275200015865e+04 8.617516909378390119e+04 1.007207186579249392e+05 5.494198042221772882e-01
3.349968816274793149e-01 5.330823456822111339e-01 6.061920869910161214e-01 3.405161311752532560e-01 2.519775356097331276e-01 3.040360295078602393e-01 2.473517052497941071e-01 1.142154867504479334e+05 1.009553727979530086e+05 7.448634044401833671e+04 4.152881546183862520e+04 5.469960539926538301e-01
5.240686200110208359e-01 4.810797892935546605e-01 4.181984629669273090e-01 5.434188596935928262e-01 3.850688055174407709e-01 3.919610210792693894e-01 4.102157992574174128e-01 1.012662720735616022e+05 8.391976104475789180e+04 8.159071848581041559e+04 7.032396156654231891e+04 3.516224001214161565e-01
4.369233076764072465e-01 4.677633356490496497e-01 5.376656960814096831e-01 5.659853157029338666e-01 3.540112799538776001e-01 4.339348335889433583e-01 3.459837749651422656e-01 1.243991648368658061e+05 6.277410211390066979e+04 8.145072526011554874e+04 7.306534029447441571e+04 2.639876997141252235e-01
7.565569224569920204e-01 5.919764722178006977e-01 3.508750096250736750e-01 7.196903498341095107e-01 6.414725868387705088e-01 4.428427249512280062e-01 4.874647146612491877e-01 1.035082891379891953e+05 8.367479309332009871e+04 8.163360881913441699e+04 4.292535024137915752e+04 2.805773802859863886e-01
3.464948543822827798e-01 5.798486355405865211e-01 5.468113820895883492e-01 4.421773764392193384e-01 3.148148975371616309e-01 3.457567405507251945e-01 2.826877375325011488e-01 1.318391970505815698e+05 1.077873190769711655e+05 8.018392165178431605e+04 3.383213354468737089e+04 2.670679672723929587e-01
6.774130973102142628e-01 3.407468303327382264e-01 4.808759678246772862e-01 7.338048204433235133e-01 5.044511593823119977e-01 5.955092082311864710e-01 5.585585127465970690e-01 1.721125254872991063e+05 1.076453873719718249e+05 1.041064533939467510e+05 1.965738414315745467e+05 6.979465942739551121e-01
6.652089961271822061e-01 2.518507141898710389e-01 3.992142344619868943e-01 4.028216211742798869e-01 3.191999886012464871e-01 3.908610809030934052e-01 3.892526988437225999e-01 9.500405385022961127e+04 7.633577903442906972e+04 8.259788033212753362e+04 1.017113139115309459e+05 5.805767422324087379e-01
6.167219211150993807e-01 4.798781899094239356e-01 4.163422263015765790e-01 5.950553449590035848e-01 4.650349772580961161e-01 5.491043371875425905e-01 5.775040875918011629e-01 1.408536319811297290e+05 9.854518678042507963e+04 9.385698930541443406e+04 1.734294240891455556e+05 5.194545147369413751e-01
5.176703138457932063e-01 4.579410543309714310e-01 5.048280239742113373e-01 5.453926170114731242e-01 4.366210470524021781e-01 4.138542707043943447e-01 4.041728981613299521e-01 8.765473619698110269e+04 1.000674736248414993e+05 8.526691759379686846e+04 3.811035600036927644e+04 3.442776562666106099e-01
6.132957318107259415e-01 4.455918759787509953e-01 3.998250073449739483e-01 5.950346360958478353e-01 4.654124005150636623e-01 5.400143782910081791e-01 5.948168139004208488e-01 1.575497107221344777e+05 1.018478850360070501e+05 1.017029271356580284e+05 1.742907555863833404e+05 4.483924781787771430e-01
4.999009210895543620e-01 6.024157432867474071e-01 3.966276100326275311e-01 5.407081863646604480e-01 4.668379470746762405e-01 3.828409932799183846e-01 4.424387544446825027e-01 1.513314330765911145e+05 1.223107674646528612e+05 8.076840996101689234e+04 4.717452641157000471e+04 3.241185013432725803e-01
-1.791793872604615923e-01 9.218819343240227671e-01 9.018845046695354029e-01 7.191090863697584545e-01 8.951654688909463919e-01 9.002352479061367374e-01 5.732348403244891255e-01 7.528646362438800861e+04 3.787851829880427977e+04 1.233201051028723305e+05 2.256343829961230513e+05 7.797963706515014248e-01
3.309536632757562602e-01 4.700667837925586179e-01 4.562363864036284022e-01 5.503483549012666565e-01 3.861274018959512389e-01 4.266727098624811809e-01 3.343690639980183565e-01 1.178155957655961247e+05 8.554731692849739920e+04 8.484517779627720302e+04 1.015620553729317180e+05 3.850725761310599959e-01
4.097201102799986061e-01 4.457617634428669984e-01 3.962861075943653888e-01 5.475266741109333646e-01 3.583246393143065256e-01 3.807292328427629435e-01 4.196395984942979385e-01 1.065513065106771828e+05 9.304603166315545968e+04 8.235764244693043293e+04 4.664361337128029118e+04 3.604723965708592215e-01
5.719512315319974505e-01 4.262432856406757620e-01 3.994832595439992140e-01 5.559730919490963874e-01 4.353216351076547586e-01 5.184661915918988839e-01 5.937197976766301899e-01 9.501455521510852850e+04 6.450778707635406317e+04 9.649668683970594429e+04 1.553476734899446601e+05 4.126654477407893928e-01
5.946205977237799534e-01 4.408178733438555263e-01 4.104822909028875144e-01 5.990688858189294752e-01 4.671735782714883656e-01 7.004844930984747142e-01 5.687528607430804017e-01 1.482235681370284292e+05 1.053974094800990133e+05 9.380546270528109744e+04 1.576134439133587875e+05 4.452240312059131400e-01
5.664958315977640657e-01 4.548938640981752268e-01 3.813976708761394607e-01 5.730601458872119913e-01 4.750922470565262512e-01 5.289388358818292168e-01 5.218220993754314474e-01 9.630832522517384496e+04 6.158107406256983086e+04 1.024361445973594673e+05 1.322020405110117281e+05 4.272457027926314099e-01
4.966364750025745178e-01 4.046598936288534620e-01 3.250136821865129422e-01 5.396484414924062056e-01 3.440874960951675887e-01 3.933781507928100218e-01 3.282703579705302244e-01 8.897372200406478078e+04 8.648766601792503207e+04 8.414250649779727974e+04 1.019950503287741012e+05 3.349653495673818315e-01
4.348505355354910784e-01 6.095056522865520687e-01 4.030683185136898494e-01 6.022710042154382215e-01 3.160695643625380802e-01 3.635349147594325592e-01 3.342525141333401173e-01 1.042814855017059599e+05 9.647262977927096654e+04 8.529394460667169187e+04 7.433277303279971238e+04 3.201209753797243929e-01
4.023312169187807097e-01 4.628679949188754250e-01 4.195340277905028614e-01 6.317765234492402904e-01 3.489065886679250661e-01 4.204390800722983546e-01 4.555461365119575223e-01 1.030218256548099162e+05 5.815037977853772463e+04 7.817339971086641890e+04 5.749632202817594953e+04 3.794734716533352259e-01
5.718773621712351929e-01 6.156506017861206326e-01 4.372410694905550788e-01 7.541125389547681523e-01 4.608495572490450276e-01 5.275716579300009368e-01 5.218635567145070153e-01 2.227489039906702819e+05 1.310482036276198487e+05 1.142349696450536576e+05 1.701421807219504553e+05 4.217281069961230644e-01
3.905568950281891327e-01 5.993650114303799015e-01 4.462364964643273924e-01 5.427528910845369481e-01 3.623734134633494475e-01 3.661518014209979577e-01 4.711466043042623619e-01 1.295537679083484982e+05 1.200573532257503830e+05 7.747688259681288037e+04 1.420122614251517225e+05 3.865505061456053215e-01
5.340415359499169901e-01 4.983185468118558892e-01 4.980185952080356526e-01 5.674488613423946948e-01 3.010258362244359054e-01 4.135958030085440940e-01 3.411855648855908196e-01 9.575379160495703400e+04 9.372443385587319790e+04 7.682083222772447334e+04 8.700589861068376922e+04 2.916288548767694278e-01
3.600879100214331441e-01 6.319843771708001379e-01 3.573854951923289835e-01 4.750798899038360945e-01 3.289341551504359473e-01 3.804671790190015668e-01 2.960512268979920703e-01 9.914407469913002569e+04 7.920680954641191056e+04 8.222347736913786503e+04 4.357542701255792781e+04 2.829275528431831055e-01
4.793330903092033468e-01 4.302159341655704683e-01 3.501802170524775937e-01 5.472964173088451512e-01 3.397031374280882754e-01 4.292665517485482751e-01 4.119268373419652240e-01 1.224306383719487494e+05 9.343826292558891873e+04 8.577392087928776164e+04 7.550162742018757854e+04 3.796175506317395199e-01
3.744649309475479027e-01 4.738437815556439392e-01 3.953762548135608124e-01 4.859894556154958356e-01 3.624459077059309364e-01 4.015827173679997752e-01 3.026915584272895088e-01 1.110558025962540123e+05 9.260915956685833225e+04 9.058866173904357129e+04 4.454860565795906587e+04 3.778348199581348377e-01
3.824220552016955321e-01 4.837757102776325535e-01 2.995911676461991968e-01 4.876303220898428048e-01 3.631377882974242688e-01 4.159985806514793216e-01 2.832086123902459729e-01 1.180005341389472451e+05 9.626933213711880671e+04 8.631370614949685114e+04 9.050806546229310334e+04 3.304250629395989458e-01
3.525472435511744496e-01 3.079943727610074955e-01 1.988451673341472548e-01 4.749765361655920448e-01 3.436611082263750228e-01 3.697123833654605285e-01 3.077069704496959157e-01 1.277022816932532151e+05 1.036319960685902624e+05 8.090227271370704693e+04 4.841220362523611402e+04 2.923027315309500995e-01
4.272980790598716605e-01 5.189217304894215843e-01 3.203660749976844357e-01 5.117448162672846301e-01 3.379888069660629824e-01 3.999362358792428185e-01 3.535012764862744405e-01 1.332498892488082638e+05 1.122852267159928160e+05 8.379956505750128417e+04 8.350882668876557727e+04 4.134230235801122366e-01
6.893326516535154269e-01 2.581681156460197135e-01 3.178932448438766545e-01 5.305612036834408407e-01 2.913052998214709643e-01 4.070736530587344415e-01 3.732151306615240083e-01 5.779712279809207394e+04 4.559088584573748813e+04 8.312578120129866875e+04 8.098611206879622478e+04 5.804960977207730410e-01
3.320012294284529486e-01 5.796309806086010763e-01 6.647842975715579916e-01 4.565445979263138554e-01 2.332090157796401775e-01 3.476488591182773091e-01 2.842870949156140470e-01 1.069873803787185316e+05 8.966752956536915735e+04 7.853828937135143497e+04 6.563423299037232937e+04 5.874769738049041568e-01
3.991961292631969194e-01 4.411687247733624972e-01 4.121415104413109765e-01 6.217213925930825669e-01 3.319173499458681897e-01 4.178815052252725093e-01 3.847476655754571429e-01 1.107362772416234511e+05 9.007805880131560843e+04 8.588051062504287984e+04 7.537750626959184592e+04 3.682306127456596578e-01
6.649459768170189466e-01 4.869841328326361962e-01 1.932518857292074843e-01 5.406493910225304012e-01 2.821876661244736573e-01 4.371130068787102418e-01 4.148459629991738673e-01 1.295260337211021833e+05 6.084036540975440585e+04 9.254522009351961606e+04 1.633374200424525188e+05 3.684742847059770399e-01
4.785800432162749529e-01 2.397151621653612619e-01 2.656438478013396498e-01 4.834503668338751003e-01 2.940001879156855513e-01 3.980365571788137546e-01 3.482793629218185472e-01 1.651866383468949934e+05 1.392151231756787747e+05 7.772452583791200595e+04 9.629784179388517805e+04 5.788186193902349341e-01
3.567518087426451157e-01 5.618527814667992892e-01 6.113188690617024079e-01 4.086428566950477959e-01 2.259485131960569382e-01 3.242543981611518134e-01 2.527238384615150824e-01 5.382746852464717085e+04 4.459530276473273261e+04 7.914526617958607676e+04 3.149326564051373498e+04 5.492843373504369131e-01
4.135982715029596357e-01 5.087297991974955025e-01 3.903207684534732436e-01 4.855290052505529808e-01 3.931090421302141369e-01 4.058468811656051334e-01 4.341653213082719009e-01 1.078586059367660055e+05 7.356499487368465634e+04 8.842625279787542240e+04 1.059549357202707179e+05 4.051191964815832325e-01
3.637915945451741795e-01 5.280628602019159512e-01 2.656253514489238521e-01 5.264662165431140961e-01 2.653887294433953659e-01 3.458210174294542028e-01 2.700419856043914102e-01 8.108966945838993706e+04 6.790564879332699638e+04 7.835317409963053069e+04 5.285462977392701578e+04 5.828606160980380757e-01
6.473803637288250146e-01 4.620367185830033807e-01 4.206520452674331612e-01 6.230662077848110325e-01 4.757546522345561524e-01 5.593183754419953635e-01 6.171469488636741607e-01 2.621018554492037802e+05 2.575935838389690325e+05 6.668572523621685104e+04 2.371754121733940265e+05 4.728995428914317678e-01
2.973545658325894570e-01 5.115367737727400943e-01 3.682976382821938621e-01 4.827447149263723314e-01 3.657831861135902862e-01 4.422756249539155360e-01 4.065750149792116686e-01 9.750731725467812794e+04 9.764335262067368603e+04 8.932501735771029780e+04 8.692760634802507411e+04 3.070165151014823124e-01
3.692524209994711981e-01 5.001782176238770417e-01 5.027273577721012021e-01 5.043436337233301314e-01 3.813095433236960985e-01 3.912862620371776456e-01 3.147391534860790596e-01 9.957929108635128068e+04 8.313480109856359195e+04 8.439308515512385929e+04 1.059642805866187118e+05 4.561805847763784616e-01
4.606315732388823192e-01 5.118655222658224924e-01 4.260650890811376601e-01 5.814887676676362416e-01 3.587260560405609588e-01 3.806103538437721756e-01 3.838005232842977565e-01 1.200562804078896734e+05 9.163180043330849730e+04 8.156545269470570202e+04 6.621759624106866249e+04 3.607194744378358076e-01
3.451130626858666672e-01 5.267984938802576789e-01 4.526915486787206899e-01 5.275829566356002864e-01 3.628333950639770489e-01 4.200938877576318453e-01 3.959224619657845667e-01 1.077892361230778479e+05 8.510275043828049093e+04 8.203101536342107283e+04 1.050362999919222348e+05 3.945064666285788557e-01
4.119451197669314890e-01 5.376261276855405224e-01 6.388265913819757280e-01 4.600365191718354119e-01 3.048263184972358486e-01 3.707070907100011858e-01 2.831283830486989728e-01 1.053778897086654615e+05 8.907306081960182928e+04 7.775204930808210338e+04 7.119872085943860293e+04 5.870106141262191324e-01
9.819869420218870770e-01 3.675173928546177637e-01 7.098736687252782396e-01 9.467203027230581824e-01 -1.964793297516918280e-01 6.156770277535286162e-01 6.901203430114105641e-01 2.543727465988187178e+05 2.349715952774190810e+05 7.138024164760402346e+04 2.201518727053959155e+05 5.642530891513031222e-01
4.533083178691794113e-01 4.592618593219217060e-01 4.189136691494443898e-01 5.732151788445157825e-01 3.874569705278714804e-01 3.751034976450482450e-01 4.131874026158360858e-01 1.180550702395084809e+05 9.507009419357329898e+04 8.764339245065934665e+04 6.298822304491156683e+04 4.445188080568478473e-01
4.583992082159331627e-01 5.570216250550085180e-01 3.102793610369953270e-01 5.794521495193267757e-01 3.153105934324954007e-01 3.654726004124636551e-01 2.750061100222234156e-01 1.110540252711595822e+05 9.170309095711588452e+04 7.966220220061563305e+04 3.591949970774827671e+04 2.596998590747535141e-01
3.871849756538912057e-01 5.940768433645318147e-01 5.899095022383188391e-01 4.724212439085097581e-01 3.490185346787147425e-01 4.188490809735993525e-01 3.056578337430637116e-01 6.755177249446728092e+04 5.140948498403573467e+04 8.620689989927902934e+04 4.654690619812096702e+04 2.917848424768715865e-01
3.971992021243563875e-01 5.284236104979587179e-01 4.673721753169444715e-01 5.645537198468558726e-01 3.517456348042382053e-01 4.391485919945081196e-01 3.425950565112346746e-01 1.204436221152491926e+05 8.041250291364731675e+04 8.290942766885321180e+04 6.580848132459959015e+04 3.485915240290006767e-01
3.762288179011480382e-01 4.647386197531894192e-01 4.603700012000775943e-01 5.348259883499222322e-01 3.163698848852044554e-01 4.635070980173580102e-01 3.873824798541721792e-01 1.265503788434305461e+05 9.408044166631823464e+04 9.145571833631575282e+04 6.217740433907023544e+04 3.927304995669853027e-01
4.578992798912761009e-01 3.175833520202305804e-01 3.354472144345301832e-01 5.719969018706820840e-01 3.918389073348479412e-01 3.774821260202470552e-01 4.484153333539092068e-01 1.388756608507874189e+05 9.510684564924958977e+04 7.856865473250889045e+04 9.730526793401780014e+04 3.869459053552584127e-01
4.506931757874956257e-01 5.229200994414900938e-01 3.597505270822402568e-01 5.709465385561031114e-01 3.372522090519206039e-01 4.041245895772722641e-01 2.988858508660110491e-01 9.693801666197886516e+04 1.074758785824571387e+05 8.266168403344080434e+04 8.063700788395374548e+04 4.103861732785359373e-01
5.945791954442999350e-01 4.518264319561390852e-01 4.052051715158221934e-01 5.950506144582724533e-01 4.846653073585748817e-01 5.197281723935320841e-01 5.782923438680446226e-01 2.065622014893953456e+05 1.568833865362029755e+05 8.661448034392543195e+04 1.498567110190505628e+05 4.473859445818901825e-01
3.047958838552249916e-01 5.423006962418799315e-01 5.531386185252792353e-01 4.219831787794054434e-01 2.272806925869745309e-01 2.564514421961734958e-01 2.625899122208320557e-01 1.807774681351764884e+05 1.513101208065682149e+05 7.836311472439047066e+04 3.110529883886532480e+04 2.581557869849084863e-01
4.063712719269904072e-01 4.529982172185950673e-01 4.999805932950341369e-01 5.523700452018972529e-01 2.857253810310174114e-01 4.262510089556110215e-01 2.814202487942931707e-01 1.357228945537520631e+05 8.086425812738687091e+04 8.118375070647250686e+04 6.731338668648166640e+04 4.053131207172209760e-01
3.513923426414244378e-01 6.082256239203297499e-01 3.654377995717901229e-01 7.207210266379087127e-01 3.269793951722335112e-01 3.995574885274233989e-01 2.881971606788603091e-01 6.514606880895004724e+04 4.916913159136919421e+04 8.686782848573014780e+04 4.638578576546464319e+04 2.715385113356568181e-01
7.174561724906418636e-01 4.238561450519223728e-01 4.564377819516747814e-01 6.047701974426733518e-01 4.071914812383357063e-01 4.875872995304990076e-01 4.552098624424159024e-01 1.604127385513984482e+05 9.327884575745627808e+04 1.132943521987460408e+05 1.678192703330900113e+05 6.702252146618131734e-01
3.949201129784973840e-01 5.082589934734726977e-01 4.383176896476157491e-01 6.336605563560978593e-01 2.676700422221551245e-01 4.257483073069610047e-01 4.653609326444952399e-01 1.107325989859693364e+05 7.494687566575000528e+04 8.539615723788485047e+04 7.225344402091859956e+04 3.368153110203128686e-01
4.364499133691615018e-01 5.075762447332468064e-01 4.258450887722022293e-01 5.301033106350818702e-01 3.302299937673738861e-01 4.147679402764521961e-01 3.771418490971807369e-01 1.060289861562100123e+05 8.715432606501263217e+04 8.317275045061233686e+04 7.242613149170944234e+04 3.642748257664514266e-01
4.463032622180815867e-01 5.211429246253025394e-01 4.565761603192509677e-01 5.389253787871340906e-01 2.916295577258678495e-01 3.829916822309795132e-01 4.726465769356890667e-01 1.252417320405280043e+05 9.901854253335937392e+04 8.306050430541590322e+04 9.196167067090218188e+04 4.066628876359777434e-01
4.221458933529453339e-01 4.839825916401426231e-01 4.266481151624275658e-01 5.857319783121021084e-01 3.375541745511763669e-01 4.428336534324640028e-01 3.490482000912592531e-01 1.158872976964316331e+05 1.009655148268996127e+05 8.207645240034560265e+04 7.905928909621867933e+04 4.177743701661211784e-01
4.067528863291696162e-01 5.547953677136224782e-01 4.259875270184405038e-01 5.443525440447927188e-01 3.751093004036596401e-01 3.605374568124468659e-01 3.218010170635258183e-01 1.478069325110424252e+05 8.850652675590688887e+04 8.317395998433862405e+04 9.702187737979953818e+04 3.899548971138643849e-01
3.382061920120792431e-01 6.349369993183661132e-01 -1.597263026576475065e-01 7.804016893750599371e-01 -1.136997638223098267e-01 3.668309878257229872e-01 3.454314993419755342e-01 1.711580945310253301e+05 1.209667680802486429e+05 9.266240297457609267e+04 7.260313767229433870e+04 3.336018883460497575e-01
3.272309642155448728e-01 5.027359878031093521e-01 4.383085710363532339e-01 5.402103187396253281e-01 3.752552228805454138e-01 4.136414378913471079e-01 3.646238843717647393e-01 1.056073166310196975e+05 9.325417173267288308e+04 8.739965462563936308e+04 8.170152357342705363e+04 3.835775489982459208e-01
5.837597370465483770e-01 4.454375016902443196e-01 4.111187740174914174e-01 5.816852934691661980e-01 4.623523482123203521e-01 5.209740105224069939e-01 5.059886000622280111e-01 1.245803322318731225e+05 8.866107325169605610e+04 9.209783623286860529e+04 1.310067733468390943e+05 4.355537397917756959e-01
5.602586295123337390e-01 6.524066160456478691e-01 6.272381537674107665e-01 7.142546932222196832e-01 6.555367580528268512e-01 5.620718922919274441e-01 4.060401217135035656e-01 6.863180843687571178e+04 4.992804410200478742e+04 9.457895098759775283e+04 1.381056968050478317e+05 6.671057110466124263e-01
4.934699219844411733e-01 5.804179169798642235e-01 4.857531556847225485e-01 5.757721549287256879e-01 3.726713978222126467e-01 3.955187338485074422e-01 3.670323292777304958e-01 1.175115952420703688e+05 9.787881070051855932e+04 9.362713733466743724e+04 7.794010354273588746e+04 3.588228869744217731e-01
4.821999690321511212e-01 5.585306784191742535e-01 5.275093771768802897e-01 6.083556014379195576e-01 3.321604564125458237e-01 4.007078866621236468e-01 2.356757811275376202e-01 1.110214264527430350e+05 8.099761101337720174e+04 8.109341194774874020e+04 4.944249872075178428e+04 3.589815949062667433e-01
3.240247107955099293e-01 2.433953996006511800e-01 2.854929241031204379e-01 3.797774274703371589e-01 1.846265291612642356e-01 1.963060873566854492e-01 4.211504597320959720e-01 5.152148176449460880e+04 4.437827082332410646e+04 7.714885963553717011e+04 2.301349156099940592e+04 4.734855100816207085e-01
4.354387779288623750e-01 4.936059724322660602e-01 3.310965059044388981e-01 5.687767341517252495e-01 3.442841213945115331e-01 3.791878789057767096e-01 3.284442599556415265e-01 1.311553622945428942e+05 8.903395880742270674e+04 8.600188511713965272e+04 5.810961516452282376e+04 3.336136927399075414e-01
5.265364519715989289e-01 4.550675178921751995e-01 4.182387684822458374e-01 5.039771759634147363e-01 3.086290050863448320e-01 3.705312370095484864e-01 4.726211393998119847e-01 1.020188585494862637e+05 9.643952541456326435e+04 8.184432087565799884e+04 6.546551935411940212e+04 4.216761738232683854e-01
3.381794303169755045e-01 5.481928532331192816e-01 6.025996536932959335e-01 4.472155759125587826e-01 2.825847452599307141e-01 3.949833734917312933e-01 2.928957829444336358e-01 9.973806892550685734e+04 8.389185601759773272e+04 7.803063407117787574e+04 6.776064601247788232e+04 5.700311152695775041e-01
4.248138864993851738e-01 3.697951337984005660e-01 4.587601098725854754e-01 5.389084308655811562e-01 4.080309946514836250e-01 4.223975688509476467e-01 3.790891723437205263e-01 9.923708933452842757e+04 1.056675713620363676e+05 8.331113201994658448e+04 6.713996782186458586e+04 4.480896492892612049e-01
3.869589631392167384e-01 4.879804947087317268e-01 4.064457531977510030e-01 5.892724333852394913e-01 3.286122400788549225e-01 4.086779491460952318e-01 3.825102239038769558e-01 1.037784049067042652e+05 1.027969982325558667e+05 8.342583920275930723e+04 5.625840794673477649e+04 3.635418988207416158e-01
4.010240876331905291e-01 4.230946908164043840e-01 4.070755974131302080e-01 4.866061223656891754e-01 3.872762066756234578e-01 3.669866111367627304e-01 3.639233287018122653e-01 8.544429153240312007e+04 8.278860559208162886e+04 8.635248726216504292e+04 9.538878263107348175e+04 3.489556645311238658e-01
6.088662088442632347e-01 2.347517712132563550e-01 3.375280540360370285e-01 5.345077974550602740e-01 3.066534363089720161e-01 4.079419491068567716e-01 3.931938246695919625e-01 1.422923838782732491e+05 1.162799218360135710e+05 8.019568933667607780e+04 1.124094397294782830e+05 6.346981307560305430e-01
3.068838661277757396e-01 5.674785903342545179e-01 3.936952653069642483e-01 5.144144965979748907e-01 2.574230097451983834e-01 3.658080127435554552e-01 2.491288111886224566e-01 5.735898495203573839e+04 4.816908401806028269e+04 7.825336594555589545e+04 2.737058454854219599e+04 2.856806992229729558e-01
6.157878054790062450e-01 4.459991048002290848e-01 3.903290268459762569e-01 5.978900555585602294e-01 4.622606478591706480e-01 5.466679519384913810e-01 6.055309774839922055e-01 2.229752018147135095e+05 1.628398898128931469e+05 9.008171466923429398e+04 2.073301141205620079e+05 4.474025202018688807e-01
3.667957368523667716e-01 3.260441640112316519e-01 2.018558622805809166e-01 4.816890210916481840e-01 3.508727976858531661e-01 4.015303303728845474e-01 3.141190146800255101e-01 9.217570303211201099e+04 6.987460287941768183e+04 8.663527101323187526e+04 4.756802898867598560e+04 3.000003869897503450e-01
4.601497006282050384e-01 3.235587968511509649e-01 3.619554699492917305e-01 5.475280723055775400e-01 2.972348809493101096e-01 4.422929461684849128e-01 3.107113708522958873e-01 1.054513985171420354e+05 8.628084134646871826e+04 8.452419335500762099e+04 6.898595242109264655e+04 3.441775101286388971e-01
5.753723661846701365e-01 4.274868359874276491e-01 2.998034837641576078e-01 5.250708168918079011e-01 4.887871820786536814e-01 5.372149769790072193e-01 4.276706136886685439e-01 8.778517976817250019e+04 6.665466361581510864e+04 8.706462712650578760e+04 7.295503777594810526e+04 3.484787211715636435e-01
4.339729436632441817e-01 5.006381251017311129e-01 3.768027025961606102e-01 5.389019746814599499e-01 3.411039245838471401e-01 4.229282152406753648e-01 4.111603584791370114e-01 1.122137317729313654e+05 7.707092183129437035e+04 8.579401998139779607e+04 9.355438053854160535e+04 3.165465186682439591e-01
-2.511756411547418355e-01 9.496483887986303385e-01 9.504772169802017112e-01 7.170061552604051203e-01 9.055459737551507793e-01 9.561123449870282398e-01 5.687977141239198842e-01 2.506233822244585608e+05 1.711208133689312672e+05 9.428563782762947085e+04 9.134836886731094273e+04 6.689749610910716848e-01
5.595231629923292926e-01 4.155374507670378526e-01 3.917012277951382737e-01 5.592527573339914904e-01 4.355881687783517142e-01 4.943013029804534941e-01 5.727984728997801422e-01 1.616325405298757250e+05 1.260322154375827376e+05 8.406247889190666319e+04 1.358868781087003590e+05 4.111904916809638877e-01
-2.537878820690347981e-01 9.398192578107729123e-01 8.634674945620642861e-01 7.751780275122164277e-01 8.056769466389495093e-01 8.704989529050644048e-01 4.381549778250442007e-01 6.633303439943221747e+04 5.075255171942248853e+04 8.226289146420585166e+04 4.676212964982338599e+04 2.825086775343618184e-01
4.742240749307597425e-01 4.813280357816533961e-01 3.622923034563320654e-01 5.409818108037530715e-01 3.391802846527183779e-01 3.758428534522100239e-01 3.475072053338646438e-01 1.154336507354630303e+05 7.891096513408912870e+04 8.332059492902411148e+04 5.461258374046300742e+04 3.602778495513381252e-01
4.520031949139599603e-01 4.883237167435844350e-01 4.029293902310218667e-01 5.758476347903082049e-01 3.829697478860057958e-01 3.862983460934737434e-01 4.448698796866286109e-01 1.154335398039305001e+05 6.506148120141089021e+04 8.239377801584251574e+04 4.759422359832016082e+04 3.485216686005230824e-01
3.365860783162482606e-01 4.287395348398637118e-01 3.661568167108337213e-01 5.423320257062586025e-01 3.625776330742647158e-01 3.938610418430008031e-01 3.267155876619328714e-01 8.781532676762863412e+04 8.352729261432390194e+04 8.554413797310367227e+04 5.973750204961287091e+04 3.488365550251604774e-01
3.960903673171610739e-01 2.290928273082971367e-01 1.855431369947912468e-01 4.185507214369846296e-01 2.680770793086071357e-01 3.561587030413839172e-01 2.808793436975625113e-01 6.128334982855392445e+04 4.948454228986224916e+04 8.120924811579770176e+04 5.767853271741549543e+04 5.828747752137645177e-01
5.565278955818563356e-01 5.944354728238141483e-01 5.794526438259571810e-01 5.539703223084987971e-02 8.179078321404338325e-01 4.528083177754607114e-01 6.677431340205641774e-01 9.341538835446118901e+04 7.008300954786382499e+04 8.302750672014646989e+04 4.386274840035887610e+04 2.961133863156295010e-01
3.430826543159720687e-01 6.097168053409610655e-01 3.617013900422371142e-01 7.199915192639844141e-01 3.183225037508385369e-01 3.879618299004065629e-01 2.775528459363350020e-01 8.911284227319461934e+04 7.070154714275320293e+04 8.265833524219134415e+04 4.238144754727188410e+04 2.595385241525196562e-01
9.237280136721309765e-01 4.508626990141539892e-01 4.912906654328380585e-01 8.916009694174944489e-01 -2.594058215210532370e-01 5.830471949003496190e-01 6.353458122369943784e-01 1.084547206656305061e+05 5.395803015852317185e+04 1.417003851691732998e+05 2.375581043222408625e+05 5.982996558369223505e-01
4.619062740849322335e-01 5.574441547831403554e-01 5.049665997063675915e-01 5.512618935945026166e-01 3.220955248068532728e-01 4.262058295561357846e-01 3.293317587438569505e-01 8.907533067993195436e+04 8.173785763639034121e+04 8.580582653610921989e+04 6.139895453445901512e+04 3.558827014876602135e-01
5.459239834528077928e-01 4.525648062900800017e-01 3.713682046018647043e-01 5.654864750524365435e-01 4.717819682731946296e-01 5.066289082559543022e-01 5.561252605564012130e-01 1.308200401765751885e+05 1.026997616789568419e+05 8.345849848095056950e+04 1.236899005907094688e+05 4.164871894717902534e-01
5.376214583045458850e-01 5.526326588205917600e-01 4.001069958592524678e-01 5.540429623945430926e-01 3.786865169963133382e-01 4.508225511977352884e-01 3.883434965898642788e-01 1.451272145651375758e+05 8.099857081494903832e+04 8.165144814770364610e+04 5.543532184673356824e+04 4.017812149216842266e-01
2.997261099962857389e-01 5.298210101172241560e-01 2.282417956241992452e-01 5.133518634376540435e-01 2.091970255602567663e-01 2.515381036613155707e-01 2.550942165667189343e-01 1.843298884520813881e+05 1.542777120690419979e+05 7.844401776799294748e+04 3.283004766505265434e+04 2.657197248415660851e-01
3.483928257194163214e-01 5.166808685947191782e-01 3.881444119986543484e-01 5.243962836951293616e-01 2.924645337397036582e-01 4.197305833875870640e-01 3.648606965991315620e-01 1.223943700020450342e+05 9.230748744128174440e+04 7.833660525142145343e+04 5.132249810336399241e+04 4.070517788255858527e-01
3.990156549608634973e-01 4.825473616085980133e-01 2.796515124678844999e-01 4.865331953903730411e-01 3.122767663417053696e-01 3.825864180450660457e-01 4.127419227872004548e-01 9.086302300539732096e+04 9.196512811826373218e+04 8.084789433526329231e+04 9.539849907606713532e+04 3.704112594874775510e-01
3.169762003925642446e-01 5.899438652384731974e-01 2.748775232410464175e-01 5.453013916598399291e-01 3.094320671948892487e-01 3.492224839425596694e-01 2.718843636721541834e-01 1.196471364051822748e+05 9.748061115035814873e+04 8.056532998168021732e+04 3.749420935176373314e+04 2.638125968445355074e-01
4.685446795702407630e-01 4.766121292713313418e-01 3.521945126993392683e-01 5.745077181650217746e-01 3.267034464691143114e-01 3.473956659162749094e-01 3.965190468656286660e-01 7.669699044389670598e+04 7.650321837774453161e+04 8.476362149036681512e+04 5.679207337943229504e+04 3.490590546902921920e-01
4.034604021270971064e-01 5.124800060319339989e-01 4.363501160064979789e-01 4.892522401526294695e-01 3.270019511689853386e-01 4.347557882281749553e-01 4.129193273879934734e-01 1.389570198401179805e+05 8.353809535531062284e+04 8.507426777932517871e+04 9.339970016836682044e+04 3.483892666654538894e-01
2.984613642187816662e-01 6.008904879573433444e-01 5.070038096043473219e-01 4.137829146233700239e-01 3.172095848219501635e-01 3.507071276372202284e-01 4.609378432309427787e-01 1.171478510234562709e+05 1.019722877699274250e+05 8.521013105997032835e+04 8.678806715440950939e+04 3.315428686772308176e-01
4.717172809173523218e-01 3.968154982250848839e-01 3.534179058587730293e-01 5.379945929045821806e-01 3.349351409677733260e-01 4.018449807250318861e-01 4.822174122206392410e-01 1.091366455634773010e+05 8.896789446424717607e+04 9.101694610373303294e+04 7.714638202045013895e+04 4.232689762457606530e-01
5.391252464132321176e-01 4.610671499311235766e-01 3.685287966291571071e-01 5.605919751298406029e-01 4.854643458522054367e-01 5.138051349659998879e-01 5.460605569831278316e-01 1.015827108592319273e+05 7.361086332807406143e+04 9.039609666137189197e+04 1.268001784918167832e+05 4.112126489103863358e-01
4.687038517299745299e-01 4.991662988076020491e-01 4.436440873519998940e-01 4.980069573251643678e-01 3.872306751149076076e-01 4.218695089358600603e-01 3.787580515149654437e-01 1.124496696945913864e+05 7.138438276150800812e+04 8.120504482873418601e+04 8.430275777692302654e+04 4.523222830195032795e-01
4.036023991857843884e-01 5.260416435200375718e-01 2.599736005419573392e-01 5.340613857935333497e-01 2.467076786783800879e-01 3.348226638376726183e-01 2.618978528384863780e-01 5.536172551817502244e+04 4.529123040968958230e+04 8.017041610981986742e+04 4.092073482735425205e+04 5.634402308364766521e-01
4.850637510697396459e-01 4.393990269237066371e-01 3.629421058615925899e-01 5.583955566625669054e-01 2.840646304404812472e-01 3.924794429039746846e-01 3.677508482005050761e-01 1.056071968757203285e+05 9.454150388693767309e+04 8.568507857882697135e+04 5.313124590838755830e+04 2.864599236892558243e-01
4.649781389817007060e-01 6.308773881352087720e-01 5.350519651062515258e-01 6.540896366778425897e-01 3.959170527204149970e-01 4.360607769181775728e-01 3.864937142838797968e-01 2.606920416377311922e+05 2.138703848691735475e+05 8.168265494286309695e+04 9.113708809018360625e+04 4.396282429241801237e-01
5.215973485608699223e-01 5.494716709907255803e-01 2.434878379169170826e-01 5.254785454898071029e-01 3.254325756374968903e-01 4.241848962097538589e-01 3.310297705593528983e-01 1.199191076498829207e+05 1.043742577956761088e+05 8.498452273258907371e+04 4.874210963870798150e+04 3.721835254537904092e-01
4.933036560608576315e-01 4.060110222507820055e-01 3.038863623727417473e-01 5.489751220075879123e-01 3.993416381815306226e-01 4.564500635568130571e-01 3.512994557590576328e-01 9.901507958921285172e+04 7.464202970769231615e+04 8.735472299636740354e+04 8.928540633503453864e+04 3.414893138562278274e-01
4.025223937765701199e-01 4.893607574978384722e-01 4.836715603602785851e-01 5.238255020676846341e-01 3.456689214841589530e-01 4.215748443629943609e-01 2.133637137820743046e-01 1.109792519437060109e+05 8.263259025606015348e+04 8.326055311916038045e+04 4.786517727068551903e+04 3.772170041546387131e-01
4.641105531275209750e-01 5.379124241311198373e-01 2.108087464900816332e-01 5.449564316154575927e-01 3.526484197987022617e-01 4.569180468549871033e-01 3.166856214424808025e-01 1.196776631647874165e+05 6.744554703437681019e+04 7.781753627272672020e+04 8.773097412029955012e+04 2.444620588011018336e-01
4.540246422119084135e-01 5.726454480712961370e-01 3.649784213494817187e-01 6.227572958691933724e-01 3.826244399349985059e-01 3.391595614315927043e-01 3.059636610987221950e-01 9.779524771793946275e+04 1.074720159580671025e+05 8.344853094194577716e+04 7.888824065630212135e+04 3.876009607687610492e-01
5.052103244289324335e-01 5.608713832078846551e-01 3.160624470656466789e-01 5.565779379519800729e-01 3.370402193910103095e-01 4.502256607275649247e-01 3.141294221990505453e-01 1.132026071845773840e+05 1.011565489008412260e+05 9.001683826846210286e+04 5.730819481398790958e+04 4.828564769191405759e-01
4.057084265120123878e-01 6.260233732796699480e-01 5.084176924363620342e-01 6.501931247328179841e-01 3.636038647016288650e-01 4.007539350947897927e-01 3.516619454595683592e-01 2.533410231283687754e+05 1.972871821375621075e+05 8.629233089337643469e+04 7.205746866180370853e+04 3.444175945903997227e-01
4.775392772438991074e-01 4.571415186319552348e-01 4.295990999550178824e-01 5.293221599533505239e-01 3.018278483675659873e-01 3.826916116414896818e-01 3.581794733105346795e-01 1.280251154077814717e+05 8.982819571479457954e+04 8.246954528275071061e+04 5.086655852954544389e+04 4.086604866486649446e-01
5.831108770372999128e-01 5.520803597494403636e-01 5.170855865165022713e-01 5.954715853008837323e-01 4.806946811145735299e-01 5.568255400320534232e-01 5.688010697385267322e-01 2.104263745503493410e+05 1.151891589844488335e+05 1.205329370230050699e+05 2.071899729433653411e+05 4.458121304048339728e-01
4.319647123417029166e-01 5.206474918747561187e-01 3.183941347161549640e-01 6.553431578572606053e-01 3.408167001196861778e-01 4.506839674166045473e-01 3.009845204041245448e-01 1.086663206709255610e+05 1.070081235504958458e+05 8.793971885926580580e+04 7.527926175408768177e+04 3.666507277220689143e-01
4.636375670115498449e-01 4.741099781082895870e-01 4.728665711729395094e-01 5.683624487467229258e-01 3.427056755026767210e-01 4.566653540631424035e-01 3.988540178146753323e-01 1.103235456681563664e+05 7.042603405960426608e+04 8.424694228454073891e+04 3.728852873922148865e+04 3.543449964484968184e-01
3.691665126040205025e-01 4.059198873387906414e-01 5.464975108819387639e-01 6.119501902563153628e-01 3.480325039312087698e-01 3.990772114953087812e-01 3.867783374530173179e-01 1.150184848594193900e+05 7.709192306148112402e+04 8.023470818746784062e+04 9.941861562158566085e+04 3.313013402289148313e-01
4.324075096182469213e-01 5.273255923539665879e-01 3.647245262050206049e-01 6.106963851517752673e-01 3.384959222874200369e-01 4.411944950472516669e-01 3.661320584688841362e-01 1.111573528947053856e+05 8.339960916511400137e+04 8.857168332744106010e+04 5.464264671404511319e+04 3.340818389457178017e-01
4.338405534460040291e-01 5.169065508919905572e-01 3.293620655287593513e-01 5.054655004483261660e-01 3.163600891810615101e-01 4.037878387759012977e-01 3.694823223751090291e-01 1.019326046115364879e+05 7.827462037358111411e+04 9.100399776246183319e+04 9.606818060067608894e+04 3.205426838799716460e-01
4.355724935676934528e-01 4.822879906400284744e-01 3.849921386963172654e-01 5.117324534329573682e-01 3.563399678857041564e-01 3.801453960099163143e-01 3.350359144523979427e-01 1.086246629895962833e+05 9.103699502781135379e+04 8.900866467581063625e+04 7.129377129092294490e+04 4.153952001174384123e-01
4.710528186904937575e-01 4.867007631307528337e-01 3.840064560939810412e-01 4.730963620051343299e-01 3.898225314316737800e-01 3.796287779097501924e-01 3.898975400334566688e-01 1.434372052783605177e+05 1.193885937844103610e+05 8.105238388342488906e+04 3.013870957625125448e+04 3.575082515962215157e-01
4.555568095188533562e-01 5.214339432983158273e-01 3.538080130196924467e-01 5.276355213288893564e-01 3.779804500151074387e-01 3.684874478567500278e-01 4.480827304109042952e-01 1.021707174632300012e+05 8.821767701638983272e+04 8.439449195681113633e+04 7.356840890655192197e+04 4.175739070575885670e-01
3.228479804929751951e-01 6.072660655434048982e-01 5.884573101959893471e-01 4.333258594357154436e-01 3.097810159653603401e-01 3.919117119492386836e-01 2.722549551408920965e-01 8.818455305476085050e+04 7.036565113486380142e+04 8.223174130308319582e+04 3.787860930868949072e+04 2.454862045460407260e-01
3.179762070488500458e-01 5.776815027020468785e-01 4.284599240352465199e-01 4.890232045749066669e-01 3.034260832660699569e-01 3.816319575313182333e-01 3.514584546121656827e-01 1.021805860542963783e+05 8.744864495659992099e+04 9.013071756583696697e+04 1.002491262578847236e+05 3.683810012518990984e-01
5.124030091190737712e-01 5.126949756125946944e-01 4.590987277419241730e-01 4.397262987522714828e-01 3.393585086791538474e-01 4.192309473931427055e-01 3.316355659667198363e-01 1.001908987428021792e+05 8.265443637574555760e+04 8.577892212545573420e+04 9.106152556264538725e+04 3.212500782994495707e-01
4.610729227686962139e-01 4.012097618327891135e-01 4.313639479610475447e-01 4.967868519931347704e-01 3.103200414492568449e-01 3.856829449547166111e-01 3.862758980335233017e-01 8.902967167926617549e+04 8.072273616202692210e+04 8.853927281171907089e+04 7.311960483577080595e+04 3.027738876103397425e-01
3.785818429536598195e-01 6.051134135394417024e-01 6.270034849517687192e-01 4.647583878671783797e-01 3.220392137388938814e-01 3.954857176874096436e-01 2.947145664732390147e-01 6.589227442589809652e+04 5.016063709366715193e+04 8.620476148602830654e+04 4.616690058532540570e+04 2.821506603442712202e-01
4.683137587419730075e-01 5.608661330001436518e-01 2.063034667518223175e-01 6.540890530070881947e-01 3.207705360577043918e-01 3.032381689547677395e-01 4.762302266419639607e-01 1.445549187725541124e+05 6.610131028162199073e+04 8.889667752295687387e+04 6.995012355942989234e+04 3.505120929433703236e-01
4.330681664703500133e-01 4.479296770466975053e-01 4.356582076696008943e-01 5.152901068341350088e-01 4.109760562500347492e-01 4.119008773111953459e-01 3.359164083683851554e-01 1.129743240027810098e+05 8.890700865551023162e+04 8.803357486237550620e+04 7.709841459891220438e+04 3.103834226047996747e-01
5.166828686158436712e-01 4.024662651815012482e-01 3.843486180918677664e-01 5.378708589416124619e-01 3.778239319668852403e-01 3.912554644185384234e-01 3.786401855277186090e-01 1.349574965415289043e+05 9.621074269560356333e+04 9.207568416954086570e+04 9.524141261249303352e+04 3.436332561033159094e-01
7.847078254518521367e-01 3.786537999841303459e-01 4.562544866616025097e-01 1.183816476020387171e-01 4.001198436830046834e-01 5.105047826692780122e-01 5.963378784794665100e-01 8.456359044019217254e+04 6.847216100123753131e+04 8.066968622059140762e+04 6.653551863224922272e+04 3.254708658294736545e-01
4.405106236551235566e-01 5.002300158399611840e-01 4.151567803678613000e-01 5.289268511031086639e-01 3.405458310546711220e-01 3.930899722779667149e-01 3.400440564003714972e-01 9.845807412613293855e+04 7.404925053343390755e+04 8.215909501342667500e+04 6.958033961300473311e+04 3.384092695661688466e-01
7.116391499715626345e-01 3.187080324544250831e-01 3.014903793175094382e-01 5.474099412605545334e-01 3.725071559270040078e-01 4.179422117940586046e-01 4.089613451399006228e-01 6.983805654461793893e+04 5.558133442307111545e+04 8.234885667099631974e+04 8.692617298210403533e+04 5.883391244013018717e-01
5.440528142775455933e-01 4.869568712856369719e-01 3.762905079384477047e-01 5.286312381682362060e-01 3.629505194813180124e-01 4.124676953293321957e-01 3.155947739565022059e-01 1.078939981187054364e+05 8.978607413767583785e+04 8.196602140997089737e+04 5.557906125414127746e+04 3.613055145800452284e-01
3.676554262896246650e-01 2.536432217726240501e-01 1.930326028779987269e-01 4.757834951758092568e-01 2.996099061828146892e-01 3.255226406430519748e-01 3.038964457781908046e-01 1.625303479373535083e+05 1.371901801348937443e+05 7.763235328016427229e+04 4.007805867996001325e+04 2.971289138655597850e-01
4.358860139249345900e-01 5.307663923970111775e-01 4.087947207811075123e-01 5.297377223525002732e-01 3.940905208127196691e-01 3.790907398582141763e-01 3.965260197857945479e-01 1.353644655084445258e+05 8.708621762875340937e+04 8.494402512378465326e+04 6.255476629208015220e+04 3.482305487603505889e-01
1.075706383545540906e-01 1.076085902707712844e-01 1.106906949853532635e-01 1.030228171780788737e-01 1.138507079688381440e-01 1.087399248742523528e-01 1.067621854870701575e-01 7.298498708735089167e+04 7.018592145764712768e+04 6.770273841665084183e+04 1.317975087395536502e+04 1.152137939032919500e-01
4.174511192821834804e-01 3.921765247403580790e-01 3.482782742213423322e-01 5.647004766999565994e-01 3.583958405001109737e-01 4.471928012146185738e-01 4.493567437454909497e-01 1.219051129186708131e+05 9.586297033822994854e+04 8.936452691376462462e+04 9.402760162809821486e+04 3.415069342336746194e-01
4.451615520610088250e-01 2.019287547245609549e-01 1.873645618037462768e-01 3.420510460466681946e-01 2.484482948441161521e-01 3.291336201450639765e-01 2.654031274478472202e-01 6.940705419375888596e+04 5.991768644380307524e+04 7.535794246014574310e+04 3.887109137214118527e+04 5.313562447778008568e-01
4.433639137295115051e-01 4.741708248240077417e-01 2.949321006976052262e-01 5.429071725651092306e-01 3.831988139387780823e-01 4.125893772374386037e-01 4.039554109470893106e-01 1.374410309158311284e+05 8.062160191016033059e+04 7.764787860739251482e+04 7.543036278937771567e+04 3.642126324635795442e-01
5.001004505490563856e-01 6.080663890743412958e-01 3.936420208568546797e-01 5.427723955031452663e-01 4.067914089215037832e-01 3.872534626222898235e-01 4.271108379732707627e-01 1.335507011591184128e+05 6.783483583361082128e+04 8.186705082081923319e+04 7.016046469944952696e+04 2.542029878456275593e-01
4.351710110699686940e-01 5.367606280837228239e-01 4.230556414922689856e-01 5.601782557936374474e-01 3.484888225124453398e-01 4.555228597706292293e-01 2.322732753778826986e-01 1.044931454034224880e+05 9.353550367569689115e+04 8.856365423011522216e+04 6.970259862524381606e+04 3.313262921296470931e-01
5.644914075701857881e-01 3.926351026518877796e-01 3.661462116043234793e-01 5.348407177774658905e-01 3.856519224141344848e-01 5.312850853211794622e-01 5.906405289106146927e-01 6.277067760473504313e+04 4.397334469662849006e+04 9.384875691486906726e+04 1.228342443302604806e+05 5.646058324212485102e-01
3.207205983563871099e-01 5.684686282234288068e-01 3.163994449924499852e-01 6.998409013907301857e-01 2.523092434926430538e-01 2.671747268791324070e-01 2.619681562676368647e-01 1.713003487553225132e+05 1.426232879796327034e+05 7.877370266303604876e+04 3.209486358128861684e+04 2.584733115802894110e-01
5.931627185532479807e-01 6.122142374087615746e-01 5.670417915478669357e-01 6.201431017182871264e-01 8.347759480434935320e-01 5.517484403925470016e-01 7.347602409544576885e-01 2.333600784657578042e+05 1.461278971535643504e+05 1.115500336509511981e+05 1.794517591351918527e+05 4.312152758677463837e-01
3.422211856089245607e-01 5.206408181523457523e-01 2.722109184489985845e-01 5.009708445553894274e-01 3.565739509391907536e-01 4.040576707721783012e-01 3.203325797308083644e-01 1.207003368812008703e+05 9.687463662843953352e+04 8.265287769109418150e+04 7.096149753833426803e+04 3.523803453754132398e-01
3.691176427609527133e-01 4.089656620947246246e-01 2.822532784001223760e-01 5.230488885264200638e-01 4.021647202033131752e-01 4.326614869187953016e-01 3.484873033525405228e-01 1.209755169024780625e+05 8.087627333354721486e+04 8.425035285548538377e+04 9.419468386695341906e+04 4.127036636645157741e-01
3.419035183986950943e-01 4.551007023909948157e-01 3.767332019090054995e-01 5.141317514589356374e-01 3.662794327057879440e-01 3.843543520845880690e-01 3.279272086128630082e-01 9.259258943442720920e+04 9.614654905114340363e+04 8.835005187458492583e+04 7.585724624466513342e+04 3.769341020039345125e-01
3.576959218592194456e-01 5.604086944815481752e-01 3.299005175450444027e-01 7.139578405399774619e-01 3.017676207936882959e-01 3.122854252781770423e-01 2.974405213225694289e-01 1.646402393754908699e+05 1.371814659896375961e+05 7.875339462448282575e+04 3.164588807611478114e+04 2.972599661780255254e-01
4.580754454738735770e-01 4.990495099078493535e-01 3.911984018536706631e-01 5.612314068920150056e-01 4.039391982007859982e-01 4.618890582111297993e-01 4.552273929379661022e-01 1.253708405283837637e+05 7.755163705379846215e+04 8.648264449898611929e+04 7.019067234956461471e+04 3.579484522997881113e-01
5.218917395103374046e-01 6.146153880593200336e-01 2.434277997358063605e-01 5.115153282849029814e-01 3.702077332094907414e-01 4.418787629079570234e-01 4.028849832604218251e-01 1.171116297702315642e+05 8.902725780763522198e+04 8.978190702522656647e+04 6.353300699772295775e+04 3.567798761190845158e-01
5.121766287959509389e-01 4.656808961518695833e-01 4.915230058018609238e-01 5.142857820743472752e-01 3.423849673262358007e-01 3.591144448617517582e-01 4.194705472151274428e-01 8.853116809793699940e+04 1.025193602952883957e+05 8.467456628116178035e+04 6.571085796385415597e+04 4.215912291457869499e-01
3.270149153869180703e-01 2.058105979168154964e-01 1.665972949243508250e-01 4.298341443559012265e-01 2.593316721477464393e-01 2.760766577768913321e-01 2.744115997023273690e-01 1.716205961517124670e+05 1.423421382259052771e+05 7.907792871824363829e+04 3.902117497134037694e+04 2.723543092159393941e-01
4.523952005795600639e-01 4.471650618093229723e-01 4.177924661725838096e-01 4.995142220829007496e-01 3.461011230166078922e-01 4.414762162188333727e-01 3.708889352444073584e-01 1.023008265725342062e+05 7.654651042203283578e+04 8.017819647641273332e+04 5.054578166005630919e+04 2.900243455472615861e-01
3.764492292851692734e-01 5.494283007155223997e-01 4.357633487971244168e-01 5.355111364466241808e-01 3.452367689590080113e-01 4.036030916405481950e-01 3.641817199294113960e-01 1.238227320603310945e+05 9.653121239275211701e+04 8.033956182748726860e+04 2.992415568414640074e+04 3.198038951216574111e-01
3.633064306249932929e-01 5.695012107759001019e-01 6.409994750297824950e-01 4.362369013020935271e-01 2.623557845148692946e-01 3.390879201234537343e-01 2.647904860291703244e-01 8.742781799321567814e+04 7.357402535712385725e+04 7.797097916799459199e+04 3.516586708291157265e+04 5.785795933586788120e-01
5.251116419963082205e-01 4.633173923885529621e-01 4.523076691187404297e-01 6.135680759771681148e-01 5.684014295310170217e-01 5.784106784014120262e-01 5.191451588465885170e-01 1.411169560462740192e+05 1.122753117600904370e+05 8.342320969731367950e+04 1.475025218640125240e+05 4.838760477614062472e-01
4.581759887867712377e-01 3.880906776878659259e-01 6.531661109768704954e-01 4.970954237563175448e-01 4.052031970992202581e-01 4.579167967494630065e-01 2.206393955739323620e-01 8.914556905527692288e+04 9.775133550579502480e+04 7.504373558288367349e+04 6.212073865724336065e+04 5.059732356238879625e-01
3.842943868616566783e-01 5.165491392715216845e-01 3.406752426987735838e-01 6.005022708294831535e-01 3.562471724739947332e-01 3.802379839094237601e-01 3.759634267887978498e-01 1.214404916580187710e+05 9.782904322171496460e+04 8.922732125201351300e+04 6.751130252040465712e+04 3.367749557238686742e-01
3.797751204340270581e-01 5.611616241035990438e-01 5.697179187314196369e-01 4.677188899190823368e-01 3.083218840073350675e-01 3.223430559553935870e-01 2.997854445052754446e-01 1.515017035727058537e+05 1.252261573759917228e+05 7.935202213309732906e+04 3.111753701227724014e+04 2.968869259169226171e-01
3.402949958117277296e-01 5.964897641049959898e-01 2.981416808404721563e-01 5.296434679136809986e-01 2.661846212540904810e-01 3.373637710687398261e-01 2.647984316444469965e-01 8.803285559075427591e+04 6.843568237264735217e+04 8.482815269024269946e+04 3.703148545917980664e+04 2.536518149377086639e-01
3.154175935648614870e-01 5.816013420879189155e-01 3.403560631907971423e-01 6.747190519963999211e-01 2.491150194754212510e-01 3.355085688509150676e-01 2.603208199632265352e-01 6.573816304692870472e+04 5.457712820713628753e+04 7.924711301365096006e+04 2.894401188771735542e+04 5.506169009634368505e-01
4.977599010923464129e-01 4.834420285451759280e-01 4.536758552021686319e-01 4.227496633442902607e-01 3.836813082731236890e-01 4.097801861169041437e-01 3.947447307616465673e-01 1.092821665770533873e+05 8.527535606476172688e+04 7.756774025914462982e+04 6.961955285571650893e+04 3.811607539463851557e-01
5.177595909920986728e-01 4.389796435971884403e-01 4.106828248448778362e-01 4.929631386311737473e-01 3.937287045402799168e-01 4.165588389891681786e-01 4.060207546711879223e-01 8.933730056265526218e+04 9.256083799630776048e+04 8.512109245274636487e+04 5.726722622860885167e+04 3.925643805574924317e-01
6.840933167279544813e-01 2.884394791848953754e-01 3.662365040640977454e-01 5.418375945779222436e-01 3.110271887563935134e-01 4.353627363227997038e-01 3.994432738440354402e-01 9.236025535164130270e+04 7.154220482028729748e+04 8.446758809699090489e+04 1.048597581120485411e+05 4.120118039254020981e-01
3.643439754869778890e-01 4.889055396010775767e-01 2.765052165706046727e-01 5.246427222349950847e-01 3.548515884832679212e-01 4.022003431629225800e-01 4.136064992049902078e-01 1.018902558505517372e+05 9.242906509267684305e+04 8.751240612492396031e+04 7.826018950191549084e+04 3.581888705059867450e-01
4.560707216922241791e-01 6.432529806113993498e-01 5.449820766344990464e-01 6.552249736417051773e-01 4.132376155744757473e-01 4.668245963081739669e-01 3.862251281683697912e-01 2.154628534670942754e+05 1.153539633931528369e+05 1.242061239150167385e+05 9.891507270152079582e+04 3.762112224339020927e-01
5.389682805809791200e-01 5.988874305361644446e-01 5.303614104530549600e-01 5.001541464768213263e-01 8.420470871966396764e-01 4.883065399660752592e-01 7.148209543119999898e-01 9.856341010684469074e+04 7.754094135143127642e+04 8.379213904091218137e+04 4.528686168304068269e+04 2.697279978357644548e-01
