2.871256113302009805e-01 6.060740182992641056e-01 3.686497241283713810e-01 7.149526427555276120e-01 3.826145233023048320e-01 5.287597530388830069e-01 6.630152355315334090e-01 9.850338822136938688e+04 8.260515760106459493e+04 8.122282401039506658e+04 7.028986334167692985e+04 2.580009383961943126e-01
4.139321801399764023e-01 5.704337660442626579e-01 5.859526925113428542e-01 3.476947075977301904e-01 3.176139046969912449e-01 3.683906069663748784e-01 2.768333549569677032e-01 1.059249108364436979e+05 8.785197797707071004e+04 7.920180825910199201e+04 3.335099402135731361e+04 2.598189368327759596e-01
3.369145316098575704e-01 6.012360406868615392e-01 3.484874935450196221e-01 5.571947369249556914e-01 3.446469431469133538e-01 4.456277307319772563e-01 2.980801695928074757e-01 8.399490584639168810e+04 6.692152057556154614e+04 8.289350659210266895e+04 4.411111522500824503e+04 2.779306784632939453e-01
3.480344716163171759e-01 5.994024087995165617e-01 3.197565069420360007e-01 4.727840440438453307e-01 2.724006660732023466e-01 2.944186552039739224e-01 2.910226043610132374e-01 1.668316760998524260e+05 1.381840478997829487e+05 7.923570258174167247e+04 3.494378877831264981e+04 2.847088077614219337e-01
3.422904147305244615e-01 5.949720152477218083e-01 6.022275623573793979e-01 4.457208953542165508e-01 2.943820964864597434e-01 3.199114431294787231e-01 2.776810851703607197e-01 1.381169859199093189e+05 1.126086147370498220e+05 8.041195028747660399e+04 3.321629158418847510e+04 2.642888763077141934e-01
3.621098383932618847e-01 5.900047873715036362e-01 3.730557721139712846e-01 7.388834894489388905e-01 3.578684242933771742e-01 3.865206701923066257e-01 3.105877608982274829e-01 1.032889312467714626e+05 8.331394784849404823e+04 8.139444727525991038e+04 4.117888010458250210e+04 3.018479777263953223e-01
3.470096075043951900e-01 6.032995599021711008e-01 2.133391258073052410e-01 7.268843290119438860e-01 2.245564463915986353e-01 3.488714009644977021e-01 2.706975709388761420e-01 1.125893550013173954e+05 9.137443012321621063e+04 8.103336109894426772e+04 3.747969576637707360e+04 2.590146121480305097e-01
5.189002821928996312e-01 2.644550146675262448e-01 2.097999965019686219e-01 3.919631884021902990e-01 2.750834903756685379e-01 3.376004345048116972e-01 3.188588325697229720e-01 9.181502400591794867e+04 7.796775566406283178e+04 7.648628572887391783e+04 3.086773156189159636e+04 2.704873683798819650e-01
4.285138753007403656e-01 6.142181519430915948e-01 5.961525344687977901e-01 4.708075654122961806e-01 4.790053582871668936e-01 5.075764090472560941e-01 5.298980387808387427e-01 7.754714775855200423e+04 6.089948137553758716e+04 8.330364736568958324e+04 4.941682872979652893e+04 2.720479470624022067e-01
3.278915316087476217e-01 5.959047596204970487e-01 3.563744015805987431e-01 7.195857110456796990e-01 3.047970625154585722e-01 3.403624450885695540e-01 2.712186284713294371e-01 1.238525086767482135e+05 1.014164202449847944e+05 8.004597220174669928e+04 3.736860515450562525e+04 2.587481704319894993e-01
3.286626232074049137e-01 5.391729790956995005e-01 3.089726299935105502e-01 6.517362724121978923e-01 3.165916681259727805e-01 3.029040603248158159e-01 1.194994110434974416e-01 1.107776028908594308e+05 9.426823091797575762e+04 8.052551892950144247e+04 3.111175664081233481e+04 2.903349634896374432e-01
3.638635019328153031e-01 6.259877958606701043e-01 6.435173823151844053e-01 4.587664934198098510e-01 3.091800613970308587e-01 3.862110720552396348e-01 2.858496500888444425e-01 9.421760447731470049e+04 7.514334017160639632e+04 8.227526099768771383e+04 4.205589445588407398e+04 2.708907849933727685e-01
3.931286161290443726e-01 4.725556378198051966e-01 3.596938648734850363e-01 5.746790962719073859e-01 3.411091928846270438e-01 3.773175547698901511e-01 3.604933036721695849e-01 1.159871799479927431e+05 8.101381388749420876e+04 8.126978044028539443e+04 5.563597280355598195e+04 3.447471462895993488e-01
3.860651002539096099e-01 6.043670218349513901e-01 3.484109371367950514e-01 6.810234576290854491e-01 3.262576671899821701e-01 3.399123515729168821e-01 2.980664585037545167e-01 1.299536361238339305e+05 1.052830819395849830e+05 8.102820844829805719e+04 3.540383112967294437e+04 2.821333513553163086e-01
3.779862689363884254e-01 5.545595998068714172e-01 3.212379573031530211e-01 5.931344587619121755e-01 3.478096878274873904e-01 3.839814411339254607e-01 3.147462522023902753e-01 1.162673439458419889e+05 9.562974796931940364e+04 8.001953132213313074e+04 4.389451338715302700e+04 3.067458242185189810e-01
4.359409677650388781e-01 2.730916022861157311e-01 1.772890406149024711e-01 4.269994440095438715e-01 3.138915506139052236e-01 3.510649399160791218e-01 2.757134100296815826e-01 1.083422296751976392e+05 8.893685979157006659e+04 7.999581798662198707e+04 3.745842315605482145e+04 2.712462026513379754e-01
3.908832356555895227e-01 5.957198033095589818e-01 6.182749050608689068e-01 4.741390663336541578e-01 3.356651014772873975e-01 3.840157884731410509e-01 3.035687881326414872e-01 9.298237689305363165e+04 7.483774271219655930e+04 8.152788817387957533e+04 4.107999471286412881e+04 2.945190686314101414e-01
3.722731057883025829e-01 6.317669708285671426e-01 5.878928180146177906e-01 3.420081654765841361e-01 3.743540122083314770e-01 6.842511845418384198e-01 3.058044531595511817e-01 7.931725899301016761e+04 7.237154896504279168e+04 7.961363729274501384e+04 2.460787007887951404e+04 3.126219347486699496e-01
3.369873882520127428e-01 4.755168558382419364e-01 4.095256293026011685e-01 6.225942948609625160e-01 3.392556200098991170e-01 3.875501596766603996e-01 4.128315539853473770e-01 9.569274160561896861e+04 1.125330312210735283e+05 8.367887469437021355e+04 3.357000537690099736e+04 3.494309137445942293e-01
3.867477753952364705e-01 5.928133166740147120e-01 5.853228640279543038e-01 4.719151846001025663e-01 3.493924712772870089e-01 4.074835226577628311e-01 3.078439444945351156e-01 9.498667273334212950e+04 7.631507557075955265e+04 8.166105093260615831e+04 4.162180667283271032e+04 2.940552156802337946e-01
3.837441178592789770e-01 3.233565610793782130e-01 2.133515562426745449e-01 5.040741117128471060e-01 3.443620741830591969e-01 3.840629494401957000e-01 3.249566946074698981e-01 1.171253338516774966e+05 9.532677621563355206e+04 8.068279201162805839e+04 4.433120923261398275e+04 3.175766977492691656e-01
4.369233076764072465e-01 4.677633356490496497e-01 5.376656960814096831e-01 5.659853157029338666e-01 3.540112799538776001e-01 4.339348335889433583e-01 3.459837749651422656e-01 1.243991648368658061e+05 6.277410211390066979e+04 8.145072526011554874e+04 7.306534029447441571e+04 2.639876997141252235e-01
7.565569224569920204e-01 5.919764722178006977e-01 3.508750096250736750e-01 7.196903498341095107e-01 6.414725868387705088e-01 4.428427249512280062e-01 4.874647146612491877e-01 1.035082891379891953e+05 8.367479309332009871e+04 8.163360881913441699e+04 4.292535024137915752e+04 2.805773802859863886e-01
3.464948543822827798e-01 5.798486355405865211e-01 5.468113820895883492e-01 4.421773764392193384e-01 3.148148975371616309e-01 3.457567405507251945e-01 2.826877375325011488e-01 1.318391970505815698e+05 1.077873190769711655e+05 8.018392165178431605e+04 3.383213354468737089e+04 2.670679672723929587e-01
5.176703138457932063e-01 4.579410543309714310e-01 5.048280239742113373e-01 5.453926170114731242e-01 4.366210470524021781e-01 4.138542707043943447e-01 4.041728981613299521e-01 8.765473619698110269e+04 1.000674736248414993e+05 8.526691759379686846e+04 3.811035600036927644e+04 3.442776562666106099e-01
4.999009210895543620e-01 6.024157432867474071e-01 3.966276100326275311e-01 5.407081863646604480e-01 4.668379470746762405e-01 3.828409932799183846e-01 4.424387544446825027e-01 1.513314330765911145e+05 1.223107674646528612e+05 8.076840996101689234e+04 4.717452641157000471e+04 3.241185013432725803e-01
4.097201102799986061e-01 4.457617634428669984e-01 3.962861075943653888e-01 5.475266741109333646e-01 3.583246393143065256e-01 3.807292328427629435e-01 4.196395984942979385e-01 1.065513065106771828e+05 9.304603166315545968e+04 8.235764244693043293e+04 4.664361337128029118e+04 3.604723965708592215e-01
3.600879100214331441e-01 6.319843771708001379e-01 3.573854951923289835e-01 4.750798899038360945e-01 3.289341551504359473e-01 3.804671790190015668e-01 2.960512268979920703e-01 9.914407469913002569e+04 7.920680954641191056e+04 8.222347736913786503e+04 4.357542701255792781e+04 2.829275528431831055e-01
3.525472435511744496e-01 3.079943727610074955e-01 1.988451673341472548e-01 4.749765361655920448e-01 3.436611082263750228e-01 3.697123833654605285e-01 3.077069704496959157e-01 1.277022816932532151e+05 1.036319960685902624e+05 8.090227271370704693e+04 4.841220362523611402e+04 2.923027315309500995e-01
4.583992082159331627e-01 5.570216250550085180e-01 3.102793610369953270e-01 5.794521495193267757e-01 3.153105934324954007e-01 3.654726004124636551e-01 2.750061100222234156e-01 1.110540252711595822e+05 9.170309095711588452e+04 7.966220220061563305e+04 3.591949970774827671e+04 2.596998590747535141e-01
3.047958838552249916e-01 5.423006962418799315e-01 5.531386185252792353e-01 4.219831787794054434e-01 2.272806925869745309e-01 2.564514421961734958e-01 2.625899122208320557e-01 1.807774681351764884e+05 1.513101208065682149e+05 7.836311472439047066e+04 3.110529883886532480e+04 2.581557869849084863e-01
4.821999690321511212e-01 5.585306784191742535e-01 5.275093771768802897e-01 6.083556014379195576e-01 3.321604564125458237e-01 4.007078866621236468e-01 2.356757811275376202e-01 1.110214264527430350e+05 8.099761101337720174e+04 8.109341194774874020e+04 4.944249872075178428e+04 3.589815949062667433e-01
4.354387779288623750e-01 4.936059724322660602e-01 3.310965059044388981e-01 5.687767341517252495e-01 3.442841213945115331e-01 3.791878789057767096e-01 3.284442599556415265e-01 1.311553622945428942e+05 8.903395880742270674e+04 8.600188511713965272e+04 5.810961516452282376e+04 3.336136927399075414e-01
3.667957368523667716e-01 3.260441640112316519e-01 2.018558622805809166e-01 4.816890210916481840e-01 3.508727976858531661e-01 4.015303303728845474e-01 3.141190146800255101e-01 9.217570303211201099e+04 6.987460287941768183e+04 8.663527101323187526e+04 4.756802898867598560e+04 3.000003869897503450e-01
4.520031949139599603e-01 4.883237167435844350e-01 4.029293902310218667e-01 5.758476347903082049e-01 3.829697478860057958e-01 3.862983460934737434e-01 4.448698796866286109e-01 1.154335398039305001e+05 6.506148120141089021e+04 8.239377801584251574e+04 4.759422359832016082e+04 3.485216686005230824e-01
5.565278955818563356e-01 5.944354728238141483e-01 5.794526438259571810e-01 5.539703223084987971e-02 8.179078321404338325e-01 4.528083177754607114e-01 6.677431340205641774e-01 9.341538835446118901e+04 7.008300954786382499e+04 8.302750672014646989e+04 4.386274840035887610e+04 2.961133863156295010e-01
3.430826543159720687e-01 6.097168053409610655e-01 3.617013900422371142e-01 7.199915192639844141e-01 3.183225037508385369e-01 3.879618299004065629e-01 2.775528459363350020e-01 8.911284227319461934e+04 7.070154714275320293e+04 8.265833524219134415e+04 4.238144754727188410e+04 2.595385241525196562e-01
2.997261099962857389e-01 5.298210101172241560e-01 2.282417956241992452e-01 5.133518634376540435e-01 2.091970255602567663e-01 2.515381036613155707e-01 2.550942165667189343e-01 1.843298884520813881e+05 1.542777120690419979e+05 7.844401776799294748e+04 3.283004766505265434e+04 2.657197248415660851e-01
3.169762003925642446e-01 5.899438652384731974e-01 2.748775232410464175e-01 5.453013916598399291e-01 3.094320671948892487e-01 3.492224839425596694e-01 2.718843636721541834e-01 1.196471364051822748e+05 9.748061115035814873e+04 8.056532998168021732e+04 3.749420935176373314e+04 2.638125968445355074e-01
4.850637510697396459e-01 4.393990269237066371e-01 3.629421058615925899e-01 5.583955566625669054e-01 2.840646304404812472e-01 3.924794429039746846e-01 3.677508482005050761e-01 1.056071968757203285e+05 9.454150388693767309e+04 8.568507857882697135e+04 5.313124590838755830e+04 2.864599236892558243e-01
4.636375670115498449e-01 4.741099781082895870e-01 4.728665711729395094e-01 5.683624487467229258e-01 3.427056755026767210e-01 4.566653540631424035e-01 3.988540178146753323e-01 1.103235456681563664e+05 7.042603405960426608e+04 8.424694228454073891e+04 3.728852873922148865e+04 3.543449964484968184e-01
4.324075096182469213e-01 5.273255923539665879e-01 3.647245262050206049e-01 6.106963851517752673e-01 3.384959222874200369e-01 4.411944950472516669e-01 3.661320584688841362e-01 1.111573528947053856e+05 8.339960916511400137e+04 8.857168332744106010e+04 5.464264671404511319e+04 3.340818389457178017e-01
4.710528186904937575e-01 4.867007631307528337e-01 3.840064560939810412e-01 4.730963620051343299e-01 3.898225314316737800e-01 3.796287779097501924e-01 3.898975400334566688e-01 1.434372052783605177e+05 1.193885937844103610e+05 8.105238388342488906e+04 3.013870957625125448e+04 3.575082515962215157e-01
3.228479804929751951e-01 6.072660655434048982e-01 5.884573101959893471e-01 4.333258594357154436e-01 3.097810159653603401e-01 3.919117119492386836e-01 2.722549551408920965e-01 8.818455305476085050e+04 7.036565113486380142e+04 8.223174130308319582e+04 3.787860930868949072e+04 2.454862045460407260e-01
4.610729227686962139e-01 4.012097618327891135e-01 4.313639479610475447e-01 4.967868519931347704e-01 3.103200414492568449e-01 3.856829449547166111e-01 3.862758980335233017e-01 8.902967167926617549e+04 8.072273616202692210e+04 8.853927281171907089e+04 7.311960483577080595e+04 3.027738876103397425e-01
7.847078254518521367e-01 3.786537999841303459e-01 4.562544866616025097e-01 1.183816476020387171e-01 4.001198436830046834e-01 5.105047826692780122e-01 5.963378784794665100e-01 8.456359044019217254e+04 6.847216100123753131e+04 8.066968622059140762e+04 6.653551863224922272e+04 3.254708658294736545e-01
3.676554262896246650e-01 2.536432217726240501e-01 1.930326028779987269e-01 4.757834951758092568e-01 2.996099061828146892e-01 3.255226406430519748e-01 3.038964457781908046e-01 1.625303479373535083e+05 1.371901801348937443e+05 7.763235328016427229e+04 4.007805867996001325e+04 2.971289138655597850e-01
1.075706383545540906e-01 1.076085902707712844e-01 1.106906949853532635e-01 1.030228171780788737e-01 1.138507079688381440e-01 1.087399248742523528e-01 1.067621854870701575e-01 7.298498708735089167e+04 7.018592145764712768e+04 6.770273841665084183e+04 1.317975087395536502e+04 1.152137939032919500e-01
5.001004505490563856e-01 6.080663890743412958e-01 3.936420208568546797e-01 5.427723955031452663e-01 4.067914089215037832e-01 3.872534626222898235e-01 4.271108379732707627e-01 1.335507011591184128e+05 6.783483583361082128e+04 8.186705082081923319e+04 7.016046469944952696e+04 2.542029878456275593e-01
3.207205983563871099e-01 5.684686282234288068e-01 3.163994449924499852e-01 6.998409013907301857e-01 2.523092434926430538e-01 2.671747268791324070e-01 2.619681562676368647e-01 1.713003487553225132e+05 1.426232879796327034e+05 7.877370266303604876e+04 3.209486358128861684e+04 2.584733115802894110e-01
3.576959218592194456e-01 5.604086944815481752e-01 3.299005175450444027e-01 7.139578405399774619e-01 3.017676207936882959e-01 3.122854252781770423e-01 2.974405213225694289e-01 1.646402393754908699e+05 1.371814659896375961e+05 7.875339462448282575e+04 3.164588807611478114e+04 2.972599661780255254e-01
3.270149153869180703e-01 2.058105979168154964e-01 1.665972949243508250e-01 4.298341443559012265e-01 2.593316721477464393e-01 2.760766577768913321e-01 2.744115997023273690e-01 1.716205961517124670e+05 1.423421382259052771e+05 7.907792871824363829e+04 3.902117497134037694e+04 2.723543092159393941e-01
4.523952005795600639e-01 4.471650618093229723e-01 4.177924661725838096e-01 4.995142220829007496e-01 3.461011230166078922e-01 4.414762162188333727e-01 3.708889352444073584e-01 1.023008265725342062e+05 7.654651042203283578e+04 8.017819647641273332e+04 5.054578166005630919e+04 2.900243455472615861e-01
3.764492292851692734e-01 5.494283007155223997e-01 4.357633487971244168e-01 5.355111364466241808e-01 3.452367689590080113e-01 4.036030916405481950e-01 3.641817199294113960e-01 1.238227320603310945e+05 9.653121239275211701e+04 8.033956182748726860e+04 2.992415568414640074e+04 3.198038951216574111e-01
3.797751204340270581e-01 5.611616241035990438e-01 5.697179187314196369e-01 4.677188899190823368e-01 3.083218840073350675e-01 3.223430559553935870e-01 2.997854445052754446e-01 1.515017035727058537e+05 1.252261573759917228e+05 7.935202213309732906e+04 3.111753701227724014e+04 2.968869259169226171e-01
3.402949958117277296e-01 5.964897641049959898e-01 2.981416808404721563e-01 5.296434679136809986e-01 2.661846212540904810e-01 3.373637710687398261e-01 2.647984316444469965e-01 8.803285559075427591e+04 6.843568237264735217e+04 8.482815269024269946e+04 3.703148545917980664e+04 2.536518149377086639e-01
5.389682805809791200e-01 5.988874305361644446e-01 5.303614104530549600e-01 5.001541464768213263e-01 8.420470871966396764e-01 4.883065399660752592e-01 7.148209543119999898e-01 9.856341010684469074e+04 7.754094135143127642e+04 8.379213904091218137e+04 4.528686168304068269e+04 2.697279978357644548e-01
