5.428415008595471880e-01 5.731163073238557670e-01 4.060897835482065177e-01 3.192289461701617315e-01 4.185773039768408421e-01 3.591040840166441206e-01 4.298983386910622539e-01 1.143319400943460641e+05 1.020044980983543646e+05 7.300347032287328329e+04 1.264915349774805218e+05 4.793705628608245783e-01
2.980734835926262538e-01 6.752613657666327596e-01 1.966135480395100610e-01 4.092951523498333244e-01 2.506855855626825558e-01 2.830074516529192952e-01 3.145599925582109879e-01 1.278476701450459805e+05 1.090984796680494037e+05 7.676620111247885507e+04 4.060997692509897024e+04 2.918551973226317098e-01
4.765196359653963154e-01 6.966363194498823574e-01 6.721604342193711057e-01 2.513180307054668772e-01 2.578777716913969731e-01 3.208452643534882576e-01 3.527808667193554903e-01 1.340977332326290489e+05 1.167930708528824762e+05 7.517742689898685785e+04 6.142048314038088574e+04 4.463061451237266830e-01
4.784194399152894572e-01 5.139201630129991427e-01 2.376329567531252074e-01 1.955844655729238601e-01 2.459234764407127460e-01 2.575475665506805067e-01 3.089829049033029906e-01 1.168107859637018410e+05 1.084399078601684305e+05 7.055539778650985681e+04 3.480451498475977132e+04 2.700896403580211325e-01
3.634291898941881538e-01 6.615909252400092866e-01 3.297292694461598228e-01 4.721138554561624678e-01 3.184760370610202895e-01 4.180290412088673024e-01 3.416257288078443088e-01 1.294762808964920259e+05 1.175952226290709514e+05 7.208911804112239042e+04 3.896923401892768743e+04 2.979879698745359073e-01
3.349709681865074562e-01 6.817513199693729931e-01 6.372328897303439765e-01 2.127271517844798177e-01 2.471273451104428476e-01 2.868953975981611837e-01 3.174044466404809528e-01 1.220015612070332136e+05 1.033851056187329814e+05 7.736159910110029159e+04 3.841286503723492933e+04 2.806174162169051689e-01
3.584550702945016321e-01 6.921479175741667156e-01 3.571141868472889058e-01 5.378707137128028171e-01 2.629306438147032132e-01 3.056258632693531485e-01 3.340725507927059801e-01 1.348885431134422834e+05 1.185541936632535944e+05 7.459217256852619175e+04 5.082607714011924691e+04 2.979719466731775568e-01
6.181174792567437626e-01 6.315049746437092493e-01 4.827922296457706763e-01 2.695134240341462428e-01 4.055169475029712367e-01 3.462502324364786777e-01 4.283767186369503710e-01 1.164816930717534560e+05 9.920320204412350722e+04 7.714479025604757771e+04 1.276237436645035777e+05 3.620239192715289378e-01
3.836263765891634869e-01 6.965754247683041411e-01 6.546182955720102337e-01 2.250033677324042580e-01 3.377011951363196873e-01 3.137526525778768782e-01 4.876634064865247309e-01 1.207659972587084048e+05 1.098231380603275611e+05 7.205911792075791163e+04 4.748697195791432023e+04 2.931408113135893778e-01
3.207745873965995864e-01 6.031524109106223275e-01 2.351440719162902204e-01 3.311145995646721518e-01 2.677820047273687387e-01 2.798113705090645720e-01 2.924583439055833400e-01 1.209153047829994030e+05 1.087425235347691778e+05 7.245621376560490171e+04 4.515605929859311436e+04 2.881946105706636452e-01
3.633423682984453507e-01 5.719145490586858838e-01 2.967675626856517979e-01 2.756521890391464558e-01 3.000905821438331622e-01 3.011324262844487509e-01 3.394166954850645346e-01 1.407196719151419820e+05 1.178322302860455529e+05 7.833877988878804899e+04 5.117745606415127259e+04 3.050113072003169390e-01
3.189589173912282249e-01 6.901434494981192325e-01 6.704732017568346691e-01 2.159257215100897076e-01 2.288429047521586268e-01 2.978250732984221161e-01 3.189810077215118334e-01 1.246265204582257429e+05 1.140944931025543483e+05 7.155723420243924193e+04 4.402132155168504687e+04 2.835840722018782567e-01
4.618038604022652316e-01 6.946081484984617527e-01 3.547619883425872644e-01 5.472832128644666838e-01 2.584693717235082566e-01 3.073454613921690060e-01 3.429348761335533347e-01 1.332174922714647255e+05 1.160592636514022888e+05 7.516031211540693766e+04 5.714391781888312835e+04 4.264264404041637757e-01
3.248085296437583924e-01 6.689904562024208134e-01 3.232558554616228874e-01 5.285732891858794247e-01 1.399023662432549997e-01 2.475376915698203339e-01 2.560647639036082168e-01 1.041976944451927557e+05 9.609870323587895837e+04 7.073804257057029463e+04 3.909806744557325146e+04 2.713539810521219398e-01
3.063059606413661151e-01 6.883320499069499609e-01 6.496090510725490708e-01 2.168943811580133496e-01 2.809860867399153750e-01 3.025904885908864417e-01 2.941984828465733504e-01 1.211983522804638924e+05 1.059907344609968422e+05 7.513788605299599294e+04 4.419048635178586119e+04 2.658364362843652628e-01
3.474859409341827798e-01 6.755630422665588330e-01 -3.093637644604024881e-03 5.445848064564708935e-01 3.107020756229579295e-01 3.460804201593563056e-01 3.140549131528654891e-01 1.218507452687446203e+05 1.092360384029993293e+05 7.302674167398229474e+04 4.938520888837575330e+04 3.204091900999291864e-01
-5.829045874852667344e-05 5.415249339585477273e-01 5.523280998789865670e-01 1.930227245230064503e-01 3.468846639674701970e-01 1.446668176317288668e-01 1.756834708872591355e-01 1.572530881823559757e+05 1.507149455759584962e+05 6.858265608049128787e+04 1.030087713614878012e+05 1.430018549161777563e-01
3.417619283904663741e-01 6.886743616708953519e-01 3.698805912876224067e-01 5.663482929689229728e-01 2.434646448793324203e-01 2.847783082865230631e-01 3.197010064585388278e-01 1.277604869704299781e+05 1.173168217389526399e+05 7.135144230991545192e+04 4.424926853981203749e+04 2.899273483122267181e-01
3.759085575555100589e-01 6.205257769717935634e-01 3.138487415996988328e-01 2.485077922955281626e-01 3.125653950192149866e-01 3.349070006185166370e-01 3.546628340314433303e-01 1.334316637574044289e+05 1.160061007125711476e+05 7.529706307029264281e+04 6.923025065114567406e+04 3.148581210076822900e-01
3.927430281401650958e-01 4.933077353643366969e-01 3.563087053627052025e-01 2.355640069354205113e-01 2.667270032081888731e-01 2.143090666354204865e-01 3.235825181562058117e-01 1.034325566189342353e+05 8.981076707507495303e+04 7.566056110986360000e+04 9.389878362300287699e+04 6.602388102222512822e-01
7.038357333291871409e-01 4.655761794564414746e-01 3.661388368820649997e-01 2.521518481805692380e-01 2.710507616807175668e-01 2.402628380887991133e-01 3.157251294876118886e-01 8.377932930148125160e+04 7.550792416562796279e+04 7.165972070796553453e+04 2.497224770725778944e+04 3.846419382606968140e-01
4.814616030336172359e-01 6.529857212271170663e-01 4.236450302194590956e-01 3.280561145883498231e-01 3.135318762856337815e-01 2.820548636265999831e-01 3.741252757611384649e-01 1.270462070669777750e+05 1.186453204828658927e+05 7.676571323062900046e+04 6.676549454196101578e+04 4.737671382766137085e-01
6.323568108292869638e-01 4.332014110943574470e-01 4.353147820552369929e-01 2.599664158018057947e-01 2.936256138801022209e-01 2.882774406403123546e-01 3.898813700179275532e-01 8.017998806196477381e+04 7.104175266847465537e+04 7.396160610739458934e+04 1.257507282977985742e+05 6.656902137797057195e-01
4.195266284044133487e-01 6.311382630228102864e-01 4.219214166974070701e-01 2.566244080247453985e-01 2.248031475404101698e-01 3.595217693321703933e-01 4.276480222507603735e-01 1.628752652452661714e+05 1.058985684209593746e+05 7.679254003434632614e+04 7.501877929930244863e+04 3.433583585374304081e-01
3.602218238593779542e-01 6.412879738563427301e-01 5.151791235869237484e-01 3.292465094355149224e-01 3.423937782173716027e-01 3.036432451592689929e-01 3.543168939114634264e-01 1.424283214194435859e+05 1.128152127500047500e+05 7.129545971988493693e+04 6.277088441066963424e+04 3.549102345099583999e-01
3.602761579053425089e-01 5.476961349550962810e-01 2.735818193369048412e-01 2.585309426133011179e-01 2.878021926880723336e-01 2.897578150396138419e-01 3.331610490153351645e-01 1.342446717841596110e+05 1.223914498922612402e+05 7.185310066681170429e+04 4.901901841458841955e+04 2.992082352347227858e-01
2.947357300548030246e-01 6.875357970703716015e-01 6.238297014386963157e-01 1.924959412140451187e-01 2.935070551702498309e-01 2.877540892358741442e-01 2.948892958038354939e-01 8.585937424029271642e+04 7.887886042599521170e+04 7.131496881733495684e+04 3.079708496485464275e+04 2.605088831006486805e-01
5.555845593992152498e-01 6.931726061522318627e-01 4.845001054698075404e-01 2.637840296837993814e-01 4.112076793088554338e-01 3.845799637037761176e-01 5.810100561398768848e-01 1.537405375699597644e+05 1.327645694113032951e+05 7.569587177277114824e+04 9.473785203193119378e+04 3.337315743604141183e-01
4.203826601392144924e-01 6.201269903156237939e-01 3.710961658883832337e-01 3.595286116779838892e-01 2.676629995052720590e-01 3.442604071126916798e-01 3.456001177197459140e-01 1.470770455082524859e+05 1.126973276111375744e+05 7.610765029849889106e+04 6.692578720052522840e+04 3.852999739924485301e-01
3.814401511537877654e-01 3.927478669282684631e-01 1.916470712404357291e-01 2.081665503093425296e-01 2.450768989818604415e-01 2.342056303814614993e-01 3.241388940987370848e-01 1.221187297881035192e+05 1.082966452527668880e+05 7.382061649243360444e+04 8.948616505996385240e+04 5.859724996387306595e-01
3.584403721212091609e-01 6.869701051142268478e-01 4.670362009942756187e-01 2.843409747979885882e-01 1.549150048074238173e-01 2.859257542480959091e-01 4.683502709646866213e-01 1.191370306256373733e+05 1.118882237406138156e+05 7.384286932774265006e+04 4.859857389769797010e+04 3.605709072134610227e-01
3.933528947665351216e-01 6.350635307154867126e-01 3.504392260650035507e-01 3.488297654973000483e-01 2.946257628135917073e-01 2.629386893905468758e-01 3.847422704515313097e-01 8.217099493261714815e+04 1.226471658721821586e+05 7.476322889787676104e+04 9.569185796968004433e+04 3.521087521731899872e-01
4.299105418426759639e-01 6.697428650822925267e-01 4.719186997208501544e-01 2.826867223540895369e-01 2.460222294932870313e-01 3.047217014947622982e-01 3.543247619187362418e-01 1.386450180377424113e+05 1.239566083217896667e+05 7.840579145599377807e+04 7.993594202191533986e+04 3.303397959205438550e-01
3.887405914933110274e-01 7.011107710384212321e-01 3.973938803747261717e-01 2.477331664832044533e-01 2.696688062493040605e-01 3.492663241708334754e-01 4.045954811886099400e-01 1.333051400999511243e+05 1.192150625713071349e+05 7.470087794572827988e+04 1.107040205397447571e+05 3.382064213772559280e-01
4.490363237754484982e-01 6.766453524124451668e-01 4.825413086678769781e-01 3.305299328370130407e-01 3.125750952287485451e-01 3.224327109407532088e-01 3.870755926861986218e-01 9.754309110717277508e+04 9.548899715608629049e+04 7.665892834983870853e+04 4.291277060002781218e+04 4.176346017857903714e-01
3.795505132391066017e-01 5.214460688516709963e-01 2.290479317372025869e-01 2.040842393271057043e-01 2.569882629632944671e-01 2.677976354913048085e-01 3.102073123806279864e-01 1.165734747705649788e+05 1.015027352206756768e+05 7.527343705824507924e+04 3.471435062601772370e+04 2.836086558784389200e-01
4.066264989819123876e-01 4.833058329391374253e-01 4.657344589621745801e-01 2.466577685097331996e-01 2.711922435238910967e-01 3.198650224040631151e-01 3.704411193640843591e-01 1.464757761927075917e+05 1.229453611473079363e+05 7.682106300188622845e+04 1.415461485177676950e+05 3.669644289059961206e-01
4.793997448649114368e-01 6.305469703156363348e-01 4.602696406007006913e-01 1.749016712071847224e-01 3.611642554312346487e-01 3.630199179442577528e-01 3.976681994389911767e-01 1.296995877388906520e+05 8.746114450053719338e+04 7.604905392602641950e+04 5.204849415717720694e+04 3.838467682334470998e-01
4.318292602753170950e-01 5.579022993999770419e-01 2.852239604305064624e-01 2.148324738183524096e-01 2.586798208102181751e-01 2.866909025667093158e-01 3.186207047978536488e-01 9.623330169086914975e+04 8.720022281577752437e+04 7.204222888943691214e+04 4.353918338776985911e+04 3.593042877502100052e-01
7.103619712947044640e-01 6.891169900132219084e-01 3.770997872243887494e-01 5.497446462506767606e-01 7.096344955209964445e-01 3.218492325461188575e-01 4.943796055965113956e-01 1.251334425417427701e+05 1.147615904886234202e+05 7.137250822899257764e+04 4.647314339469731931e+04 2.884253702093089178e-01
2.254817931881615001e-01 6.895616132580788538e-01 6.742774696802483758e-01 2.062442438768401498e-01 2.138767811562213572e-01 2.957051953516308673e-01 2.816711902807489398e-01 1.233032785121662164e+05 1.106794171162195707e+05 7.290566668505975395e+04 4.324682471345318481e+04 2.655041669215905120e-01
2.415675139447493180e-01 6.940039986724525489e-01 6.612894023233891749e-01 2.132694744860386127e-01 2.089991266095185263e-01 2.682823195353649659e-01 3.007024735005435212e-01 1.053617344317913958e+05 9.664666911453423381e+04 7.125447075779784063e+04 4.433596211707875773e+04 2.379173957238617798e-01
7.611151814441707852e-01 4.472744325707677659e-01 3.580063714835478028e-01 1.915137135153837655e-01 2.614752699841366157e-01 1.481233517953924606e-01 3.775858723416201657e-01 6.751165070301243395e+04 5.888636695619981037e+04 7.527629960094374837e+04 8.638121423742698971e+04 6.136101812740555328e-01
4.266947824064042938e-01 6.459660176902087825e-01 5.168994603509670105e-01 3.415598969712672073e-01 3.841801381789394787e-01 3.444136603420352438e-01 4.699402716068701302e-01 1.188385977256057813e+05 1.281641434586264804e+05 7.477233914845847175e+04 1.094787342948257137e+05 3.726200705242869171e-01
3.438400707779277199e-01 6.792416139945548492e-01 6.461121623491944410e-01 2.299902021060749313e-01 2.990824016829535248e-01 4.334562945989449134e-01 3.335767757984767212e-01 1.289178395433519036e+05 1.165681705336402520e+05 7.240524734826890926e+04 3.591256751864273974e+04 2.947669206358252136e-01
3.365247813689517531e-01 6.643156248598013347e-01 6.176774780449180158e-01 2.055324408211753329e-01 2.630642400886751275e-01 2.895063771429452482e-01 3.139415150363791263e-01 1.191957631725673418e+05 1.076965037360501155e+05 7.251121143785875756e+04 4.017290143895916844e+04 2.852745846457702128e-01
3.552180443829481282e-01 6.904064286864327604e-01 3.156529529020831726e-01 3.345693179954502550e-01 3.205204782943142372e-01 3.268218739737614453e-01 4.181532606188782530e-01 1.221482998156595422e+05 1.308886947381421924e+05 7.242788107525961823e+04 5.258269235254680098e+04 3.412409861211681550e-01
3.403001541268423358e-01 6.895009196916592753e-01 3.330812888364430013e-01 3.842224042869200051e-01 3.245137917831029672e-01 3.133543309144802280e-01 3.776214785957879849e-01 1.114425277890876459e+05 1.192928441822982422e+05 7.819943043188349111e+04 5.068847671887808247e+04 4.471194036674771000e-01
3.541086045868781507e-01 6.264895280593949511e-01 4.707279209513455798e-01 3.143579078076233491e-01 2.309079676481954058e-01 2.394088583152154115e-01 3.762452930386381844e-01 1.121745252651755873e+05 1.076629409366271575e+05 7.458393436529295286e+04 7.708386237459075346e+04 3.629711956890485647e-01
3.525996009962101274e-01 5.870115085259726140e-01 4.597035501961223014e-01 2.603642465147236740e-01 2.813866469160701267e-01 2.740099885698342730e-01 3.822991018504264260e-01 1.266940992008856556e+05 1.099693536036851874e+05 7.311401235010815435e+04 5.642358480299367511e+04 3.559395769100091589e-01
3.416030407663977475e-01 6.811828195141070852e-01 2.061908573725751148e-01 3.832614953783048395e-01 2.346446544691499492e-01 2.822318112364274878e-01 3.179049697474215508e-01 1.252503867175393971e+05 1.150115534665496089e+05 7.133806414937990485e+04 4.117400089322605345e+04 2.864810315081786629e-01
3.311824878671200123e-01 4.522163638916002482e-01 2.748682388498256413e-01 1.932184408477067572e-01 2.114865308787255982e-01 2.487586743652190069e-01 2.913195978776707551e-01 1.166228248797347187e+05 1.091887394405956875e+05 7.153873153230808384e+04 7.633040951091326133e+04 4.790349704252659380e-01
4.390379191321692187e-01 7.551575029826096408e-01 4.284731575675258530e-01 1.846280283010039991e-01 1.687449522731457596e-01 1.970907866585471790e-01 5.416303970489166897e-01 8.576001253229859867e+04 7.842154929004676524e+04 7.086575706141378032e+04 4.136695958909434557e+04 2.428025660958684773e-01
4.070932902581402835e-01 6.460600076268648850e-01 4.510052935302115151e-01 3.473568124320166595e-01 3.312875560639217398e-01 3.081484017162230971e-01 3.500580993731444712e-01 1.249536969290097477e+05 1.025811885554240289e+05 7.190179510070597462e+04 6.633709741054965707e+04 4.341048923018970829e-01
2.629887546986355851e-01 9.854438758894353834e-01 5.810027493622270667e-01 2.942329829100804317e-01 7.695977835019516267e-01 8.196848656677865330e-01 8.841554189929931584e-02 6.801784488157159649e+04 6.230198548604929238e+04 7.190347017554240301e+04 2.645007014557842922e+04 1.844314106922678997e-01
3.663042922252623401e-01 6.292193698611210362e-01 4.632079971270417484e-01 2.605414118533632140e-01 2.766175386420081650e-01 3.515207736414629469e-01 4.302928449878214434e-01 1.411510277595435618e+05 1.060753663772281434e+05 7.926017121421376942e+04 6.251424652344624337e+04 3.475707396873203847e-01
2.914986967453668809e-01 6.704511940718823615e-01 6.412635640931640957e-01 1.859071552869403510e-01 2.537018419328774255e-01 1.398633684196015636e-01 2.735193491451765602e-01 6.855796838037919952e+04 6.259852524679363705e+04 7.181638231753034052e+04 2.831030446894927445e+04 5.637448118484170712e-01
3.663280601011227322e-01 5.969338498626663991e-01 1.931539131315195001e-01 3.052905855931546952e-01 2.049058023399718820e-01 1.189149271985662781e-01 2.659495905675248739e-01 7.842216587190185965e+04 7.233763141551379522e+04 7.090287020443650545e+04 4.930393846808445960e+04 6.342137878646592064e-01
5.211573535653045708e-01 5.903004730596232985e-01 5.380818945824464850e-01 3.953997758783959204e-01 2.184853825491472612e-01 1.939460659757101524e-01 4.901520779986187626e-01 1.513643264662752044e+05 7.826316470784715784e+04 7.255571945922623854e+04 5.577632609298701573e+04 3.330819274391789153e-01
3.297300988446709713e-01 6.615250899735463097e-01 4.516915786096212804e-01 3.640689379887701582e-01 2.763922651457459967e-01 3.422984328471526672e-01 3.699000369560386803e-01 1.340302979532930476e+05 1.357993382361578115e+05 7.004008345248247497e+04 4.632583802514560375e+04 3.054327292508721703e-01
5.002984419091458523e-01 6.356035114769946759e-01 4.994342003607721847e-01 3.704843167962403871e-01 3.283604188389820377e-01 3.116416747586123193e-01 3.675665381938520437e-01 1.396094452397442947e+05 1.281812423333670158e+05 7.113933337374294933e+04 7.185665273799937859e+04 3.276130022840718081e-01
5.473549777572669361e-01 5.985670840350379995e-01 4.545185144431357349e-01 3.117881233098460658e-01 2.435471693169198593e-01 3.237680833436274441e-01 4.964545398290101663e-01 9.545718213448315510e+04 1.296746866779413103e+05 7.236876336926223303e+04 9.729131853672837315e+04 4.812951977123530178e-01
3.836867561218535450e-01 6.151765985824527716e-01 3.082989066231027198e-01 3.302581228273590574e-01 3.008329940207435937e-01 2.881904063335646304e-01 3.940724675791145160e-01 1.366446572431103559e+05 1.340924110651319788e+05 7.594944390815851511e+04 4.964392991180648824e+04 3.653752857483210104e-01
3.214431924837540255e-01 6.925644361882280498e-01 4.286196354355185090e-01 3.767114402633089387e-01 2.554812442924886406e-01 3.477316975865305526e-01 3.570009800194008931e-01 1.508196576479130890e+05 8.856993828470044537e+04 7.503169569663872244e+04 7.608820330442782142e+04 3.706441852760194999e-01
3.805282715862168819e-01 6.343915465946835530e-01 5.214312691029197033e-01 3.611126057673209044e-01 3.673016261383797443e-01 3.573269931746612671e-01 4.208818438235803483e-01 1.243687132973937696e+05 1.045601753127527918e+05 7.456386316962752608e+04 8.251006523431926325e+04 3.461141661001126968e-01
4.162786130137874907e-01 6.474761138548561501e-01 5.522235990863884059e-01 3.728159877899221986e-01 3.131210155456020106e-01 3.154494609141174077e-01 3.679586735222540872e-01 1.275525168451167701e+05 1.271408246510452009e+05 7.376875268003735982e+04 6.295014252580829634e+04 3.477849758818840620e-01
4.735309576317907054e-01 6.499156564659172020e-01 4.647850535742555356e-01 3.537902238770990748e-01 2.380324793826374963e-01 2.749157084468722978e-01 3.758834124442896885e-01 1.246018566483417526e+05 1.335620143891451880e+05 7.025088279055194289e+04 5.044820221462276095e+04 4.060683992153151234e-01
4.761168920397871873e-01 6.722011028629095719e-01 4.227496910076991576e-01 3.336562332160300515e-01 2.996948973724624654e-01 3.255843247611850955e-01 4.951586874275513694e-01 1.348475187269808957e+05 1.276548257187100244e+05 7.306863095761132718e+04 7.166548694441678526e+04 3.764460316687822661e-01
4.347713892329916341e-01 6.682980631735340182e-01 4.703974065798061099e-01 2.186745679523267039e-01 1.726455165429592875e-01 2.971132301568067402e-01 3.660698857722552435e-01 1.487899030552360928e+05 1.278203554154837911e+05 7.254863839386963809e+04 1.099019410316014546e+05 4.513289426297265594e-01
3.916446882992610234e-01 6.160958456515914783e-01 3.585428486363823608e-01 2.781619452547832716e-01 3.127805360659373646e-01 3.551838954331774656e-01 4.191848360283287889e-01 1.403394018157703395e+05 1.316486867095469206e+05 7.735129522388207261e+04 8.516047153950270149e+04 4.277202376485054192e-01
2.814819253127658349e-01 5.845642817477060271e-01 6.705897577543405985e-01 4.398162637365288785e-01 3.202577748660314083e-01 2.922618672558688346e-01 3.831332110585656814e-01 1.280875651665960468e+05 1.258508273579564266e+05 7.172305578092261567e+04 4.760009991728128080e+04 3.041823803432046613e-01
5.494886830305378833e-01 6.682292834995169351e-01 4.733095927974086958e-01 2.386422964898850807e-01 3.010561255339842535e-01 3.286567176127092593e-01 4.646599289254845777e-01 1.288538598106621066e+05 1.258536082663392881e+05 7.709328166093910113e+04 6.215790748713799985e+04 3.764687893830745424e-01
3.079998586794595594e-01 6.285257349877241273e-01 4.096405429963300704e-01 2.570921436522315973e-01 3.040500404322785677e-01 3.242284389345562734e-01 3.492192349923882166e-01 1.197151466604759480e+05 1.184820333747420518e+05 7.644233741053333506e+04 8.151563318111313856e+04 3.503569732722706664e-01
3.943647438741072486e-01 6.377591068262377094e-01 4.887117458410200066e-01 3.731230669108594467e-01 1.686856460769524668e-01 3.741050930792335083e-01 4.032994836470768507e-01 1.411844949712645612e+05 1.409387910977908177e+05 7.455846429400995839e+04 6.015957554575401446e+04 3.960180390854509125e-01
4.217929345522692386e-01 6.970043998315935685e-01 4.625269193973447490e-01 3.022798882661739683e-01 3.365289143201733446e-01 3.377986986725426966e-01 4.843485298470356915e-01 1.431192997376448475e+05 1.281078082092862896e+05 7.417184244393459812e+04 2.146779340556189709e+04 3.177689074640765998e-01
2.891803349060896866e-01 6.953014109167474643e-01 3.027835106747256422e-01 3.183638288177289000e-01 2.568743864904122209e-01 3.343463120127072585e-01 4.261793503289677543e-01 1.496579148527048237e+05 1.034057718435852003e+05 7.310326266749734350e+04 7.158123399732644612e+04 3.691190421908174812e-01
3.198113600547491941e-01 6.533574040287831730e-01 3.417403320721310589e-01 3.498966007701488357e-01 2.093948598953450368e-01 3.155167100434173588e-01 4.478359900094727175e-01 1.407710679115918465e+05 1.307983917093993368e+05 7.518042266305354133e+04 4.868826839374196425e+04 3.595368735304824703e-01
4.669297899091005566e-01 6.564032005290911798e-01 3.714062260979950625e-01 2.994776017565806137e-01 2.641973932941826808e-01 2.904619545985501761e-01 3.238214757115018272e-01 1.374260765285151429e+05 1.193507023191003682e+05 7.481961750435236900e+04 5.975651586415836937e+04 3.943783791158712582e-01
4.598455343843229071e-01 6.700939070803069164e-01 4.125409521577121374e-01 3.165637138937992812e-01 3.024121013005692249e-01 3.129684545108160632e-01 4.278933833565032874e-01 1.299541942094070837e+05 1.043796267865079280e+05 7.840244377600826556e+04 1.039984263037689961e+05 3.499446455821156876e-01
2.977920178281335817e-01 6.498217469216455155e-01 3.118791034096037307e-01 3.271627323849632951e-01 2.871210273376174626e-01 2.714863136890656170e-01 2.838343725066213574e-01 7.711857278329992550e+04 7.131031781535068876e+04 7.085816922732668172e+04 3.058406983188417871e+04 2.748534495558582202e-01
4.908913087226726701e-01 6.575381638053068301e-01 4.790872482673880217e-01 3.056405775933220270e-01 2.890929785610316105e-01 3.805498467055418166e-01 3.298457428625913290e-01 1.265395564570330462e+05 1.244220376634028798e+05 7.715596112534428539e+04 7.758126053857433726e+04 4.532796380539135805e-01
4.015681198681220754e-01 7.080337981757827137e-01 4.782212248224174678e-01 3.767006484237853670e-01 2.315023954941394513e-01 2.912873461454463797e-01 2.700840358163390520e-01 1.623420475480433088e+05 9.970794913031924807e+04 7.191635580720218422e+04 5.994836827756610001e+04 3.471356818383242171e-01
3.976416248252880870e-01 6.322074867819803545e-01 5.415182148340781376e-01 2.663486328405022530e-01 3.203607261458019662e-01 2.689300436061434763e-01 4.003902874569849613e-01 1.345380019798052672e+05 1.305464254417675547e+05 7.287069364250858780e+04 8.651015171436594392e+04 3.605561273496356578e-01
4.265802496860481852e-01 6.759399939541755886e-01 3.840309651847389483e-01 3.641751735874397267e-01 3.233470098648922320e-01 2.970239180374300014e-01 4.195644852447315554e-01 1.454871675713810255e+05 1.325606159154320776e+05 7.567670042317925254e+04 7.569592858863300353e+04 3.827750565975688857e-01
4.149838275586839598e-01 7.014083019878691871e-01 2.913352544165922486e-01 3.126307526375075030e-01 3.034559537246578342e-01 2.774609413172029471e-01 3.192338448229840586e-01 1.049556844799474638e+05 1.413569132008575543e+05 7.537667980855049973e+04 7.329975103638399742e+04 3.288740561034982912e-01
4.461606210780729720e-01 6.857363924465086358e-01 2.788563046388869426e-01 3.081124910828070274e-01 3.223868930120120657e-01 3.357327511860896951e-01 3.218353231365464473e-01 1.529725862136835349e+05 1.235974500563114707e+05 7.302479739927871560e+04 7.891797581972135231e+04 3.851303716517595066e-01
3.406895734923917618e-01 6.558189804546323831e-01 3.496199495912762356e-01 4.121366587134423498e-01 3.551084613118031807e-01 3.300285795566471059e-01 3.390900208390808523e-01 1.037348118055367668e+05 1.207359048924275849e+05 7.805375653748182231e+04 7.309549196311784908e+04 2.568388193890910887e-01
6.065551924391688887e-01 4.062709043653022212e-01 4.366129378688771712e-01 2.699643254279281979e-01 2.835471172400625406e-01 2.298387337239954087e-01 4.016765590713690659e-01 1.378338789156104904e+05 1.186029660859255091e+05 7.654035918420978123e+04 1.328635603145656059e+05 7.032816831549206782e-01
3.851562556502181600e-01 4.283931002414354539e-01 1.920070894845407883e-01 1.973881674987611468e-01 2.192086569653509676e-01 1.575042050017400053e-01 2.839455532363484580e-01 8.636622226830088766e+04 7.944759605030798411e+04 7.115118986508526723e+04 6.304445121281802858e+04 6.427335927822707129e-01
3.425988641310578897e-01 7.306391245493952802e-01 2.705666774567975219e-01 2.319390099342755196e-01 2.070965978465299784e-01 2.970904658390760567e-01 3.183494184385248782e-01 1.332558060355046182e+05 1.105029712070101086e+05 7.916423029853768821e+04 4.841557726409759198e+04 2.965897905346990826e-01
3.095480375261114303e-01 6.924339247265048902e-01 4.140021893960341148e-01 6.069788070435614413e-01 3.098766760695761402e-01 2.940414858709187729e-01 3.004182733660459292e-01 1.320673684277588909e+05 1.179837561214437737e+05 7.332262138346028223e+04 4.841297071966922522e+04 2.740700654943670767e-01
4.281172362466296732e-01 6.397434700940067831e-01 4.418642936038410518e-01 4.302718313835443564e-01 2.752324030502714680e-01 3.676877433946337814e-01 3.139296166449722647e-01 1.022054214095453208e+05 1.255364101340416673e+05 7.793803648124802567e+04 9.153077204965359124e+04 3.652404399775808219e-01
4.178026720729609012e-01 6.031539797528536750e-01 2.695200661546369725e-01 4.345202292957061618e-01 3.410060499686660695e-01 3.734485346712829723e-01 3.731587259141370683e-01 7.292359403756164829e+04 1.160376314641031786e+05 7.094556957916970714e+04 6.582023608018533560e+04 3.001898508678399469e-01
3.023853194669069433e-01 6.586840124484006909e-01 2.362025711738384715e-01 3.593350297864168486e-01 2.515195830821643774e-01 1.272626122640016788e-01 2.701830659498437037e-01 6.412855518619724899e+04 5.831016313426660054e+04 7.211583170019686804e+04 2.829293764889188969e+04 5.601859689636500272e-01
4.863029493083191324e-01 6.304599660699433672e-01 4.546422690607774819e-01 3.349046302560618749e-01 3.134955077237263632e-01 3.166975114688849180e-01 4.928701425720187768e-01 1.463694344208439870e+05 1.211866966076849640e+05 7.532204416042816592e+04 1.045380306552773109e+05 3.717631110750366230e-01
3.511352518661451927e-01 7.358719665788716613e-01 2.650234250429301941e-01 2.204800784165678040e-01 2.079976646195212941e-01 2.951895895976096029e-01 3.185009360239302034e-01 1.319457682533642801e+05 1.203377670735274005e+05 7.185392900799679046e+04 5.270927812868452747e+04 2.951787636293836115e-01
7.666045620800129301e-01 6.070705748584391825e-01 5.240791051899249542e-01 4.416260607587647602e-01 4.237774316623877380e-01 4.320515084186296040e-01 5.050050346264410850e-01 1.309754385979671206e+05 1.066749737833260879e+05 7.874479394897910242e+04 8.746088496718902024e+04 6.528624688829890443e-01
5.643353210882087190e-01 7.021833002944208868e-01 3.147328882480360246e-01 4.048439600897797974e-01 2.750591000398852071e-01 2.780540536848057354e-01 4.634337331142519001e-01 1.054304241455915035e+05 1.186307240517247410e+05 7.897543541988551442e+04 1.075035045590637310e+05 3.665218801638913115e-01
4.816350609381382375e-01 6.375675992136696779e-01 3.878394814555475856e-01 3.122777878340865509e-01 3.116568010493058205e-01 2.886470524010528171e-01 3.936944935564689052e-01 1.366703027344077709e+05 1.262032382422640949e+05 7.533067323626067082e+04 8.755886180163959216e+04 2.862790075298488057e-01
3.169750935799520719e-01 6.326350472764721289e-01 2.970063844251022434e-01 2.659826762277967549e-01 2.877927937708943951e-01 3.005841924631873496e-01 3.896212042313134116e-01 8.141294805824499053e+04 1.179329085860197374e+05 6.937866090340417577e+04 1.306192976130737225e+05 2.909891579999626110e-01
3.750058982937465868e-01 5.820439818827017886e-01 1.429351075463695386e-01 2.984848276539188716e-01 2.116669251285246689e-01 1.896266569290190884e-01 2.878783990380555657e-01 8.505673451380676124e+04 7.680216010411221941e+04 7.249948485079246166e+04 5.065960296362575900e+04 5.754105947298226997e-01
4.500745782966918407e-01 6.249902883880963378e-01 4.521106972498603049e-01 3.479481115673149216e-01 3.614718504711747493e-01 4.357391644991071011e-01 4.536872573030447109e-01 1.209874528954858106e+05 8.795175119778838416e+04 7.264057379128484172e+04 8.929867421273792570e+04 3.857149892383722745e-01
3.086331684523070384e-01 6.210592999010766668e-01 5.418978603445296915e-01 3.671790248792846101e-01 2.218591366017751976e-01 3.477312972025325966e-01 4.591431222595776518e-01 1.374380787349616294e+05 1.103194270877137023e+05 7.748135692849443876e+04 8.712396708141673298e+04 3.206463393479042634e-01
4.109396520186210378e-01 7.092582869865446948e-01 4.387910270032047144e-01 2.858435808549402712e-01 3.106746225950173801e-01 3.375219892896968443e-01 3.420444814758027419e-01 1.225682868991594005e+05 1.124415980496363336e+05 7.760254901014106872e+04 1.185977496147875063e+05 3.570607618150866136e-01
3.628208555987966211e-01 6.720611054412428675e-01 4.598238359659139740e-01 2.724332139275540965e-01 3.060231631330870838e-01 3.487787877924232172e-01 3.344448629769996573e-01 1.356334842467198032e+05 1.096416225484722818e+05 7.831320318433751527e+04 8.691689451747681596e+04 3.705453555788469910e-01
4.016074419959082542e-01 6.732315445503079809e-01 4.802473904831749962e-01 2.600125608335948080e-01 2.703647462734995455e-01 2.702509659194375913e-01 4.263979473331748205e-01 1.466414887761640130e+05 1.404375337162898213e+05 7.269021514891923289e+04 5.111139586029914062e+04 4.090182956707660855e-01
4.796785233744163546e-01 6.795775700784393303e-01 5.719334722584079600e-01 2.547096173255786744e-01 3.285020979352233361e-01 2.702145212946848729e-01 4.088485062511983403e-01 1.249238611287405511e+05 1.219165379689439578e+05 6.797468153756638640e+04 9.368512523578846594e+04 3.805756615671735954e-01
3.990967214316299971e-01 6.397982445071848101e-01 6.347469797258414870e-01 2.551337042013864798e-01 2.293694105025987084e-01 3.283476405810386578e-01 3.542814943136968209e-01 1.065571044791918830e+05 1.048208764850689040e+05 7.741156483831684454e+04 9.772126600376436545e+04 2.717423533822806991e-01
9.048132793925083017e-02 5.725567254249125382e-01 2.611525075087386405e-01 1.523421621700747908e-01 3.703033495639466710e-01 3.850504228640705962e-01 8.278977444594595170e-01 1.444591292290994024e+05 1.227536616695951816e+05 7.588765288806517492e+04 1.275822208550734795e+05 1.795015710927323760e-01
3.012681149398143687e-01 6.477868497503582734e-01 5.068667059173875833e-01 2.476366266217265300e-01 2.745685986413776147e-01 3.029420954217317274e-01 4.667758671407396531e-01 1.144208108705254417e+05 1.305075990036596486e+05 7.413530804013935267e+04 6.140731881661031366e+04 3.675770596156581194e-01
3.931055459828315946e-01 6.779836475207667856e-01 4.056243528255207842e-01 3.807045413210967677e-01 3.090142580865236632e-01 3.146598321370504547e-01 4.524839573472182463e-01 1.375242040347888833e+05 1.184673521159144148e+05 7.202036759778158739e+04 9.058860342062925338e+04 3.977291556929472005e-01
4.823683944657139455e-01 5.988863459613286144e-01 5.901362143003587857e-01 3.182796241817805738e-01 3.658070713248500749e-01 3.215324529397393660e-01 2.684605691050957477e-01 1.564468986396025575e+05 1.127939521007136937e+05 7.487195827043103054e+04 5.273293538056792022e+04 4.342379613716018105e-01
3.859199419900331551e-01 6.178608399162194287e-01 3.725934711411638678e-01 3.267584248977417061e-01 2.215570740567480712e-01 3.472551045111853529e-01 3.864446089431787801e-01 1.433842075550465961e+05 1.243424497335170745e+05 7.189033337985134858e+04 5.740026376204644475e+04 3.593878053122251393e-01
4.881328047253859492e-01 6.790312766647247367e-01 4.721282520691097995e-01 4.153475954517722446e-01 3.022349187002025261e-01 3.590766587529928833e-01 3.795932179947009710e-01 1.294850153800956905e+05 1.114452554144516180e+05 7.236292139485231019e+04 1.000906200157522835e+05 3.300398510787308504e-01
3.475456376630121635e-01 6.729269103596596802e-01 3.456803484544458405e-01 2.977189458479432282e-01 3.091784677517781521e-01 3.327397680951038050e-01 3.887021784641501165e-01 1.288673839003665926e+05 1.434576640032954456e+05 7.408591779968905030e+04 8.653878995485958876e+04 3.967214436759505247e-01
2.852427952802938926e-01 6.725543612866961007e-01 4.787214274947523274e-01 2.032039134669780256e-01 3.308059570082471645e-01 2.770383758120456563e-01 3.425380631074803062e-01 1.397738230025141092e+05 1.074779573801852966e+05 7.741954839849563723e+04 4.969313194160476269e+04 4.643514206750718465e-01
3.813413789545246346e-01 6.267982695158995643e-01 5.552285645963417338e-01 3.282731511415501457e-01 2.519218273573472500e-01 2.529088627502806275e-01 4.016235139739322557e-01 8.155512527918364503e+04 1.036690697760416224e+05 7.411741244718902453e+04 6.326205829596891272e+04 4.124344902353738185e-01
4.363940327159007149e-01 6.143257455334747430e-01 3.971705609747206989e-01 2.555400595554968013e-01 3.125027193780421930e-01 3.511092772955007879e-01 3.680045050679194851e-01 1.151490250511112972e+05 1.270509306566069426e+05 7.427824518550434732e+04 8.102116011205520772e+04 4.081810726785580767e-01
4.792320450254576314e-01 7.151978188185417196e-01 3.936408774076325390e-01 2.975842327228361284e-01 3.196934341193973239e-01 3.343809842303393509e-01 4.017197885619848696e-01 1.439349905736941437e+05 1.113393178532993188e+05 7.426465123390305962e+04 7.975395136344575440e+04 3.537987265403538251e-01
3.612371839776653548e-01 4.826944059106522689e-01 1.879995453703213470e-01 2.252293205313729008e-01 2.725540030439231320e-01 2.913694183679195748e-01 3.277121964123515530e-01 1.290855667893365899e+05 1.157929813056159328e+05 7.302763542702409904e+04 4.710645994632304064e+04 3.074389144772716742e-01
4.369858762381650941e-01 6.132261688009696954e-01 5.622768513582488970e-01 3.516155786276607964e-01 3.107812468993942367e-01 3.165289994965774234e-01 5.077945975241210386e-01 1.695936159566051210e+05 9.433407292631122982e+04 7.595072452156810323e+04 9.446898449173483823e+04 3.546625725937786466e-01
3.235281235196426075e-01 5.942054780312823192e-01 6.086930024964054553e-01 1.940816458887461848e-01 2.073257750991854276e-01 1.383692498786706637e-01 2.622008088066701825e-01 7.852102941241822555e+04 7.259461226052898564e+04 7.074307259445491945e+04 5.668981876073637977e+04 6.336834288559098916e-01
4.543902609585696584e-01 6.562649790511497772e-01 3.479934642289734259e-01 3.896029140322221918e-01 2.092338662733723986e-01 2.990893850285143984e-01 3.958309116984888298e-01 1.346630305464107369e+05 6.704636896999523742e+04 7.280094597782201890e+04 5.787639232428385731e+04 5.317985800309794620e-01
3.891826800479548099e-01 6.142626008671530080e-01 4.446083641365522476e-01 3.260033640881829231e-01 3.107904950660702603e-01 3.161859978541416427e-01 3.701961282645492290e-01 1.221691890943917970e+05 1.158348246544168214e+05 7.737774735801568022e+04 5.267864608289510215e+04 4.064393926828892556e-01
4.069706823243579019e-01 6.484514806842364143e-01 3.756380147425789073e-01 2.905458055672915374e-01 3.156850025920973635e-01 3.373892848193764116e-01 4.621296640924477672e-01 1.493528266469630180e+05 1.208117236217242898e+05 7.546062384638458025e+04 1.052040498194557440e+05 3.032009104680490341e-01
4.273650643717467057e-01 6.785298560310769611e-01 4.942148795432714792e-01 2.733702483624376733e-01 3.029456060232180170e-01 2.948022595018375824e-01 3.696575792262469795e-01 1.412663544182069891e+05 1.184757621134215442e+05 7.630054696703693480e+04 1.067546739623703761e+05 2.730758713805505056e-01
4.522276863598901908e-01 5.790829800820784801e-01 4.614171360337661620e-01 2.475457893257818620e-01 2.319528643340448004e-01 3.151030041107253932e-01 4.102722913953061878e-01 1.513821640509176068e+05 1.211517536620918108e+05 7.451277875458088238e+04 1.059640936465207487e+05 3.238221183698898886e-01
5.012923233946373625e-01 6.144677299948715365e-01 4.370974216021558112e-01 4.266995563387248058e-01 2.168537970911824653e-01 3.675281675530062686e-01 3.813440535087625483e-01 1.422621268894151726e+05 1.208592489111322502e+05 7.155955472660585656e+04 1.327630140810499724e+05 2.651259360099449403e-01
3.885235342225332178e-01 6.147926472318939739e-01 5.621256967718561981e-01 4.030473460068128011e-01 2.472357238401136081e-01 3.724891776211938788e-01 4.233499578690930187e-01 1.387345636625997431e+05 1.138174243321026734e+05 7.224766610726475483e+04 6.257723417278320267e+04 4.036249472911393466e-01
3.561325447580963033e-01 6.662408613341170849e-01 3.747012590434615209e-01 2.233703943849082996e-01 3.497527547450093310e-01 3.208197802614827232e-01 3.259802599069246964e-01 1.104468114183165744e+05 1.003172619599987956e+05 7.209242721782869194e+04 3.750519317935722211e+04 2.660671021363087974e-01
4.447559304922681367e-01 6.478179867390270186e-01 3.927789048601633137e-01 3.304015788600953019e-01 1.309976301851432934e-01 2.832081823957254829e-01 4.417590543157176586e-01 1.376990145322514873e+05 1.128301748572218203e+05 7.413007495272792585e+04 8.291544976216890791e+04 3.451924780061520481e-01
4.825140505997984053e-01 6.404547441645865868e-01 3.394828597335607379e-01 3.375078067283482919e-01 3.931360606150602899e-01 2.829504264069624964e-01 4.152741463012171730e-01 1.047086026026114996e+05 1.322606147831109120e+05 6.778775364116601122e+04 5.919768190651974874e+04 3.229189603375593465e-01
3.977576307467870498e-01 6.247106861541075196e-01 4.607535906434976902e-01 1.950108879609900037e-01 2.812384625625578005e-01 2.893471618773931775e-01 4.631902542452150384e-01 1.382166919267810008e+05 1.209229602763805160e+05 7.617465782327193301e+04 6.675356075566457002e+04 2.842291133272716874e-01
6.685137008949169068e-01 8.192161695959550016e-01 4.348892556631212547e-01 6.415789403793493717e-01 9.325558318873495844e-01 5.323696362203022003e-01 5.981319833829142896e-01 7.039333678221893206e+04 6.195700997367432137e+04 7.579017656546770013e+04 4.822192014291762462e+04 4.253159145385583817e-01
3.791702190620178659e-01 6.072978078113762113e-01 3.654302647328017684e-01 3.704303952671451627e-01 3.083091919190553143e-01 3.233905903020684036e-01 3.447329315017686469e-01 1.355825204712764244e+05 1.045156050650826219e+05 7.800899238971537852e+04 1.110834418455877749e+05 3.459657531568781641e-01
3.381710330072921766e-01 6.654200013519466772e-01 9.620820609196671647e-02 5.539644593150364615e-01 3.002164315828539376e-01 2.835184328852747293e-01 3.123125809201216518e-01 1.237768895561223035e+05 1.118278936717705801e+05 7.252642513863141357e+04 4.329315271064821718e+04 2.902540581108443152e-01
3.378990206936740570e-01 6.961696015583567210e-01 6.838201137768408211e-01 2.350161054621105750e-01 2.568751790641583543e-01 3.220562712591994448e-01 3.400865983430401696e-01 1.419298372438099177e+05 1.257811159531895973e+05 7.399824693427409511e+04 5.743905090065440163e+04 3.045020830935957212e-01
4.675444494847209032e-01 6.602127682833892619e-01 4.581003972949824199e-01 2.476317774163772634e-01 2.673573337291451080e-01 2.624444459645161043e-01 4.707757430657720232e-01 1.465850963459679042e+05 1.129186228699437343e+05 7.353959565015888074e+04 8.774938501745557005e+04 3.464185813324014429e-01
3.199302523622035710e-01 6.977383459375485764e-01 3.628869487169588681e-01 4.865210605962377866e-01 3.064943663456459744e-01 1.176801125343524546e-01 2.832515346510129373e-01 6.887508110221779498e+04 6.288602233656062162e+04 7.179435630026696890e+04 3.070469646027368435e+04 5.710235224429200951e-01
-8.676487022424471396e-02 5.177381796646780554e-01 4.370551352287826985e-01 2.712776871381887833e-01 2.218895540349002382e-01 2.660173236093958393e-01 7.978090450072951034e-01 7.669421852602277067e+04 6.514254973297323158e+04 7.469375335597727099e+04 4.034949664673762891e+04 1.280522470940131941e-01
3.491472211886229582e-01 6.413739964062261656e-01 5.254188873839447105e-01 2.814001970604906866e-01 3.010198819328644970e-01 2.768484133116340118e-01 3.683432638844165163e-01 1.034840893683173490e+05 1.142695683411541249e+05 6.844852288166839571e+04 4.796332915503328695e+04 3.060874488569508278e-01
4.137692419427662083e-01 5.731445872068759995e-01 4.301664550529294417e-01 2.267661816682524922e-01 2.017146764881846965e-01 3.277472779313532203e-01 4.653970134764038868e-01 1.321532827328951098e+05 1.189294280338896206e+05 7.120490961577532289e+04 8.327055490324206767e+04 3.495203985420369253e-01
4.477841790842601588e-01 6.081530799283605404e-01 3.518275581308237809e-01 3.547768769605146311e-01 3.212274150580912147e-01 3.128626049822680333e-01 4.770143513002388924e-01 1.204705870240365766e+05 1.217598369458140223e+05 7.512395029020746006e+04 8.754688345189538086e+04 3.894148867657435398e-01
5.312324829993628761e-01 7.050501456822270141e-01 5.998559887870431595e-01 3.820607974467595258e-01 9.581587694517496034e-01 4.597729553654045231e-01 7.741641827799284892e-01 1.184687367857007630e+05 1.081338488511754549e+05 7.186823417232533393e+04 4.628508653456495085e+04 3.000235397599732567e-01
