2.980734835926262538e-01 6.752613657666327596e-01 1.966135480395100610e-01 4.092951523498333244e-01 2.506855855626825558e-01 2.830074516529192952e-01 3.145599925582109879e-01 1.278476701450459805e+05 1.090984796680494037e+05 7.676620111247885507e+04 4.060997692509897024e+04 2.918551973226317098e-01
3.634291898941881538e-01 6.615909252400092866e-01 3.297292694461598228e-01 4.721138554561624678e-01 3.184760370610202895e-01 4.180290412088673024e-01 3.416257288078443088e-01 1.294762808964920259e+05 1.175952226290709514e+05 7.208911804112239042e+04 3.896923401892768743e+04 2.979879698745359073e-01
3.349709681865074562e-01 6.817513199693729931e-01 6.372328897303439765e-01 2.127271517844798177e-01 2.471273451104428476e-01 2.868953975981611837e-01 3.174044466404809528e-01 1.220015612070332136e+05 1.033851056187329814e+05 7.736159910110029159e+04 3.841286503723492933e+04 2.806174162169051689e-01
3.584550702945016321e-01 6.921479175741667156e-01 3.571141868472889058e-01 5.378707137128028171e-01 2.629306438147032132e-01 3.056258632693531485e-01 3.340725507927059801e-01 1.348885431134422834e+05 1.185541936632535944e+05 7.459217256852619175e+04 5.082607714011924691e+04 2.979719466731775568e-01
3.836263765891634869e-01 6.965754247683041411e-01 6.546182955720102337e-01 2.250033677324042580e-01 3.377011951363196873e-01 3.137526525778768782e-01 4.876634064865247309e-01 1.207659972587084048e+05 1.098231380603275611e+05 7.205911792075791163e+04 4.748697195791432023e+04 2.931408113135893778e-01
3.207745873965995864e-01 6.031524109106223275e-01 2.351440719162902204e-01 3.311145995646721518e-01 2.677820047273687387e-01 2.798113705090645720e-01 2.924583439055833400e-01 1.209153047829994030e+05 1.087425235347691778e+05 7.245621376560490171e+04 4.515605929859311436e+04 2.881946105706636452e-01
3.189589173912282249e-01 6.901434494981192325e-01 6.704732017568346691e-01 2.159257215100897076e-01 2.288429047521586268e-01 2.978250732984221161e-01 3.189810077215118334e-01 1.246265204582257429e+05 1.140944931025543483e+05 7.155723420243924193e+04 4.402132155168504687e+04 2.835840722018782567e-01
3.248085296437583924e-01 6.689904562024208134e-01 3.232558554616228874e-01 5.285732891858794247e-01 1.399023662432549997e-01 2.475376915698203339e-01 2.560647639036082168e-01 1.041976944451927557e+05 9.609870323587895837e+04 7.073804257057029463e+04 3.909806744557325146e+04 2.713539810521219398e-01
3.063059606413661151e-01 6.883320499069499609e-01 6.496090510725490708e-01 2.168943811580133496e-01 2.809860867399153750e-01 3.025904885908864417e-01 2.941984828465733504e-01 1.211983522804638924e+05 1.059907344609968422e+05 7.513788605299599294e+04 4.419048635178586119e+04 2.658364362843652628e-01
3.474859409341827798e-01 6.755630422665588330e-01 -3.093637644604024881e-03 5.445848064564708935e-01 3.107020756229579295e-01 3.460804201593563056e-01 3.140549131528654891e-01 1.218507452687446203e+05 1.092360384029993293e+05 7.302674167398229474e+04 4.938520888837575330e+04 3.204091900999291864e-01
3.417619283904663741e-01 6.886743616708953519e-01 3.698805912876224067e-01 5.663482929689229728e-01 2.434646448793324203e-01 2.847783082865230631e-01 3.197010064585388278e-01 1.277604869704299781e+05 1.173168217389526399e+05 7.135144230991545192e+04 4.424926853981203749e+04 2.899273483122267181e-01
3.602218238593779542e-01 6.412879738563427301e-01 5.151791235869237484e-01 3.292465094355149224e-01 3.423937782173716027e-01 3.036432451592689929e-01 3.543168939114634264e-01 1.424283214194435859e+05 1.128152127500047500e+05 7.129545971988493693e+04 6.277088441066963424e+04 3.549102345099583999e-01
2.947357300548030246e-01 6.875357970703716015e-01 6.238297014386963157e-01 1.924959412140451187e-01 2.935070551702498309e-01 2.877540892358741442e-01 2.948892958038354939e-01 8.585937424029271642e+04 7.887886042599521170e+04 7.131496881733495684e+04 3.079708496485464275e+04 2.605088831006486805e-01
3.584403721212091609e-01 6.869701051142268478e-01 4.670362009942756187e-01 2.843409747979885882e-01 1.549150048074238173e-01 2.859257542480959091e-01 4.683502709646866213e-01 1.191370306256373733e+05 1.118882237406138156e+05 7.384286932774265006e+04 4.859857389769797010e+04 3.605709072134610227e-01
4.299105418426759639e-01 6.697428650822925267e-01 4.719186997208501544e-01 2.826867223540895369e-01 2.460222294932870313e-01 3.047217014947622982e-01 3.543247619187362418e-01 1.386450180377424113e+05 1.239566083217896667e+05 7.840579145599377807e+04 7.993594202191533986e+04 3.303397959205438550e-01
4.793997448649114368e-01 6.305469703156363348e-01 4.602696406007006913e-01 1.749016712071847224e-01 3.611642554312346487e-01 3.630199179442577528e-01 3.976681994389911767e-01 1.296995877388906520e+05 8.746114450053719338e+04 7.604905392602641950e+04 5.204849415717720694e+04 3.838467682334470998e-01
7.103619712947044640e-01 6.891169900132219084e-01 3.770997872243887494e-01 5.497446462506767606e-01 7.096344955209964445e-01 3.218492325461188575e-01 4.943796055965113956e-01 1.251334425417427701e+05 1.147615904886234202e+05 7.137250822899257764e+04 4.647314339469731931e+04 2.884253702093089178e-01
2.254817931881615001e-01 6.895616132580788538e-01 6.742774696802483758e-01 2.062442438768401498e-01 2.138767811562213572e-01 2.957051953516308673e-01 2.816711902807489398e-01 1.233032785121662164e+05 1.106794171162195707e+05 7.290566668505975395e+04 4.324682471345318481e+04 2.655041669215905120e-01
2.415675139447493180e-01 6.940039986724525489e-01 6.612894023233891749e-01 2.132694744860386127e-01 2.089991266095185263e-01 2.682823195353649659e-01 3.007024735005435212e-01 1.053617344317913958e+05 9.664666911453423381e+04 7.125447075779784063e+04 4.433596211707875773e+04 2.379173957238617798e-01
3.438400707779277199e-01 6.792416139945548492e-01 6.461121623491944410e-01 2.299902021060749313e-01 2.990824016829535248e-01 4.334562945989449134e-01 3.335767757984767212e-01 1.289178395433519036e+05 1.165681705336402520e+05 7.240524734826890926e+04 3.591256751864273974e+04 2.947669206358252136e-01
3.365247813689517531e-01 6.643156248598013347e-01 6.176774780449180158e-01 2.055324408211753329e-01 2.630642400886751275e-01 2.895063771429452482e-01 3.139415150363791263e-01 1.191957631725673418e+05 1.076965037360501155e+05 7.251121143785875756e+04 4.017290143895916844e+04 2.852745846457702128e-01
3.552180443829481282e-01 6.904064286864327604e-01 3.156529529020831726e-01 3.345693179954502550e-01 3.205204782943142372e-01 3.268218739737614453e-01 4.181532606188782530e-01 1.221482998156595422e+05 1.308886947381421924e+05 7.242788107525961823e+04 5.258269235254680098e+04 3.412409861211681550e-01
3.416030407663977475e-01 6.811828195141070852e-01 2.061908573725751148e-01 3.832614953783048395e-01 2.346446544691499492e-01 2.822318112364274878e-01 3.179049697474215508e-01 1.252503867175393971e+05 1.150115534665496089e+05 7.133806414937990485e+04 4.117400089322605345e+04 2.864810315081786629e-01
3.663042922252623401e-01 6.292193698611210362e-01 4.632079971270417484e-01 2.605414118533632140e-01 2.766175386420081650e-01 3.515207736414629469e-01 4.302928449878214434e-01 1.411510277595435618e+05 1.060753663772281434e+05 7.926017121421376942e+04 6.251424652344624337e+04 3.475707396873203847e-01
3.297300988446709713e-01 6.615250899735463097e-01 4.516915786096212804e-01 3.640689379887701582e-01 2.763922651457459967e-01 3.422984328471526672e-01 3.699000369560386803e-01 1.340302979532930476e+05 1.357993382361578115e+05 7.004008345248247497e+04 4.632583802514560375e+04 3.054327292508721703e-01
3.836867561218535450e-01 6.151765985824527716e-01 3.082989066231027198e-01 3.302581228273590574e-01 3.008329940207435937e-01 2.881904063335646304e-01 3.940724675791145160e-01 1.366446572431103559e+05 1.340924110651319788e+05 7.594944390815851511e+04 4.964392991180648824e+04 3.653752857483210104e-01
3.214431924837540255e-01 6.925644361882280498e-01 4.286196354355185090e-01 3.767114402633089387e-01 2.554812442924886406e-01 3.477316975865305526e-01 3.570009800194008931e-01 1.508196576479130890e+05 8.856993828470044537e+04 7.503169569663872244e+04 7.608820330442782142e+04 3.706441852760194999e-01
4.162786130137874907e-01 6.474761138548561501e-01 5.522235990863884059e-01 3.728159877899221986e-01 3.131210155456020106e-01 3.154494609141174077e-01 3.679586735222540872e-01 1.275525168451167701e+05 1.271408246510452009e+05 7.376875268003735982e+04 6.295014252580829634e+04 3.477849758818840620e-01
4.761168920397871873e-01 6.722011028629095719e-01 4.227496910076991576e-01 3.336562332160300515e-01 2.996948973724624654e-01 3.255843247611850955e-01 4.951586874275513694e-01 1.348475187269808957e+05 1.276548257187100244e+05 7.306863095761132718e+04 7.166548694441678526e+04 3.764460316687822661e-01
5.494886830305378833e-01 6.682292834995169351e-01 4.733095927974086958e-01 2.386422964898850807e-01 3.010561255339842535e-01 3.286567176127092593e-01 4.646599289254845777e-01 1.288538598106621066e+05 1.258536082663392881e+05 7.709328166093910113e+04 6.215790748713799985e+04 3.764687893830745424e-01
4.217929345522692386e-01 6.970043998315935685e-01 4.625269193973447490e-01 3.022798882661739683e-01 3.365289143201733446e-01 3.377986986725426966e-01 4.843485298470356915e-01 1.431192997376448475e+05 1.281078082092862896e+05 7.417184244393459812e+04 2.146779340556189709e+04 3.177689074640765998e-01
2.891803349060896866e-01 6.953014109167474643e-01 3.027835106747256422e-01 3.183638288177289000e-01 2.568743864904122209e-01 3.343463120127072585e-01 4.261793503289677543e-01 1.496579148527048237e+05 1.034057718435852003e+05 7.310326266749734350e+04 7.158123399732644612e+04 3.691190421908174812e-01
3.198113600547491941e-01 6.533574040287831730e-01 3.417403320721310589e-01 3.498966007701488357e-01 2.093948598953450368e-01 3.155167100434173588e-01 4.478359900094727175e-01 1.407710679115918465e+05 1.307983917093993368e+05 7.518042266305354133e+04 4.868826839374196425e+04 3.595368735304824703e-01
2.977920178281335817e-01 6.498217469216455155e-01 3.118791034096037307e-01 3.271627323849632951e-01 2.871210273376174626e-01 2.714863136890656170e-01 2.838343725066213574e-01 7.711857278329992550e+04 7.131031781535068876e+04 7.085816922732668172e+04 3.058406983188417871e+04 2.748534495558582202e-01
4.015681198681220754e-01 7.080337981757827137e-01 4.782212248224174678e-01 3.767006484237853670e-01 2.315023954941394513e-01 2.912873461454463797e-01 2.700840358163390520e-01 1.623420475480433088e+05 9.970794913031924807e+04 7.191635580720218422e+04 5.994836827756610001e+04 3.471356818383242171e-01
4.149838275586839598e-01 7.014083019878691871e-01 2.913352544165922486e-01 3.126307526375075030e-01 3.034559537246578342e-01 2.774609413172029471e-01 3.192338448229840586e-01 1.049556844799474638e+05 1.413569132008575543e+05 7.537667980855049973e+04 7.329975103638399742e+04 3.288740561034982912e-01
3.406895734923917618e-01 6.558189804546323831e-01 3.496199495912762356e-01 4.121366587134423498e-01 3.551084613118031807e-01 3.300285795566471059e-01 3.390900208390808523e-01 1.037348118055367668e+05 1.207359048924275849e+05 7.805375653748182231e+04 7.309549196311784908e+04 2.568388193890910887e-01
3.425988641310578897e-01 7.306391245493952802e-01 2.705666774567975219e-01 2.319390099342755196e-01 2.070965978465299784e-01 2.970904658390760567e-01 3.183494184385248782e-01 1.332558060355046182e+05 1.105029712070101086e+05 7.916423029853768821e+04 4.841557726409759198e+04 2.965897905346990826e-01
3.095480375261114303e-01 6.924339247265048902e-01 4.140021893960341148e-01 6.069788070435614413e-01 3.098766760695761402e-01 2.940414858709187729e-01 3.004182733660459292e-01 1.320673684277588909e+05 1.179837561214437737e+05 7.332262138346028223e+04 4.841297071966922522e+04 2.740700654943670767e-01
3.511352518661451927e-01 7.358719665788716613e-01 2.650234250429301941e-01 2.204800784165678040e-01 2.079976646195212941e-01 2.951895895976096029e-01 3.185009360239302034e-01 1.319457682533642801e+05 1.203377670735274005e+05 7.185392900799679046e+04 5.270927812868452747e+04 2.951787636293836115e-01
3.012681149398143687e-01 6.477868497503582734e-01 5.068667059173875833e-01 2.476366266217265300e-01 2.745685986413776147e-01 3.029420954217317274e-01 4.667758671407396531e-01 1.144208108705254417e+05 1.305075990036596486e+05 7.413530804013935267e+04 6.140731881661031366e+04 3.675770596156581194e-01
3.859199419900331551e-01 6.178608399162194287e-01 3.725934711411638678e-01 3.267584248977417061e-01 2.215570740567480712e-01 3.472551045111853529e-01 3.864446089431787801e-01 1.433842075550465961e+05 1.243424497335170745e+05 7.189033337985134858e+04 5.740026376204644475e+04 3.593878053122251393e-01
4.792320450254576314e-01 7.151978188185417196e-01 3.936408774076325390e-01 2.975842327228361284e-01 3.196934341193973239e-01 3.343809842303393509e-01 4.017197885619848696e-01 1.439349905736941437e+05 1.113393178532993188e+05 7.426465123390305962e+04 7.975395136344575440e+04 3.537987265403538251e-01
3.561325447580963033e-01 6.662408613341170849e-01 3.747012590434615209e-01 2.233703943849082996e-01 3.497527547450093310e-01 3.208197802614827232e-01 3.259802599069246964e-01 1.104468114183165744e+05 1.003172619599987956e+05 7.209242721782869194e+04 3.750519317935722211e+04 2.660671021363087974e-01
4.825140505997984053e-01 6.404547441645865868e-01 3.394828597335607379e-01 3.375078067283482919e-01 3.931360606150602899e-01 2.829504264069624964e-01 4.152741463012171730e-01 1.047086026026114996e+05 1.322606147831109120e+05 6.778775364116601122e+04 5.919768190651974874e+04 3.229189603375593465e-01
3.381710330072921766e-01 6.654200013519466772e-01 9.620820609196671647e-02 5.539644593150364615e-01 3.002164315828539376e-01 2.835184328852747293e-01 3.123125809201216518e-01 1.237768895561223035e+05 1.118278936717705801e+05 7.252642513863141357e+04 4.329315271064821718e+04 2.902540581108443152e-01
3.378990206936740570e-01 6.961696015583567210e-01 6.838201137768408211e-01 2.350161054621105750e-01 2.568751790641583543e-01 3.220562712591994448e-01 3.400865983430401696e-01 1.419298372438099177e+05 1.257811159531895973e+05 7.399824693427409511e+04 5.743905090065440163e+04 3.045020830935957212e-01
3.491472211886229582e-01 6.413739964062261656e-01 5.254188873839447105e-01 2.814001970604906866e-01 3.010198819328644970e-01 2.768484133116340118e-01 3.683432638844165163e-01 1.034840893683173490e+05 1.142695683411541249e+05 6.844852288166839571e+04 4.796332915503328695e+04 3.060874488569508278e-01
5.312324829993628761e-01 7.050501456822270141e-01 5.998559887870431595e-01 3.820607974467595258e-01 9.581587694517496034e-01 4.597729553654045231e-01 7.741641827799284892e-01 1.184687367857007630e+05 1.081338488511754549e+05 7.186823417232533393e+04 4.628508653456495085e+04 3.000235397599732567e-01
