2.000000000000000000e+00
1.100000000000000000e+01
2.000000000000000000e+01
3.300000000000000000e+01
4.000000000000000000e+01
5.200000000000000000e+01
5.500000000000000000e+01
6.100000000000000000e+01
6.600000000000000000e+01
7.000000000000000000e+01
7.100000000000000000e+01
8.000000000000000000e+01
8.900000000000000000e+01
9.000000000000000000e+01
9.800000000000000000e+01
1.020000000000000000e+02
1.080000000000000000e+02
1.090000000000000000e+02
1.110000000000000000e+02
1.120000000000000000e+02
1.320000000000000000e+02
1.340000000000000000e+02
1.470000000000000000e+02
1.510000000000000000e+02
1.590000000000000000e+02
1.610000000000000000e+02
1.780000000000000000e+02
1.800000000000000000e+02
1.830000000000000000e+02
2.000000000000000000e+02
2.050000000000000000e+02
2.060000000000000000e+02
2.100000000000000000e+02
2.130000000000000000e+02
2.150000000000000000e+02
2.180000000000000000e+02
2.190000000000000000e+02
2.200000000000000000e+02
2.300000000000000000e+02
2.310000000000000000e+02
2.370000000000000000e+02
2.430000000000000000e+02
2.440000000000000000e+02
2.470000000000000000e+02
2.480000000000000000e+02
2.520000000000000000e+02
2.550000000000000000e+02
