2.000000000000000000e+00
2.000000000000000000e+01
4.000000000000000000e+01
6.100000000000000000e+01
6.600000000000000000e+01
7.100000000000000000e+01
1.020000000000000000e+02
1.080000000000000000e+02
1.110000000000000000e+02
1.470000000000000000e+02
1.780000000000000000e+02
2.000000000000000000e+02
2.100000000000000000e+02
2.130000000000000000e+02
2.180000000000000000e+02
2.190000000000000000e+02
2.300000000000000000e+02
2.370000000000000000e+02
2.440000000000000000e+02
2.550000000000000000e+02
