3.296538957129178105e-01 4.160556597536207435e-01 1.875538046049173291e-01 3.798592414095358083e-01 2.612450884493088266e-01 4.971945005512875548e-01 3.145124390177181928e-01 1.223967055654655996e+05 1.014827130168611620e+05 7.860328414976692875e+04 3.034585238009476598e+04 2.879138989117688840e-01
3.902651975498981907e-01 5.234472875714359930e-01 5.397280931131793746e-01 3.597174387301659837e-01 2.959953604505797808e-01 3.299004997531422845e-01 3.670871172588391351e-01 1.398944749414679536e+05 1.137748605134117388e+05 8.020285044312886021e+04 4.561821290651092568e+04 2.680098699424903752e-01
3.188841942452603218e-01 3.310521953849104859e-01 1.482112845655212119e-01 3.354270988783841778e-01 2.231452586143584382e-01 2.845545183679208390e-01 2.979952049141779691e-01 1.298392170719575079e+05 1.117961319797743054e+05 7.608840123614833283e+04 4.221164057740293356e+04 2.514342275377755564e-01
5.353253086432457897e-01 3.214602515780666803e-01 3.528508727591768701e-01 4.165568854849417413e-01 2.480448762221584280e-01 3.661859598747509437e-01 3.932364070239927623e-01 9.993038155693867884e+04 8.310605763524008216e+04 7.882348753525713983e+04 1.197197354594270291e+05 6.113082375323031226e-01
3.032630604798536855e-01 6.376094927921067690e-01 1.493377152888907544e-01 6.981479042572786842e-01 2.755725742942568557e-01 3.102217631111942597e-01 2.865048509025363010e-01 1.065447900930095639e+05 8.763563125062132895e+04 7.964090561075194273e+04 4.753539814529629075e+04 2.434739526934141529e-01
3.758414134088052805e-01 4.399705698490044559e-01 3.424704082984144082e-01 4.732066716508198101e-01 3.303614175854553414e-01 3.538565398086930824e-01 4.024629720708329250e-01 1.311780538532946957e+05 1.272404872547117993e+05 7.467575109633352258e+04 7.348426500610314542e+04 3.317692261742188897e-01
3.579308859398263598e-01 6.120881313495347698e-01 4.326802894814348877e-01 4.862570652392081416e-01 3.061818094052324302e-01 3.097935542568875378e-01 4.284899776237274804e-01 1.372136485734113085e+05 1.106882298986921232e+05 7.197793004169064807e+04 1.106842340248045366e+05 2.442733209922254289e-01
2.954002777213902142e-01 6.152761602888147108e-01 6.174446520348285672e-01 3.784127344056469888e-01 2.579452227192778890e-01 2.527354409073088171e-01 2.915507206112507577e-01 1.426368021386348410e+05 1.243683633089108771e+05 7.512458438544468663e+04 3.241151453154387491e+04 2.422734126967365786e-01
4.849530251128648106e-01 4.110571011223801419e-01 2.792212101567271842e-01 4.235341733035690726e-01 2.857497522077235841e-01 3.573145424232412881e-01 3.896085908919820762e-01 1.061953409042332933e+05 8.800926560961942596e+04 7.858964156866878329e+04 9.083489371271821437e+04 4.490230246529751112e-01
3.882252986314766452e-01 5.518533291131908491e-01 4.334851279757254705e-01 4.855122895423940044e-01 3.078532259889763534e-01 3.267923853979839977e-01 3.258922385878107453e-01 1.521716097512924753e+05 1.161099351492083078e+05 8.011685141278483206e+04 8.835176915207385900e+04 2.738568150223935627e-01
2.932030753545430968e-01 6.351579067118049426e-01 1.406832075915957214e-01 7.011095358241397069e-01 2.745804858812291305e-01 2.945701471642535041e-01 2.777801186036251702e-01 1.189518350615761447e+05 1.026002666475641745e+05 7.598993760676245438e+04 4.162258588956544554e+04 2.381080646206567286e-01
5.058111656740028605e-01 4.336455938295827872e-01 2.642827554279363333e-01 3.014615845971496122e-01 2.519851136227473365e-01 2.934267690879644452e-01 3.834636891829167338e-01 9.311047954976763867e+04 8.003048316996701760e+04 7.566170368571960717e+04 3.805328361387240875e+04 2.460317411325498305e-01
3.575958422911469925e-01 6.390344561713773297e-01 5.942967044217509764e-01 4.092677875687140143e-01 3.519013721273413497e-01 4.568364245461496997e-01 3.923846300845100776e-01 1.243929230636877764e+05 1.039963026215213467e+05 7.844801661211995815e+04 4.393587027644060436e+04 2.687491932486682500e-01
4.955591000276954317e-01 6.460313272980213739e-01 6.354259319386557081e-01 4.328794664080738985e-01 2.770234319197406037e-01 3.551814713547432056e-01 4.454498743320042808e-01 1.001268122321559640e+05 8.482013978366627998e+04 7.682971041677985340e+04 5.468590721104782278e+04 3.909258206945064318e-01
3.597331405085868461e-01 5.397648628370909085e-01 4.188565272076878454e-01 4.816246753271627989e-01 3.377753036041710732e-01 3.585614694491823795e-01 2.873569972172441700e-01 1.200209330796480353e+05 9.046412686264979129e+04 7.612437760199814511e+04 7.368236581930957618e+04 3.202118613742818698e-01
3.500564905139003091e-01 6.405326895834326795e-01 1.621562715976495872e-01 6.349439955787881118e-01 2.758616095598792062e-01 2.876927532459611081e-01 3.024552487155364733e-01 1.368941769480346993e+05 1.154522781270956475e+05 7.779171396604135225e+04 3.942393225754205923e+04 2.422848877047240890e-01
4.096740537916329639e-01 4.676351655689716114e-01 4.089590754553061314e-01 4.045200237285666578e-01 2.810157106787672943e-01 3.309156474999326303e-01 3.682376861543119606e-01 1.402767074599370826e+05 1.020267985260324203e+05 7.882379412199457875e+04 5.788878583309966052e+04 2.791525582234820613e-01
4.007310143515385170e-01 6.011518876757649954e-01 3.540255062077815595e-01 4.625542576386539873e-01 2.854523447681817094e-01 3.581230651664836784e-01 3.309425147193665873e-01 1.420530339529783814e+05 1.159562307985420193e+05 7.803618251699901884e+04 5.281835603794190683e+04 3.647569780331461620e-01
4.978257795883199166e-01 3.953186638496329341e-01 2.036477279144245367e-01 4.020641496925979053e-01 2.624978838897723543e-01 3.464776638205629422e-01 3.450906053891585334e-01 1.410566147258675192e+05 1.172937726998600701e+05 7.875009649034388713e+04 6.980446493981296953e+04 2.984186694602801171e-01
3.337349034747003618e-01 5.248899549344185900e-01 5.175853595112037686e-01 4.317679740374575359e-01 2.940926766084267507e-01 3.581096135933071190e-01 3.368933861143423858e-01 1.557136445483347925e+05 8.811015172924287617e+04 8.036453533574816538e+04 8.702805822081971564e+04 2.832431481422162944e-01
3.162334342420081712e-01 6.505113798155410798e-01 6.550791299270865009e-01 4.122707234127147569e-01 2.959580712753038245e-01 3.308358421218886569e-01 3.042782129777168443e-01 1.151153744377429975e+05 9.581755314471331076e+04 7.872294854566649883e+04 5.226720021358517988e+04 2.486297772096083825e-01
4.053120230795183576e-01 5.389598010179442733e-01 6.213465824054523745e-01 3.327627933118017522e-01 3.409274162845846723e-01 2.970695934543540195e-01 3.443185119104106295e-01 1.467731475376763265e+05 1.026444018528026354e+05 8.028103555954131298e+04 8.296920692709663126e+04 3.763540281009739585e-01
4.390088347894557930e-01 5.470987978731777224e-01 4.695233455768464403e-01 4.955691683727155850e-01 3.403436828497964362e-01 3.253424648977052969e-01 2.957061472636278165e-01 1.310480456463728333e+05 1.122374585735309665e+05 7.971454121176074841e+04 6.849104618798247247e+04 3.022104784567697933e-01
2.929155689678072383e-01 5.105992531391405631e-01 5.547081146370871352e-01 3.813666159544108480e-01 2.580826885213310939e-01 3.233608343555195441e-01 3.535629418924137735e-01 1.686342642998787051e+05 1.184880675314619002e+05 7.531126033257748350e+04 1.181306660036806570e+05 2.707230381782981254e-01
3.984835389152112661e-01 4.825793278099990147e-01 4.114953199027152064e-01 4.319323593600887801e-01 2.701086433474011450e-01 3.198344432665182757e-01 3.170064715484767759e-01 1.279752071260551311e+05 1.085951932369460119e+05 8.084843140960895107e+04 5.516785565884166135e+04 2.653867060628651853e-01
3.669163090150390771e-01 5.384241506032543256e-01 4.945648675470334932e-01 4.965069329324608427e-01 2.605790396722751923e-01 3.419059313574033809e-01 2.584702480155536275e-01 1.297717188125461544e+05 1.039754524952976353e+05 7.709110342649387894e+04 6.956141001399866946e+04 2.549431625731105044e-01
2.860711275433860945e-01 5.207231762212191084e-01 2.991068306839043123e-01 4.368133667681278198e-01 2.729289302133846573e-01 3.130067099271960362e-01 3.723646472577848976e-01 1.444691071494430944e+05 1.183660745402632310e+05 7.988846300529585278e+04 1.024677007279911486e+05 2.613750036408168942e-01
4.439875345411152807e-01 5.397744752374760147e-01 5.180688210176309649e-01 4.210070897463094042e-01 2.956684661896824551e-01 3.260730263934701889e-01 3.305969151008795737e-01 1.263292302588706079e+05 1.150303847384813998e+05 7.632995893704201444e+04 8.343755674077206641e+04 3.691134929257732789e-01
4.082927315210989616e-01 4.919315135482273393e-01 3.992491611398857887e-01 4.606704016742100283e-01 2.739250086762972658e-01 3.466815507259732310e-01 3.306369012133482110e-01 1.273210450870338827e+05 1.129386192380732246e+05 7.990283296663995134e+04 8.736383031117395149e+04 2.666482583735637624e-01
3.098423772503652307e-01 5.731531490701410325e-01 3.444703948780039604e-01 3.965355957415870325e-01 2.629426788512006508e-01 2.978030574946367581e-01 3.494523349058271666e-01 1.410297656810572371e+05 1.053012151504045469e+05 8.010251339367126639e+04 7.632387816817134444e+04 2.771231866433638835e-01
3.772100252404545495e-01 5.177185808746842532e-01 2.763587148674952476e-01 4.455970171119795764e-01 3.098077986824853691e-01 3.424985152274557798e-01 3.535106752232411997e-01 1.165237978484631021e+05 1.099535241250944819e+05 7.956258133540203562e+04 5.313829357496196462e+04 2.964328768344388632e-01
3.294328997624864086e-01 3.598145005710326472e-01 1.564657814284993453e-01 3.262384507454323401e-01 2.297170691806542930e-01 3.021452477658770341e-01 3.000050036503207895e-01 1.101563568074070063e+05 8.892494567891837505e+04 8.116573393318195303e+04 4.781223732611467858e+04 2.526275282638101860e-01
4.228377461760112754e-01 5.151784034629043330e-01 2.732248815575258893e-01 4.800975709004376424e-01 1.879179746778703863e-01 3.560942824774248616e-01 3.553745946449856086e-01 1.457556714145280421e+05 1.064144662850657332e+05 8.039337088469060836e+04 8.089251473030084162e+04 3.505357098935888427e-01
3.848537864956089738e-01 4.966767743870065255e-01 4.826874784820597841e-01 5.045066481477791243e-01 2.935681840810258070e-01 3.037200673446578958e-01 3.533319781921291369e-01 1.008013810771456338e+05 1.182098494519307278e+05 7.977052299512698664e+04 7.853354421358957188e+04 2.724442074598060759e-01
3.524489766282962178e-01 4.885532640080723077e-01 4.465013637851615869e-01 4.258172392984548305e-01 3.339549090611182991e-01 3.778114069045356294e-01 2.860125539198836164e-01 1.389059771926368703e+05 1.186611485160949087e+05 7.925065542868779448e+04 7.146470789871731540e+04 3.084194043027170262e-01
6.424920364071304846e-01 6.157051396694965817e-01 1.313377226169074596e-01 6.727877011229265181e-01 6.078492659966657774e-01 3.616309363811293087e-01 3.988949354383063417e-01 1.188140042627129733e+05 1.029079635937507846e+05 7.571222100527369184e+04 4.045468608599013533e+04 2.460547904171331846e-01
3.447141530780135632e-01 5.326507983559067849e-01 3.758320748678636303e-01 4.249198309534604201e-01 2.930424565140563042e-01 3.821626596663887931e-01 3.359703271561003124e-01 1.351028430681348254e+05 1.169541780980664480e+05 7.889710689767336589e+04 5.850852385374847654e+04 3.363023446650491022e-01
4.056872026906140349e-01 5.917807743169294366e-01 3.015387072085871645e-01 5.888287957656751503e-01 3.081923451527171509e-01 3.361746362733127325e-01 3.415519804137765458e-01 1.046112490262222709e+05 1.223494998268672789e+05 7.886455340509461530e+04 7.405892770938156173e+04 4.073492901988690629e-01
4.280843719830352279e-01 5.915723038071594164e-01 3.328422449539090167e-01 4.391721568500579487e-01 3.017031594648678094e-01 3.449061310658975699e-01 3.463642194235010963e-01 1.389182145392001548e+05 1.140212845202801982e+05 7.707704466790898005e+04 7.097300213705653732e+04 2.820742314064095257e-01
4.439921471608445636e-01 4.616847422612513352e-01 3.338562425992294136e-01 4.185208852206530050e-01 3.311309230349755439e-01 3.200535427166477653e-01 3.723943866253026647e-01 1.288289174351786205e+05 1.262584701775557769e+05 7.707744983867763949e+04 7.079538643169359420e+04 3.358122627425780271e-01
2.901521052048905425e-01 6.299417319558636708e-01 6.309985269737182767e-01 2.773184273433992320e-01 2.703642674045034222e-01 2.948975099855714599e-01 2.634769737955616753e-01 1.050486845315677347e+05 8.758261621258295781e+04 7.883692947292274039e+04 3.682743986044405028e+04 2.272371801999541752e-01
4.524185567448323897e-01 4.810898761507753640e-01 4.843400181088706735e-01 4.736187167644028695e-01 2.163477751465099075e-01 3.215550333873367084e-01 3.616058571403604760e-01 1.784593919246322184e+05 9.865975320808397373e+04 8.122411356680848985e+04 1.207851700862560829e+05 3.014467150443906895e-01
3.940310339460356692e-01 5.850200309350322980e-01 3.629858045906057540e-01 4.149771089687868675e-01 3.041708083297914311e-01 3.662680982681197350e-01 3.798845681017738452e-01 1.508785059135900810e+05 1.050212424820015585e+05 7.883911684393700853e+04 9.288716605956453714e+04 2.836595728437924513e-01
4.301142186110233356e-01 6.036684040856515887e-01 3.735203468867153154e-01 5.273334026343563519e-01 2.327043514291881332e-01 3.355716559838781143e-01 3.806635815004205114e-01 1.624198529737167410e+05 9.072545507111561892e+04 8.141707940380526998e+04 7.933891200805480184e+04 3.457552823095202399e-01
3.451584921660371119e-01 5.448989686609040373e-01 5.010252564741074499e-01 5.164504421960329772e-01 2.987236648424642094e-01 3.826799596177214990e-01 3.312224616896943252e-01 1.350545760966560920e+05 1.066357419276038127e+05 7.997674724106286885e+04 7.516437626130478748e+04 4.257050663237902932e-01
4.241849601664913760e-01 5.696666845498203902e-01 5.202068886069998177e-01 4.686572771049046238e-01 2.810732924745420469e-01 3.014422078875846900e-01 3.260243881583981262e-01 1.200376928144187987e+05 1.084637290435482573e+05 7.426794005618357914e+04 6.037477603652996913e+04 2.817270654399897101e-01
2.877438520487068385e-01 6.279409376881898153e-01 1.387746091569624918e-01 4.458747467585240098e-01 2.360021302727697556e-01 2.856771513620744996e-01 2.768810956094505116e-01 1.192663261562298576e+05 1.031574573236949946e+05 7.577022616989605012e+04 3.862729461274584901e+04 2.399369297707082405e-01
4.051939907442387856e-01 6.030594819191471556e-01 4.842305308755855964e-01 5.041473944118628481e-01 3.140577460773927854e-01 3.543647232412767134e-01 3.619601853165773653e-01 1.323159488647777180e+05 1.087859254971068294e+05 8.051541126292967238e+04 5.586110339334188757e+04 2.509669204695172962e-01
3.873000332575424198e-01 5.196485942968905869e-01 2.645202416302299131e-01 4.621738526311842121e-01 2.910296966367671434e-01 3.908746486799680175e-01 3.751515702549728659e-01 1.448231021983719256e+05 1.152345180376530479e+05 7.909633956953999586e+04 3.953740480935157393e+04 2.632760731549788069e-01
3.728095655047910517e-01 5.712245370047984716e-01 3.782888633161297642e-01 4.242808165183210023e-01 3.214769048816915609e-01 3.381068661434152856e-01 3.802392493831083242e-01 1.487612771024180402e+05 1.037613526424709707e+05 7.671255078811357089e+04 1.076136676746986050e+05 2.651245444913694072e-01
4.160498067369954311e-01 5.274959911471561735e-01 4.715742104198300533e-01 5.001966165137676779e-01 2.964955784825012430e-01 3.199612300837001433e-01 3.641501841573201448e-01 1.429463571138689003e+05 1.243506734543782804e+05 7.823422143447842973e+04 7.134511146030320378e+04 3.503207415094320987e-01
4.105456950272969308e-01 4.997435353330877961e-01 2.576911518446943217e-01 4.516717297441987244e-01 2.605889993645650327e-01 3.515171314347674825e-01 3.458367737001505349e-01 1.318330093973532203e+05 1.100172234364592150e+05 7.788319568383099977e+04 1.013452448164916277e+05 2.862974045218839025e-01
3.044405553068755266e-01 6.567367845201477206e-01 3.152451034697359988e-01 5.003247801363451819e-01 2.664012256181401139e-01 3.957471726728337691e-01 3.209490925670341888e-01 1.449650760390535288e+05 1.348259725067922554e+05 7.735775220205304504e+04 8.806167571500354097e+04 3.242717312850820766e-01
4.205628395041742240e-01 6.097978472934542093e-01 3.804129567695080927e-01 4.458787762103804675e-01 2.983554040385760220e-01 3.021810993106089915e-01 3.666185471174084332e-01 1.307458650327529176e+05 1.136116565089937067e+05 7.874268507917322859e+04 7.343321473992870597e+04 2.841491351990110825e-01
3.292868443304559078e-01 5.412680681453112541e-01 3.752117210428448923e-01 4.604153982101600873e-01 2.823001115027802266e-01 3.593735054726821532e-01 4.215775523071728648e-01 1.466168752881624096e+05 1.070585092089025711e+05 7.993429081277616206e+04 1.038297672473653802e+05 3.003482925411959381e-01
4.249064544305721225e-01 5.474320420773975959e-01 3.968243113058904648e-01 4.525126187118687637e-01 3.178066042502148969e-01 3.531983327384581872e-01 3.096885616522380702e-01 1.418235994132138148e+05 9.390247028981975745e+04 8.167504150361139909e+04 4.639215046187021653e+04 2.621009287660967524e-01
3.722186528544819129e-01 5.183677728053549538e-01 5.524797362787282617e-01 4.843825253095012107e-01 2.778997532669358339e-01 3.674135480427688227e-01 3.578564466014091949e-01 1.325586130534377880e+05 1.082568370537078445e+05 8.082323620157164987e+04 7.780537868395366240e+04 2.826858461296641867e-01
3.858504291735253000e-01 6.001817051655939927e-01 3.522759101592448094e-01 4.351733520878706130e-01 2.660938927947597010e-01 3.375547223061315938e-01 3.639022841931744967e-01 1.690254839961983962e+05 1.020310986545489868e+05 7.525893190901777416e+04 4.393875608268283395e+04 3.697631331931928722e-01
2.897391201643169101e-01 5.649628334938016083e-01 5.188394815037709051e-01 5.137389201588903331e-01 2.409025675353839158e-01 3.383636677461340780e-01 3.677623402305269518e-01 1.244269298837066453e+05 1.107782109398461907e+05 7.991886464984317718e+04 9.079696413818122528e+04 3.317713730844332187e-01
3.829037382984316062e-01 5.322778159231699169e-01 3.940207865778294627e-01 5.428667973891907472e-01 3.120587271154743325e-01 3.902509797724044160e-01 3.411685261145713799e-01 1.413601703183570644e+05 1.279018541149793600e+05 7.829586275307193864e+04 1.037576682151128189e+05 2.893119161156976205e-01
4.018556106716688059e-01 5.898592071315476026e-01 4.850806977882186066e-01 5.137473509711080188e-01 2.957041853024824363e-01 3.268742477214337527e-01 3.669035151964965547e-01 1.303185147566692904e+05 1.286058953455053852e+05 7.448252505563740851e+04 5.133213378419674700e+04 3.156208606737734290e-01
4.267734245469126941e-01 5.706901940046298360e-01 3.367541330046545656e-01 4.455502635268519529e-01 2.959163045178412887e-01 4.208166779105064204e-01 2.864880796328045376e-01 1.299842615893155162e+05 1.169918588967747637e+05 7.695986716943071224e+04 7.051324650016472151e+04 3.988437804247159657e-01
3.488844634979215709e-01 5.832482542395368563e-01 3.840328551952162384e-01 3.413497156857274728e-01 3.217303145878617765e-01 3.279719938703894444e-01 2.561667727782401260e-01 1.323122763296761259e+05 1.016978982508643967e+05 7.960021223481144989e+04 6.184257868696473452e+04 3.150832168692527802e-01
3.873495763657908153e-01 5.359828262155584833e-01 3.208443458327801534e-01 4.247738442129047609e-01 2.766001976533577489e-01 2.884092350752942013e-01 4.255347374972768826e-01 1.522673268508197507e+05 1.101383887776616757e+05 7.713692733205850527e+04 7.895980149103327130e+04 3.301017283767193056e-01
4.191480156472742746e-01 5.870314333727689737e-01 4.518406769218894503e-01 5.267201068352520554e-01 2.587483938725033128e-01 3.393004228869114791e-01 3.804023444784573327e-01 1.520576705999539408e+05 1.046479574530746613e+05 7.861751577405793068e+04 8.251981956201736466e+04 3.532700599746593784e-01
3.639254927366228354e-01 5.700304126876470923e-01 3.933111023039081444e-01 4.808382318363982333e-01 2.943202958886423359e-01 3.688630305198794535e-01 3.501632313465568025e-01 1.249183184212826018e+05 1.092979733280987130e+05 7.948982269423366233e+04 5.355561334884566895e+04 2.445376402953613193e-01
4.744762938115046902e-01 4.957467122656399883e-01 3.477607933381923200e-01 4.660269177788145534e-01 2.578236098927868536e-01 3.759853723297433836e-01 2.918107322503329937e-01 1.259679377541575377e+05 1.103454704210708878e+05 7.597572208337909251e+04 7.195921702309200191e+04 2.837846928462399720e-01
3.226809077881613308e-01 6.121589912879851214e-01 2.463798313537579332e-01 4.734361092346396904e-01 2.577425130976116474e-01 2.889501146699162137e-01 2.796296621099120250e-01 8.366435108067872352e+04 7.154020492297492456e+04 7.634709814735935652e+04 4.219923739497943461e+04 3.528763831267425211e-01
4.088824895293407535e-01 5.532424466127993101e-01 2.776006250824609167e-01 3.878257848415561648e-01 2.365953152179934571e-01 3.789736527744005379e-01 3.677681047376327172e-01 1.544926251120203233e+05 1.094656795528742514e+05 7.287898567930147692e+04 9.207370563948006020e+04 3.126862950141723885e-01
3.784953792021583108e-01 6.539847000073574224e-01 5.316388776536024041e-01 4.313816935483731907e-01 2.237059699288445891e-01 3.680781229627346218e-01 3.538317888912172471e-01 1.623108304539636592e+05 1.163369523867460375e+05 7.982931947761902120e+04 7.529654016607826634e+04 3.488734587050877356e-01
3.487771391891620887e-01 3.003378576255897325e-01 2.067609499791646932e-01 3.260288970597142177e-01 1.966409610841349520e-01 3.024672251454914029e-01 2.992869958343334358e-01 8.005868360580144508e+04 6.968212289366146433e+04 7.517050994728910155e+04 8.379994361880722863e+04 5.919854908424384554e-01
4.009403659022007238e-01 5.500374110213726020e-01 4.433465101293762589e-01 4.558192527278312478e-01 3.335652297279098621e-01 3.443632486122928937e-01 3.537539016182355556e-01 1.173538299979300064e+05 1.086571385996455356e+05 8.082239457024444710e+04 6.700496136228574323e+04 3.490289055830935738e-01
3.481766458437875467e-01 5.714741502311593280e-01 3.230500259589380585e-01 4.993308869674876749e-01 2.873985710677922079e-01 3.034324525820004115e-01 3.723944235594691121e-01 1.725679756062895176e+05 1.030227175897253182e+05 7.558048465216958721e+04 5.771422290095261997e+04 2.638843498915832142e-01
3.884318922010766562e-01 5.076470077850254725e-01 4.035065918972691179e-01 4.559583597491277396e-01 2.974396716782157224e-01 3.709914295463934697e-01 3.527385313307945802e-01 1.423490502864652080e+05 1.087156625283861504e+05 7.750065868070637225e+04 8.984235485767999489e+04 3.190540406934732620e-01
3.007126731490700200e-01 6.841941350973698155e-01 1.309211337183544266e-01 4.083866066591785859e-01 2.503062317769053080e-01 3.005517290196633162e-01 2.904381244546102581e-01 1.263211119250662596e+05 1.078886482900092233e+05 7.675645685273686831e+04 4.760913317003713746e+04 2.437191957048308322e-01
3.479135795973959389e-01 5.099667209025503523e-01 2.426243524933150431e-01 4.364506519601536461e-01 2.691525408728349666e-01 3.415157561823737864e-01 3.854125844043766458e-01 1.354254477112530149e+05 1.007953823391194310e+05 7.845660153258722858e+04 7.327688610236957902e+04 2.838486558466251641e-01
3.581038278036762779e-01 4.577288957865686125e-01 3.689679765095976172e-01 3.832422172655824411e-01 2.949641025636886016e-01 3.550247362387737304e-01 3.471397981716093373e-01 1.293385824604751106e+05 1.025941481343248743e+05 7.458561434456917050e+04 9.800246121658876655e+04 3.105593872246666942e-01
3.821132072801636248e-01 4.984595503035882946e-01 6.263272151592879089e-01 4.240596258938209018e-01 2.918133420212215556e-01 3.600487608819121776e-01 2.669645231122097506e-01 1.089543319815158902e+05 1.147343872436187376e+05 7.769461923728328838e+04 8.205632139823210309e+04 3.410335837393544400e-01
3.281380882305821034e-01 5.520288472140266745e-01 4.379016432518463287e-01 5.188367611779066690e-01 2.631385824642542559e-01 3.228476242395556528e-01 4.198951724895666482e-01 1.372512930394995783e+05 1.179590245049027872e+05 7.743084978627524106e+04 1.062729133876122214e+05 2.757484052272433650e-01
3.427258911725772350e-01 6.123693609476533739e-01 3.991655438022296831e-01 2.352135540336278419e-01 3.635573410105047976e-01 4.170231119775275608e-01 4.027634302182006021e-01 2.035726492717283545e+05 1.236640502404790022e+05 7.631495593522378476e+04 1.496086363421385759e+05 4.575476173642946676e-01
4.060256804107434947e-01 4.722091769327783073e-01 5.011706623717746556e-01 4.519378882936180841e-01 3.235658648178793562e-01 3.627042176496185766e-01 3.495612522618889995e-01 1.311232628025875310e+05 8.320698313434500596e+04 7.795863023340693326e+04 4.511721753287141473e+04 2.598715948039322376e-01
4.299263121899614681e-01 6.150121146099096769e-01 3.226169142133809009e-01 3.743860251320185184e-01 2.348246049966260518e-01 3.702423246112601651e-01 3.288555686482115270e-01 1.602095659473485139e+05 1.298427874410019285e+05 7.302721698171750177e+04 6.132984770653753367e+04 3.100357602462032736e-01
3.954676582560221476e-01 5.779080035471310106e-01 3.495736928447508718e-01 4.853605820170045493e-01 3.121334462490594208e-01 3.697457645171853824e-01 3.759175959353679985e-01 1.530812641697143845e+05 9.588359447913149779e+04 7.873323911263365881e+04 6.323172832638617547e+04 3.092043291981004804e-01
2.912344071274537427e-01 6.397466213677072133e-01 6.385777660799589750e-01 3.910780622544202667e-01 2.747663202665031057e-01 3.040802941585055708e-01 2.800832536165255848e-01 1.168150558479404281e+05 1.004126965016078902e+05 7.623392691170217586e+04 4.065731463347600948e+04 2.355055967609368806e-01
3.816977641077350381e-01 5.501825311259275209e-01 4.636519117939186252e-01 4.845644456844849790e-01 3.163949500700288797e-01 3.572909680333946070e-01 2.597188655221180364e-01 1.648449099271295709e+05 1.016664627296105755e+05 7.962647211147432972e+04 5.975979473096351285e+04 2.106453109273240254e-01
3.961580092278121357e-01 6.121560871976887697e-01 4.035223045320181501e-01 4.659949519836467657e-01 3.620246237622303243e-01 2.888746060783240477e-01 2.660488696466950520e-01 1.782940394042182306e+05 1.209449504264801944e+05 7.557416054011127562e+04 9.257995842323776742e+04 3.336613393076533485e-01
3.898410762192864309e-01 6.081028897650692100e-01 1.123612349757096840e-01 5.006961180026386904e-01 3.366654156295488254e-01 3.056217944627755423e-01 2.962820699966198790e-01 1.369910750080844446e+05 1.139216745994445664e+05 7.599561366978035949e+04 7.110657046095606347e+04 2.644963904127434207e-01
4.096997567851813904e-01 5.504775821534747537e-01 5.370815824115807713e-01 5.146333201313586514e-01 2.815887636404522110e-01 3.214382443473213780e-01 3.155227956728503536e-01 1.585766340200058767e+05 1.208518933447903837e+05 7.815301578698381491e+04 5.788875216521875700e+04 3.397577800880079435e-01
4.313678504076544629e-01 5.868752505392551555e-01 4.856144455347729538e-01 4.067846861906388445e-01 2.661775129465644429e-01 3.058151063817607374e-01 3.743172963344575388e-01 1.382135531655124214e+05 1.037363846736820851e+05 7.728501880320528289e+04 5.928131890686225233e+04 2.509673314059522320e-01
3.763263028922776976e-01 5.213593494353470081e-01 4.001908231004176475e-01 4.234846634546343691e-01 3.186144508016805488e-01 3.519888368925642164e-01 2.884072707029360361e-01 1.464266647695923166e+05 1.181270449196103000e+05 7.420465950562700164e+04 4.019040769800813723e+04 3.335512576334654922e-01
2.888343779061168792e-01 5.337955050782065003e-01 3.509228015836587944e-01 4.116237061388317020e-01 3.473106228941587603e-01 3.826330565720900134e-01 3.424569005599246707e-01 1.159409916046399449e+05 9.899541641624982003e+04 7.908205279463977786e+04 7.139890147154447914e+04 2.778852560031306318e-01
4.347005339269786606e-01 5.424582480636263027e-01 2.378208072600025147e-01 4.586140880292323141e-01 2.452416187712495310e-01 4.185609143803684651e-01 3.426069602193468344e-01 9.670746010145643959e+04 8.906278159108746331e+04 7.680618122708932788e+04 1.229334856999355979e+05 5.871427609525941005e-01
4.486634320460511360e-01 5.497252589525520872e-01 3.500165519878850606e-01 4.608218502710444420e-01 2.255381313145760902e-01 3.572175182591497689e-01 3.781346592349929536e-01 1.559329762867137615e+05 1.356813514696212660e+05 7.515701234399731038e+04 1.051392691171199258e+05 1.965666158694691634e-01
4.052281689505804474e-01 5.802328929278751657e-01 5.252486096493468315e-01 4.027784083958615979e-01 2.902313795024943355e-01 3.641184739250689084e-01 3.454046481407421765e-01 1.315165188417959725e+05 1.278886969840995152e+05 7.485069044226003462e+04 5.721664053889899515e+04 2.674369119018085161e-01
4.312344929524426496e-01 5.485108376748677461e-01 3.519723930268418011e-01 2.870637077142390581e-01 3.157646090464910626e-01 3.544267321272863702e-01 4.238249457940566622e-01 1.296915516720342566e+05 1.290207615228536160e+05 7.859747312736735330e+04 4.071453853416757920e+04 3.381789408819618203e-01
5.401365006857078432e-01 2.907313063761007843e-01 1.410816289543433411e-01 2.554430047327673203e-01 1.969852552291809777e-01 2.456882490218944004e-01 2.647532084546513897e-01 1.162380521355290111e+05 1.016623631434483832e+05 7.493656306114961626e+04 2.775014734187421709e+04 2.192771344135102107e-01
2.723159995788315135e-01 5.959453218346240089e-01 3.636573350694222717e-01 5.980791034945150964e-01 3.074861903760001680e-01 3.069562411671294955e-01 3.836039658935799790e-01 1.934678158025500597e+05 1.250295388135763933e+05 7.249138720544034732e+04 4.479794756313985272e+04 3.772819674556574521e-01
2.649295649036398359e-01 6.077262655453319340e-01 5.851148660481999553e-01 3.519508585784075771e-01 2.359675463891842961e-01 2.543578953846436508e-01 2.168575564404708889e-01 7.906117272084993601e+04 7.054123960407891718e+04 7.339427859734918457e+04 2.686506881310142489e+04 2.129256663790038973e-01
3.325859513104685306e-01 4.430059905246916951e-01 3.846303244586594117e-01 4.978185886290557027e-01 2.364159797442276223e-01 3.165390085225406325e-01 3.665990736135318340e-01 1.252642357733300887e+05 1.274853940503166814e+05 7.317416582515483606e+04 8.182257705767727748e+04 3.976263645090053478e-01
3.895254343713188128e-01 5.236658135889297183e-01 5.579302760306421582e-01 4.553274243944103183e-01 3.247864892369867751e-01 3.008177253622124625e-01 3.503762381614713428e-01 1.598610109357720939e+05 7.875413556710875127e+04 7.558191435134153289e+04 8.851100036447832827e+04 3.236914108255401490e-01
3.729913212880155982e-01 5.145666776135230380e-01 3.950498782390532426e-01 4.569660579028893554e-01 3.196429687116646434e-01 3.353222685395770841e-01 3.560337480202692695e-01 1.323388527126121335e+05 1.095541799550202268e+05 7.798027876865463622e+04 8.907351347367945709e+04 3.434146939850852842e-01
4.335255891933846861e-01 4.875074798297333589e-01 4.207015897186735520e-01 5.572916197960886553e-01 3.153780458135130860e-01 3.470412138166921179e-01 3.659244317768821086e-01 1.440179806841549871e+05 1.108382412150344462e+05 7.431482480687154748e+04 3.568496614347805007e+04 2.507625842968495000e-01
4.876327217191809837e-01 6.054374949135173933e-01 5.733860036423235051e-01 4.464593224940013871e-01 9.329288705546515681e-01 6.333910258811488170e-01 7.189454171873087551e-01 1.240155651899872173e+05 1.073452580683025299e+05 7.576961284538490872e+04 4.180499821095303196e+04 2.746199274383427924e-01
3.550493498779120349e-01 5.463927444325551441e-01 4.219501202217141311e-01 6.091521954776849546e-01 2.936026776125975069e-01 2.993188833196774312e-01 5.181603198539198596e-01 -2.610936021117947348e+03 1.215057554669858364e+05 7.161838364145447849e+04 8.679369298544546473e+04 3.058964265873186372e-01
3.710081566495216365e-01 5.919587092785365545e-01 3.826841891714835020e-01 4.850033610530031236e-01 2.718864969443736124e-01 3.425475393204566177e-01 3.776357092792533843e-01 9.558055042600283923e+04 1.244647677537651325e+05 7.636936695685422455e+04 6.687664081768311735e+04 3.272189236178868477e-01
4.755204434375249756e-01 6.123641946224116506e-01 3.309233562161062459e-01 4.626585166539540217e-01 2.956434785963762968e-01 2.994641393365109483e-01 3.345512291484986078e-01 1.360918657897799567e+05 1.163589086661895853e+05 7.972673015840310836e+04 5.623589847539527545e+04 2.377714799872020224e-01
4.203888665479657005e-01 5.305089205424302623e-01 4.257743372148862226e-01 4.576309290827068055e-01 3.027223764808652517e-01 3.364825320629393213e-01 3.919177941534182641e-01 1.651047679521875689e+05 9.591218454261617444e+04 7.460950460423769255e+04 7.767903125079575693e+04 2.774166845726347419e-01
3.127269783162390793e-01 5.836912710543008531e-01 2.953495587574211378e-01 4.085768404694309353e-01 2.741565424936395212e-01 3.892425898507830273e-01 2.880015776639522906e-01 1.215272338014235720e+05 1.079253531575516245e+05 7.983972971037869866e+04 5.319738700462228735e+04 2.603635158147735162e-01
4.790173822250776703e-01 6.161952892830910855e-01 5.514061335761479832e-01 4.454630435411340295e-01 8.844831895964260227e-01 2.877015904617380437e-01 6.727973432383923535e-01 1.272877161076390621e+05 1.098963002006126626e+05 7.591622032425647194e+04 4.026388502333431825e+04 2.651535036559308223e-01
