3.902651975498981907e-01 5.234472875714359930e-01 5.397280931131793746e-01 3.597174387301659837e-01 2.959953604505797808e-01 3.299004997531422845e-01 3.670871172588391351e-01 1.398944749414679536e+05 1.137748605134117388e+05 8.020285044312886021e+04 4.561821290651092568e+04 2.680098699424903752e-01
3.032630604798536855e-01 6.376094927921067690e-01 1.493377152888907544e-01 6.981479042572786842e-01 2.755725742942568557e-01 3.102217631111942597e-01 2.865048509025363010e-01 1.065447900930095639e+05 8.763563125062132895e+04 7.964090561075194273e+04 4.753539814529629075e+04 2.434739526934141529e-01
2.954002777213902142e-01 6.152761602888147108e-01 6.174446520348285672e-01 3.784127344056469888e-01 2.579452227192778890e-01 2.527354409073088171e-01 2.915507206112507577e-01 1.426368021386348410e+05 1.243683633089108771e+05 7.512458438544468663e+04 3.241151453154387491e+04 2.422734126967365786e-01
2.932030753545430968e-01 6.351579067118049426e-01 1.406832075915957214e-01 7.011095358241397069e-01 2.745804858812291305e-01 2.945701471642535041e-01 2.777801186036251702e-01 1.189518350615761447e+05 1.026002666475641745e+05 7.598993760676245438e+04 4.162258588956544554e+04 2.381080646206567286e-01
3.575958422911469925e-01 6.390344561713773297e-01 5.942967044217509764e-01 4.092677875687140143e-01 3.519013721273413497e-01 4.568364245461496997e-01 3.923846300845100776e-01 1.243929230636877764e+05 1.039963026215213467e+05 7.844801661211995815e+04 4.393587027644060436e+04 2.687491932486682500e-01
3.500564905139003091e-01 6.405326895834326795e-01 1.621562715976495872e-01 6.349439955787881118e-01 2.758616095598792062e-01 2.876927532459611081e-01 3.024552487155364733e-01 1.368941769480346993e+05 1.154522781270956475e+05 7.779171396604135225e+04 3.942393225754205923e+04 2.422848877047240890e-01
4.007310143515385170e-01 6.011518876757649954e-01 3.540255062077815595e-01 4.625542576386539873e-01 2.854523447681817094e-01 3.581230651664836784e-01 3.309425147193665873e-01 1.420530339529783814e+05 1.159562307985420193e+05 7.803618251699901884e+04 5.281835603794190683e+04 3.647569780331461620e-01
3.162334342420081712e-01 6.505113798155410798e-01 6.550791299270865009e-01 4.122707234127147569e-01 2.959580712753038245e-01 3.308358421218886569e-01 3.042782129777168443e-01 1.151153744377429975e+05 9.581755314471331076e+04 7.872294854566649883e+04 5.226720021358517988e+04 2.486297772096083825e-01
4.390088347894557930e-01 5.470987978731777224e-01 4.695233455768464403e-01 4.955691683727155850e-01 3.403436828497964362e-01 3.253424648977052969e-01 2.957061472636278165e-01 1.310480456463728333e+05 1.122374585735309665e+05 7.971454121176074841e+04 6.849104618798247247e+04 3.022104784567697933e-01
3.984835389152112661e-01 4.825793278099990147e-01 4.114953199027152064e-01 4.319323593600887801e-01 2.701086433474011450e-01 3.198344432665182757e-01 3.170064715484767759e-01 1.279752071260551311e+05 1.085951932369460119e+05 8.084843140960895107e+04 5.516785565884166135e+04 2.653867060628651853e-01
3.669163090150390771e-01 5.384241506032543256e-01 4.945648675470334932e-01 4.965069329324608427e-01 2.605790396722751923e-01 3.419059313574033809e-01 2.584702480155536275e-01 1.297717188125461544e+05 1.039754524952976353e+05 7.709110342649387894e+04 6.956141001399866946e+04 2.549431625731105044e-01
3.772100252404545495e-01 5.177185808746842532e-01 2.763587148674952476e-01 4.455970171119795764e-01 3.098077986824853691e-01 3.424985152274557798e-01 3.535106752232411997e-01 1.165237978484631021e+05 1.099535241250944819e+05 7.956258133540203562e+04 5.313829357496196462e+04 2.964328768344388632e-01
6.424920364071304846e-01 6.157051396694965817e-01 1.313377226169074596e-01 6.727877011229265181e-01 6.078492659966657774e-01 3.616309363811293087e-01 3.988949354383063417e-01 1.188140042627129733e+05 1.029079635937507846e+05 7.571222100527369184e+04 4.045468608599013533e+04 2.460547904171331846e-01
3.447141530780135632e-01 5.326507983559067849e-01 3.758320748678636303e-01 4.249198309534604201e-01 2.930424565140563042e-01 3.821626596663887931e-01 3.359703271561003124e-01 1.351028430681348254e+05 1.169541780980664480e+05 7.889710689767336589e+04 5.850852385374847654e+04 3.363023446650491022e-01
4.280843719830352279e-01 5.915723038071594164e-01 3.328422449539090167e-01 4.391721568500579487e-01 3.017031594648678094e-01 3.449061310658975699e-01 3.463642194235010963e-01 1.389182145392001548e+05 1.140212845202801982e+05 7.707704466790898005e+04 7.097300213705653732e+04 2.820742314064095257e-01
2.901521052048905425e-01 6.299417319558636708e-01 6.309985269737182767e-01 2.773184273433992320e-01 2.703642674045034222e-01 2.948975099855714599e-01 2.634769737955616753e-01 1.050486845315677347e+05 8.758261621258295781e+04 7.883692947292274039e+04 3.682743986044405028e+04 2.272371801999541752e-01
4.241849601664913760e-01 5.696666845498203902e-01 5.202068886069998177e-01 4.686572771049046238e-01 2.810732924745420469e-01 3.014422078875846900e-01 3.260243881583981262e-01 1.200376928144187987e+05 1.084637290435482573e+05 7.426794005618357914e+04 6.037477603652996913e+04 2.817270654399897101e-01
2.877438520487068385e-01 6.279409376881898153e-01 1.387746091569624918e-01 4.458747467585240098e-01 2.360021302727697556e-01 2.856771513620744996e-01 2.768810956094505116e-01 1.192663261562298576e+05 1.031574573236949946e+05 7.577022616989605012e+04 3.862729461274584901e+04 2.399369297707082405e-01
4.051939907442387856e-01 6.030594819191471556e-01 4.842305308755855964e-01 5.041473944118628481e-01 3.140577460773927854e-01 3.543647232412767134e-01 3.619601853165773653e-01 1.323159488647777180e+05 1.087859254971068294e+05 8.051541126292967238e+04 5.586110339334188757e+04 2.509669204695172962e-01
3.873000332575424198e-01 5.196485942968905869e-01 2.645202416302299131e-01 4.621738526311842121e-01 2.910296966367671434e-01 3.908746486799680175e-01 3.751515702549728659e-01 1.448231021983719256e+05 1.152345180376530479e+05 7.909633956953999586e+04 3.953740480935157393e+04 2.632760731549788069e-01
4.205628395041742240e-01 6.097978472934542093e-01 3.804129567695080927e-01 4.458787762103804675e-01 2.983554040385760220e-01 3.021810993106089915e-01 3.666185471174084332e-01 1.307458650327529176e+05 1.136116565089937067e+05 7.874268507917322859e+04 7.343321473992870597e+04 2.841491351990110825e-01
4.249064544305721225e-01 5.474320420773975959e-01 3.968243113058904648e-01 4.525126187118687637e-01 3.178066042502148969e-01 3.531983327384581872e-01 3.096885616522380702e-01 1.418235994132138148e+05 9.390247028981975745e+04 8.167504150361139909e+04 4.639215046187021653e+04 2.621009287660967524e-01
4.018556106716688059e-01 5.898592071315476026e-01 4.850806977882186066e-01 5.137473509711080188e-01 2.957041853024824363e-01 3.268742477214337527e-01 3.669035151964965547e-01 1.303185147566692904e+05 1.286058953455053852e+05 7.448252505563740851e+04 5.133213378419674700e+04 3.156208606737734290e-01
3.488844634979215709e-01 5.832482542395368563e-01 3.840328551952162384e-01 3.413497156857274728e-01 3.217303145878617765e-01 3.279719938703894444e-01 2.561667727782401260e-01 1.323122763296761259e+05 1.016978982508643967e+05 7.960021223481144989e+04 6.184257868696473452e+04 3.150832168692527802e-01
3.639254927366228354e-01 5.700304126876470923e-01 3.933111023039081444e-01 4.808382318363982333e-01 2.943202958886423359e-01 3.688630305198794535e-01 3.501632313465568025e-01 1.249183184212826018e+05 1.092979733280987130e+05 7.948982269423366233e+04 5.355561334884566895e+04 2.445376402953613193e-01
3.226809077881613308e-01 6.121589912879851214e-01 2.463798313537579332e-01 4.734361092346396904e-01 2.577425130976116474e-01 2.889501146699162137e-01 2.796296621099120250e-01 8.366435108067872352e+04 7.154020492297492456e+04 7.634709814735935652e+04 4.219923739497943461e+04 3.528763831267425211e-01
4.009403659022007238e-01 5.500374110213726020e-01 4.433465101293762589e-01 4.558192527278312478e-01 3.335652297279098621e-01 3.443632486122928937e-01 3.537539016182355556e-01 1.173538299979300064e+05 1.086571385996455356e+05 8.082239457024444710e+04 6.700496136228574323e+04 3.490289055830935738e-01
3.481766458437875467e-01 5.714741502311593280e-01 3.230500259589380585e-01 4.993308869674876749e-01 2.873985710677922079e-01 3.034324525820004115e-01 3.723944235594691121e-01 1.725679756062895176e+05 1.030227175897253182e+05 7.558048465216958721e+04 5.771422290095261997e+04 2.638843498915832142e-01
3.007126731490700200e-01 6.841941350973698155e-01 1.309211337183544266e-01 4.083866066591785859e-01 2.503062317769053080e-01 3.005517290196633162e-01 2.904381244546102581e-01 1.263211119250662596e+05 1.078886482900092233e+05 7.675645685273686831e+04 4.760913317003713746e+04 2.437191957048308322e-01
4.060256804107434947e-01 4.722091769327783073e-01 5.011706623717746556e-01 4.519378882936180841e-01 3.235658648178793562e-01 3.627042176496185766e-01 3.495612522618889995e-01 1.311232628025875310e+05 8.320698313434500596e+04 7.795863023340693326e+04 4.511721753287141473e+04 2.598715948039322376e-01
4.299263121899614681e-01 6.150121146099096769e-01 3.226169142133809009e-01 3.743860251320185184e-01 2.348246049966260518e-01 3.702423246112601651e-01 3.288555686482115270e-01 1.602095659473485139e+05 1.298427874410019285e+05 7.302721698171750177e+04 6.132984770653753367e+04 3.100357602462032736e-01
3.954676582560221476e-01 5.779080035471310106e-01 3.495736928447508718e-01 4.853605820170045493e-01 3.121334462490594208e-01 3.697457645171853824e-01 3.759175959353679985e-01 1.530812641697143845e+05 9.588359447913149779e+04 7.873323911263365881e+04 6.323172832638617547e+04 3.092043291981004804e-01
2.912344071274537427e-01 6.397466213677072133e-01 6.385777660799589750e-01 3.910780622544202667e-01 2.747663202665031057e-01 3.040802941585055708e-01 2.800832536165255848e-01 1.168150558479404281e+05 1.004126965016078902e+05 7.623392691170217586e+04 4.065731463347600948e+04 2.355055967609368806e-01
3.816977641077350381e-01 5.501825311259275209e-01 4.636519117939186252e-01 4.845644456844849790e-01 3.163949500700288797e-01 3.572909680333946070e-01 2.597188655221180364e-01 1.648449099271295709e+05 1.016664627296105755e+05 7.962647211147432972e+04 5.975979473096351285e+04 2.106453109273240254e-01
3.898410762192864309e-01 6.081028897650692100e-01 1.123612349757096840e-01 5.006961180026386904e-01 3.366654156295488254e-01 3.056217944627755423e-01 2.962820699966198790e-01 1.369910750080844446e+05 1.139216745994445664e+05 7.599561366978035949e+04 7.110657046095606347e+04 2.644963904127434207e-01
4.096997567851813904e-01 5.504775821534747537e-01 5.370815824115807713e-01 5.146333201313586514e-01 2.815887636404522110e-01 3.214382443473213780e-01 3.155227956728503536e-01 1.585766340200058767e+05 1.208518933447903837e+05 7.815301578698381491e+04 5.788875216521875700e+04 3.397577800880079435e-01
4.313678504076544629e-01 5.868752505392551555e-01 4.856144455347729538e-01 4.067846861906388445e-01 2.661775129465644429e-01 3.058151063817607374e-01 3.743172963344575388e-01 1.382135531655124214e+05 1.037363846736820851e+05 7.728501880320528289e+04 5.928131890686225233e+04 2.509673314059522320e-01
3.763263028922776976e-01 5.213593494353470081e-01 4.001908231004176475e-01 4.234846634546343691e-01 3.186144508016805488e-01 3.519888368925642164e-01 2.884072707029360361e-01 1.464266647695923166e+05 1.181270449196103000e+05 7.420465950562700164e+04 4.019040769800813723e+04 3.335512576334654922e-01
4.052281689505804474e-01 5.802328929278751657e-01 5.252486096493468315e-01 4.027784083958615979e-01 2.902313795024943355e-01 3.641184739250689084e-01 3.454046481407421765e-01 1.315165188417959725e+05 1.278886969840995152e+05 7.485069044226003462e+04 5.721664053889899515e+04 2.674369119018085161e-01
4.312344929524426496e-01 5.485108376748677461e-01 3.519723930268418011e-01 2.870637077142390581e-01 3.157646090464910626e-01 3.544267321272863702e-01 4.238249457940566622e-01 1.296915516720342566e+05 1.290207615228536160e+05 7.859747312736735330e+04 4.071453853416757920e+04 3.381789408819618203e-01
2.649295649036398359e-01 6.077262655453319340e-01 5.851148660481999553e-01 3.519508585784075771e-01 2.359675463891842961e-01 2.543578953846436508e-01 2.168575564404708889e-01 7.906117272084993601e+04 7.054123960407891718e+04 7.339427859734918457e+04 2.686506881310142489e+04 2.129256663790038973e-01
4.335255891933846861e-01 4.875074798297333589e-01 4.207015897186735520e-01 5.572916197960886553e-01 3.153780458135130860e-01 3.470412138166921179e-01 3.659244317768821086e-01 1.440179806841549871e+05 1.108382412150344462e+05 7.431482480687154748e+04 3.568496614347805007e+04 2.507625842968495000e-01
4.876327217191809837e-01 6.054374949135173933e-01 5.733860036423235051e-01 4.464593224940013871e-01 9.329288705546515681e-01 6.333910258811488170e-01 7.189454171873087551e-01 1.240155651899872173e+05 1.073452580683025299e+05 7.576961284538490872e+04 4.180499821095303196e+04 2.746199274383427924e-01
3.710081566495216365e-01 5.919587092785365545e-01 3.826841891714835020e-01 4.850033610530031236e-01 2.718864969443736124e-01 3.425475393204566177e-01 3.776357092792533843e-01 9.558055042600283923e+04 1.244647677537651325e+05 7.636936695685422455e+04 6.687664081768311735e+04 3.272189236178868477e-01
4.755204434375249756e-01 6.123641946224116506e-01 3.309233562161062459e-01 4.626585166539540217e-01 2.956434785963762968e-01 2.994641393365109483e-01 3.345512291484986078e-01 1.360918657897799567e+05 1.163589086661895853e+05 7.972673015840310836e+04 5.623589847539527545e+04 2.377714799872020224e-01
3.127269783162390793e-01 5.836912710543008531e-01 2.953495587574211378e-01 4.085768404694309353e-01 2.741565424936395212e-01 3.892425898507830273e-01 2.880015776639522906e-01 1.215272338014235720e+05 1.079253531575516245e+05 7.983972971037869866e+04 5.319738700462228735e+04 2.603635158147735162e-01
4.790173822250776703e-01 6.161952892830910855e-01 5.514061335761479832e-01 4.454630435411340295e-01 8.844831895964260227e-01 2.877015904617380437e-01 6.727973432383923535e-01 1.272877161076390621e+05 1.098963002006126626e+05 7.591622032425647194e+04 4.026388502333431825e+04 2.651535036559308223e-01
