3.643700272626273495e-01 6.484125269772696987e-01 1.767106576450489797e-01 4.151517554123937970e-01 1.486982760025319095e-01 2.196314806725996605e-01 2.331570867093413491e-01 1.553797370096149971e+05 1.414311597450708505e+05 7.211223819962931157e+04 4.037187065168163826e+04 2.176783390847351340e-01
4.640288069965402551e-01 5.745549179626854297e-01 3.513568117158424320e-01 4.385847577545943787e-01 2.072347506315574961e-01 2.128069883929735451e-01 2.458472996883273587e-01 1.452306972606687923e+05 1.354339509260340419e+05 7.036324132602932514e+04 5.557001577904503210e+04 3.097692301862800535e-01
3.553600049595411203e-01 6.375848956728074057e-01 3.741513681815378800e-01 4.857134271262558145e-01 2.241722563892668552e-01 2.815911540878232033e-01 2.432915968563275078e-01 1.299181138893439784e+05 1.177292570254838793e+05 7.245273388566344511e+04 4.147361887598275644e+04 2.218292556444923791e-01
4.074395587278226705e-01 6.631408038047312825e-01 7.611341599951479964e-01 4.050151195516568103e-01 1.740372591338275876e-01 2.965888239088576572e-01 2.686216319900040506e-01 1.177999589909333154e+05 1.040025852995600435e+05 7.441852527661103522e+04 4.993524398064001434e+04 2.351361077312075776e-01
4.908794982333306023e-01 5.302873960067013837e-01 4.571900826043309718e-01 4.995704978979834676e-01 2.108218904888951306e-01 2.649910910885459603e-01 2.848012445285947325e-01 1.299658391386052390e+05 1.188098301703132747e+05 7.036196858258172870e+04 5.783668006607003190e+04 1.984420559594743949e-01
3.617956436864963043e-01 6.360548408723648572e-01 2.134231175455579832e-01 6.811477152362204190e-01 1.996286591459033588e-01 2.166597009141432162e-01 2.288843472457534056e-01 1.622483303295310470e+05 1.487982044151945156e+05 7.148036706206612871e+04 3.989334339177294896e+04 2.120426211672953309e-01
3.916245334348670282e-01 5.114939979559338656e-01 2.390188845101835768e-01 4.115593022995878147e-01 1.948435405163898015e-01 2.435137284788645440e-01 2.472426470540883825e-01 9.623944597779265314e+04 8.205613171948035597e+04 7.688081585113336041e+04 4.762384899049936212e+04 2.312347574768723324e-01
5.357058742593351353e-01 6.574448575701107300e-01 4.262069429250386898e-01 4.647592026125895726e-01 3.133291899852472251e-01 3.033418920512708783e-01 4.115564997630817845e-01 1.380018367057917058e+05 1.214753640248773299e+05 7.445275474739239144e+04 5.332943793995777378e+04 2.930913250348038956e-01
5.065214443233841957e-01 6.431192349797489882e-01 2.291434459439118110e-01 6.757047733275465262e-01 2.234739367849512270e-01 2.628972838660505462e-01 2.523989602650685282e-01 1.392385414463667257e+05 1.224403264125731075e+05 7.481964162159453554e+04 4.615825124212012452e+04 2.562866287073426452e-01
3.140166786855972947e-01 6.137258675900549854e-01 6.887326778998292820e-01 2.379240447746205911e-01 2.168182481015283325e-01 1.954133752612995101e-01 1.886999148970038842e-01 8.043443518293407396e+04 7.535103690595601802e+04 7.028090655972222157e+04 2.767779794502267032e+04 2.724477598168260628e-01
4.102810580028106169e-01 5.829106907224356204e-01 6.896676949789156685e-01 3.749829030310198319e-01 1.946071191894438446e-01 3.282140838403681538e-01 3.690498450712518252e-01 1.281173178989918088e+05 1.417684598942981393e+05 7.031510225988524326e+04 3.729083886719893781e+04 2.924310977735453676e-01
3.118484319981070230e-01 6.528502643814501072e-01 7.558155843141254326e-01 3.693085998174319706e-01 1.543833623235547070e-01 2.405503758385998947e-01 2.385398298893417757e-01 1.108546773263183859e+05 9.891139912489108974e+04 7.352184448762162356e+04 4.543468387989594339e+04 2.084109409479966146e-01
3.284511039381685094e-01 6.536875118306483268e-01 7.546039068426043661e-01 2.389477465963845693e-01 1.639745016527331956e-01 2.403634713785942345e-01 2.345904966963718585e-01 1.017936374423051602e+05 8.914218126648185716e+04 7.514737683988697245e+04 4.493757832712378149e+04 2.051389859254232617e-01
3.159812010947325445e-01 5.429468139697530837e-01 3.713422698860043281e-01 4.630094611756973011e-01 2.529805945118414612e-01 2.773707047925690894e-01 3.293917349038711362e-01 1.253195989381891559e+05 9.613914836860695505e+04 7.441066447585850256e+04 5.263463817073967948e+04 2.797614812906240589e-01
7.524621671101863196e-01 5.603397934553544513e-01 4.364880322811794944e-01 -2.723200082963673704e-02 4.254059450494556693e-01 2.553541459912794798e-01 2.747877472990307712e-01 1.132505488612576155e+05 1.020410722107549955e+05 7.385718696706449555e+04 5.704850348587575718e+04 2.426411582030597591e-01
4.250455862699025755e-01 6.556846196042309671e-01 3.523057679244175344e-01 6.554602408089736931e-01 2.363771934065384273e-01 2.811392177108347212e-01 2.638482916787153743e-01 1.399451623072565417e+05 1.252871582098627987e+05 7.339208488105797733e+04 4.644171855496981152e+04 2.340746916670697342e-01
4.407171648886093474e-01 5.619545016634057699e-01 3.943809944905599107e-01 4.368665090985143218e-01 2.775945341200694028e-01 2.767708037592864212e-01 3.340066120752367418e-01 1.238338535825893050e+05 9.979456884234283643e+04 7.329910915378612117e+04 5.421079195217380038e+04 3.140237863750192648e-01
7.441601472995107436e-01 6.478341583939419834e-01 3.060280136329676659e-01 7.008433895339097885e-01 5.057348604817404336e-01 2.917384325166065828e-01 3.898257992284907547e-01 1.294358692649945733e+05 1.172649545307493972e+05 7.245506577349978033e+04 4.496500222176585521e+04 2.183801367014235884e-01
3.198968927480527746e-01 6.348868774688636307e-01 7.332816430255486573e-01 3.610013666585921710e-01 1.501206090804613202e-01 2.195751918476760989e-01 2.350997197070490985e-01 1.579997498613984499e+05 1.443412207270948857e+05 7.174252664797812758e+04 3.903067700788992806e+04 2.090464435389299824e-01
4.289016072818470082e-01 5.213745965207146060e-01 4.116237828413005229e-01 4.665025966362381649e-01 2.722678441588227694e-01 2.031438515799586231e-01 3.065570504877320746e-01 1.065864745538639836e+05 1.286760048948528274e+05 7.493265634171133570e+04 5.507835055659960199e+04 2.484719665676445310e-01
4.628964502764174038e-01 5.085429020410973111e-01 5.258485959014349564e-01 4.093355506233538055e-01 2.865594136570481787e-01 2.773528629602155515e-01 3.765907505774691022e-01 1.259269638228744298e+05 1.242253107099843619e+05 7.476703866156158620e+04 3.330499526369386149e+04 2.980142355543095589e-01
4.206073619540397490e-01 5.446211986308993058e-01 5.052957718849639956e-01 4.942339391992811026e-01 1.894778012600030204e-01 3.180988914111155252e-01 3.858910787510962392e-01 1.263405722789420252e+05 1.036322457692208700e+05 7.690832074842104339e+04 5.021648048723043757e+04 2.901626310542395060e-01
4.617100037036065974e-01 6.424851286420089069e-01 2.354190499629036648e-01 4.699263217760771272e-01 1.760192383093378832e-01 2.422294590517778123e-01 2.380210433741174192e-01 1.450281218469970918e+05 1.315134506066224130e+05 7.250947907292026503e+04 4.042881645268118154e+04 2.196930786377656042e-01
4.483237359806727107e-01 6.477964156894673309e-01 7.438361804954090051e-01 3.530375947595244535e-01 1.564293202451307596e-01 2.349142738641281369e-01 2.378823977518858268e-01 1.325833442975202634e+05 1.197424867185537296e+05 7.276389958163737901e+04 4.242347300939800334e+04 2.123736549610452107e-01
3.376283515190314222e-01 5.553655319890711262e-01 2.793657848840974123e-01 3.356893671737195550e-01 2.297674403431181345e-01 2.100079218274728265e-01 1.843552540488906377e-01 9.305497221264451218e+04 8.796934441058324592e+04 6.947556845863815397e+04 2.800928937350437627e+04 1.961241677272725359e-01
4.718389532177224566e-01 5.069780953850062666e-01 4.957283949676203338e-01 4.572834957408490886e-01 2.309885858128765679e-01 3.228194063895506449e-01 3.706055922496628297e-01 1.212082316127554659e+05 1.088521192106645904e+05 7.633593609420747089e+04 5.920237740835679870e+04 2.682263203253170136e-01
1.613605680697630940e-01 4.609429037298112264e-01 3.924066827777322186e-01 5.724312692687356652e-01 2.640133373124321503e-01 2.678335821873071287e-01 4.122904800679234594e-01 1.778431323347617290e+05 1.374777513128653518e+05 7.899111742688543745e+04 5.668701889137715625e+03 2.173584098289297328e-01
4.004948206516426024e-01 7.015250939996178214e-01 2.347196678492501354e-01 3.799337037442624410e-01 1.495713587080767792e-01 2.565050599767366157e-01 2.556063652687289300e-01 1.107246025067036389e+05 9.814926779907633318e+04 7.407876381374716584e+04 5.124289565059958113e+04 2.283197339660263947e-01
4.626834902963511964e-01 6.250263498614799795e-01 4.996853735413322450e-01 5.179128844749283367e-01 1.351707128173462724e-01 2.539079999111387154e-01 2.184414542216716049e-01 1.111107020716553379e+05 8.960063484613572655e+04 7.413428682753584872e+04 4.543385538970224297e+04 3.251621857882536770e-01
4.781707249734556964e-01 5.189145808038062579e-01 7.150083097511924501e-01 4.822920139395968642e-01 1.919350489691272754e-01 3.765308086788494712e-01 3.258388596613979171e-01 1.100499592172350385e+05 1.219761353465613211e+05 7.139508176872481999e+04 5.000961319862396340e+04 3.007313275659319052e-01
4.831162751862494442e-01 3.253430573715639373e-01 2.166176067818329776e-01 3.743462798294745486e-01 1.709612658010484509e-01 2.149512029662108969e-01 2.247105660664412141e-01 1.608614260796563176e+05 1.488183581085085752e+05 7.094961366047861520e+04 3.821131240809729934e+04 2.141326506936228335e-01
4.140933392628375898e-01 5.731102695479003417e-01 4.551514495228861645e-01 4.707613301886955370e-01 2.195042301643328753e-01 3.000807563130199473e-01 3.672477575981262787e-01 1.118053415253157145e+05 1.018970124558030075e+05 7.386052257412020117e+04 4.654120302892557083e+04 2.721879920304628997e-01
3.155522740834271755e-01 6.147208697867867500e-01 7.101454730505634139e-01 1.923543967382069231e-01 1.487977253488287077e-01 1.950209762140274750e-01 2.242345134628440928e-01 1.897355707277786278e+05 1.760187055936970282e+05 7.073453804984902672e+04 3.292895456487793126e+04 2.056483760610754996e-01
4.048395169281681638e-01 4.143872812434591379e-01 2.133355896613433056e-01 4.001754549608921852e-01 1.889245481255840409e-01 2.389467876460211193e-01 2.418685392221241182e-01 1.432359354723659926e+05 1.296264311422207247e+05 7.250551998534938321e+04 4.488407376605755417e+04 2.218817308903618113e-01
5.963711257821678879e-01 6.497906756029299125e-01 6.947183131977214821e-01 4.631597532265111505e-01 8.887849988420897240e-01 4.100191462460426872e-01 7.320144248561413214e-01 1.296505326747313520e+05 1.160903345165098435e+05 7.349388456675628549e+04 4.497730801455571054e+04 2.189760829030578948e-01
4.503526392786118548e-01 5.268551786719534169e-01 5.700191442961730637e-01 4.987103694034107915e-01 2.577823131942059698e-01 2.551745307221761072e-01 3.301762360334602464e-01 1.034315378892701701e+05 1.219221487160414108e+05 7.582334871239739005e+04 4.289148182853512117e+04 3.072513643539617201e-01
3.665194515406668962e-01 6.517225041585618106e-01 2.188920980392853322e-01 6.945346050037973784e-01 2.053398565315393276e-01 2.374494733551855696e-01 2.311758676586874450e-01 1.160344421270074527e+05 1.037958601777305303e+05 7.334017379483238619e+04 4.619865418633157969e+04 2.083025952097989353e-01
4.538173317977493570e-01 6.509950860487847546e-01 2.218419436387176202e-01 6.878187723492245054e-01 2.089664536017876717e-01 2.390768905900839680e-01 2.278790104097721536e-01 1.211117781681572669e+05 1.089874621762609459e+05 7.301935380443728354e+04 4.480879136694187036e+04 2.097240983068855424e-01
