3.858647494054573412e-01 6.557054196346620012e-01 7.338980920772115724e-01 4.165797157191875599e-01 2.787661374251289015e-01 3.315124607314603455e-01 3.445104156178375177e-01 1.751894783584672841e+05 1.479300429022174503e+05 7.786448253685518284e+04 7.018756200972982333e+04 2.992623655334860078e-01
3.425496091016547173e-01 6.303006335218434009e-01 8.311563599338483987e-02 4.152340474765860434e-01 2.281765325619799500e-01 2.695772099945498712e-01 2.930813504338518061e-01 1.563742896752942761e+05 1.454471441966003040e+05 7.053816950258538418e+04 4.053131318873839336e+04 2.564305641576254957e-01
5.771559829339019121e-01 5.737431597565288977e-01 4.669083896694939950e-01 4.921557571594483704e-01 4.857750508187493876e-01 3.593069673436089517e-01 4.770452081044090908e-01 1.092039216462633049e+05 9.851591218284417118e+04 7.238786633812388754e+04 8.207557962501913426e+04 4.125152430977928608e-01
6.469616169164491559e-01 5.034984879106394473e-01 5.029671191706253097e-01 5.075909209367681640e-01 3.943956918674656476e-01 4.411571054396098424e-01 7.036066717285699434e-01 1.652534690907475306e+05 1.399105675989909796e+05 7.758612286357875564e+04 1.462817557079282415e+05 4.571228105094807814e-01
4.555979670614909161e-01 4.938656557992874840e-01 5.242234437206101383e-01 4.870322477013872553e-01 3.772739397187729327e-01 4.100560181087026801e-01 4.287337802543630394e-01 1.622076207585206721e+05 1.447170979415317124e+05 7.357867614128095738e+04 1.306618936451766640e+05 3.854875183493671198e-01
2.961096417460119534e-01 3.432207548830974453e-01 1.674642242469599751e-01 2.784428046661678313e-01 2.181462534775898132e-01 2.172676742204222855e-01 2.482496605520240207e-01 1.271737210441770585e+05 1.208138208833429235e+05 6.877020442462866777e+04 2.854391231706707185e+04 2.152770241145091634e-01
5.003497800014868879e-01 6.356087701590280581e-01 3.159801881556957293e-01 5.003322514720758285e-01 2.539321639418231635e-01 2.988402812477001791e-01 3.199379478867179771e-01 1.462659114384715504e+05 1.322377754999303143e+05 7.260886504657231853e+04 4.879617315614605468e+04 3.374975171841023136e-01
3.917605911195540802e-01 3.946916071683535532e-01 1.688090289988462556e-01 4.336174379366661280e-01 2.742732201439264106e-01 3.106013882986057850e-01 3.355536794341549278e-01 1.378217384563806409e+05 1.133652805290365359e+05 8.035575855545018567e+04 4.955473931093712599e+04 3.279975706465388385e-01
5.716741830808138580e-01 6.420604606011305338e-01 6.664805210469836316e-01 -3.534373359405693638e-01 9.364095765385784809e-01 4.653193731105008113e-01 7.355120827714418663e-01 1.531849718459096039e+05 1.409658735329927586e+05 7.152252757078346622e+04 4.820011642809652403e+04 2.502184130170551635e-01
3.310404009417762805e-01 6.435239828255903127e-01 7.283250182449996224e-01 3.946697872321982548e-01 2.532602398887360273e-01 3.125782039723021266e-01 2.914432569092519354e-01 1.276984639728087932e+05 1.168239566159038804e+05 7.208157562532708107e+04 5.011768807155536342e+04 2.542640582691245710e-01
3.674681395537426898e-01 6.354551539599747612e-01 7.008116842523790524e-01 3.776182444904586655e-01 2.592858936469724096e-01 5.680374328651655036e-01 4.138062880675943966e-01 1.218607206115893205e+05 1.100409547518668260e+05 7.276008122766419547e+04 5.205977210679935524e+04 2.739953052508356524e-01
4.566323075204298254e-01 3.426352966523387722e-01 3.235211509895898896e-01 4.722781742796145488e-01 3.313410231889941104e-01 6.175817381359054448e-01 4.602407293465436422e-01 1.115915022831270035e+05 9.254547581038225326e+04 7.861650363007924170e+04 1.553113209906867414e+05 4.927354015980409674e-01
6.247272243797303837e-01 5.544149774989928225e-01 4.917795910488665934e-01 4.485700077740997771e-01 3.909168328370327128e-01 3.917291865858797406e-01 5.511399381419253007e-01 1.506927383585017815e+05 1.341324430113943235e+05 7.371553739725357445e+04 8.102576231035588717e+04 3.136131945905119567e-01
3.552425950505357366e-01 4.629786720138997502e-01 2.775269159045021250e-01 4.118207374091085171e-01 3.102888211247137318e-01 3.394756642183871520e-01 3.346706556967737334e-01 1.511517158787501685e+05 1.409532803147342056e+05 7.039670173803166836e+04 3.624623776034219190e+04 2.730546697238205311e-01
4.541022899764543541e-01 5.119542259032797693e-01 2.111824301058624898e-01 4.346535623444647278e-01 3.173380117826333224e-01 3.891261050996052129e-01 3.408482960474106815e-01 1.122024291610495420e+05 1.061920908068908029e+05 7.490456096246639208e+04 6.792624472708531539e+04 2.659367322738129258e-01
3.417523833021682833e-01 6.476957008334669474e-01 7.328648551123104760e-01 3.694864346753125584e-01 2.319284637731373888e-01 3.166671491332299637e-01 3.019081634900665501e-01 1.007289716783153708e+05 9.034508498720620992e+04 7.307862217814046016e+04 4.707024164111436403e+04 2.584447878261972864e-01
4.570034955314559166e-01 6.199210743545285895e-01 1.349576626105750687e-01 6.363305793515581232e-01 2.483365891603251663e-01 2.420020036694279786e-01 2.823458296794225109e-01 1.621371004606953938e+05 1.526171951463671867e+05 6.983151915775793896e+04 3.534710022831821698e+04 2.501761369186435990e-01
9.976248003112856422e-01 -3.135540368613017326e-01 7.264890344875474248e-01 9.800950060184345780e-01 -4.522058425735962506e-01 3.605331121106978287e-01 8.473305641199724292e-01 1.443602194888958766e+05 1.225041338113576057e+05 7.766468131934446865e+04 1.404969724397975078e+05 5.006890895558648857e-01
7.990157781738318477e-01 4.596858312561163951e-01 3.943466772520191066e-01 1.708431541655166530e-01 3.275591685240771267e-01 3.437470793074275388e-01 4.540340938747640664e-01 1.201462416419686197e+05 1.051667366883322975e+05 7.594532759830613213e+04 7.467602227832801873e+04 3.059000252379684981e-01
5.142949821307688518e-01 3.733687502449923312e-01 2.376338967261397150e-01 4.138373810783430584e-01 2.723493261196285875e-01 4.044739214405105310e-01 3.409647055108762648e-01 1.416119948018784053e+05 1.283860461827091494e+05 7.266958277330306009e+04 5.296347130683186697e+04 3.342968760008997453e-01
3.480158472303532813e-01 6.390983268265406636e-01 2.255875145953953331e-01 6.609903391957614449e-01 3.074239199653997501e-01 3.260456243294921341e-01 3.255931062736852066e-01 1.480938834274229885e+05 1.347430857279761403e+05 7.237378296115729609e+04 1.048247263705368096e+05 2.898049635183816419e-01
3.427978454992979818e-01 6.316358309461092002e-01 1.114338093348781061e-01 6.574335747194350876e-01 2.574179923565073635e-01 2.664728859383480031e-01 2.948087406824267398e-01 1.674021267409118882e+05 1.560770306436161627e+05 7.032148506926032132e+04 4.276849190268266830e+04 2.571012247077275048e-01
3.412623039592432295e-01 6.378340331352287951e-01 7.052006917182835899e-01 3.507397101826788544e-01 2.207171583679633231e-01 2.735966536639710123e-01 2.714686880797016477e-01 1.352614307900328131e+05 1.234587566283627384e+05 7.207796718276996398e+04 4.068047064764265087e+04 2.443929554675129401e-01
4.607054960780603836e-01 6.218289271258869988e-01 6.955521838359721709e-01 4.148651133644098432e-01 2.736999203250269908e-01 3.421115194942870863e-01 3.557244746375136657e-01 1.112025848173156264e+05 9.225313900203770027e+04 7.935576530785675277e+04 7.091009754936458194e+04 4.887459213014140880e-01
3.490839423508800277e-01 6.330518152892813388e-01 5.870647451980239712e-02 5.868044314551470464e-01 2.474910443992013598e-01 2.789603332522993528e-01 2.620842281543300234e-01 1.346345094803812681e+05 1.244348378010813030e+05 7.114996828138340788e+04 4.140863168224721448e+04 2.415612406353028485e-01
4.295730218567099246e-01 5.215887585673263382e-01 3.331280847036581783e-01 3.997537431484573522e-01 3.349609824251172929e-01 3.596775865107650905e-01 3.784384336863413911e-01 1.107932104758607020e+05 1.023399961067945260e+05 7.099839064107013110e+04 4.790504403929263935e+04 4.146232747029621746e-01
3.578285881727704676e-01 6.493019926253603691e-01 1.701034807684302652e-01 6.213606155038750023e-01 2.686280328237566351e-01 3.074115108621066628e-01 2.928567638069673462e-01 8.601177451045613270e+04 7.692946798195954761e+04 7.339110391556948889e+04 3.843312258186947292e+04 2.459422877233505833e-01
4.203821947106993195e-01 5.219808699064455437e-01 4.175566376497785170e-01 4.045694300477643557e-01 2.648037102925659414e-01 3.431014636164846920e-01 3.694474291046824233e-01 1.733310116245678510e+05 1.235205418475139013e+05 7.601376471498793398e+04 3.335675019583407993e+04 3.437162528043798404e-01
5.646467080758060808e-01 4.828151611888526484e-01 4.846416165141279597e-01 4.934724506453486703e-01 4.033358566396011979e-01 4.447841382380270381e-01 7.000863259220185819e-01 1.652734494321196689e+05 1.431864487132368085e+05 7.570483193217449298e+04 1.481353212150323961e+05 3.917493176975960778e-01
3.352911045461430262e-01 5.928973970040586350e-01 4.053249737267783370e-01 4.582076896326073845e-01 2.497388302961195128e-01 2.818572102271937885e-01 3.102638630195891922e-01 1.577301285472961026e+05 1.505290481321261905e+05 6.892592305741725431e+04 6.679047914650093298e+04 4.738777772083067052e-01
6.597704793129791634e-01 4.791213892716039702e-01 4.717199077539275254e-01 5.100866820875019636e-01 3.690699873260729347e-01 4.208275688663904446e-01 6.598905891047361916e-01 1.768570342892991612e+05 1.548262509646879334e+05 7.455922497912761173e+04 1.489268150489658292e+05 4.095514259779945987e-01
5.158622828961446638e-01 3.058008829136781292e-01 2.748313655579234238e-01 4.290929052085964424e-01 2.559578749687193011e-01 3.024010862588700776e-01 3.697169292276716868e-01 1.046062552009782521e+05 9.828346556218419573e+04 6.952680551070939691e+04 5.512670668741199916e+04 4.360383611785983993e-01
3.642614178870492991e-01 6.288536284766540474e-01 1.642351641480584712e-01 6.984544193483599450e-01 2.257361331808551419e-01 2.981828422430657377e-01 3.044532460501451210e-01 1.226152636730388331e+05 1.107351083729524689e+05 7.278395077547879191e+04 4.985461785290853004e+04 2.662642404318664724e-01
5.219925988942631934e-01 4.016592126476520863e-01 2.412630526996819291e-01 4.273053119933411526e-01 3.154991462772791522e-01 3.387639610055797057e-01 3.532015966477963231e-01 1.320728418363257078e+05 1.191443556173793186e+05 7.284114201346466143e+04 7.715957148484820209e+04 3.138283661748231257e-01
3.595988314449155010e-01 5.682271466417851968e-01 5.972141102859019890e-01 3.737044145633763859e-01 2.501171190620312679e-01 3.228253264110114706e-01 3.574923455521732962e-01 1.473158697124521714e+05 1.288575874375818676e+05 7.123735526238589955e+04 4.722678842550046829e+04 2.659984192093746147e-01
3.314647150046987067e-01 7.941334644177878710e-01 7.239879278012945063e-01 4.655643686100960355e-01 8.882018738272843272e-01 7.611943108843752803e-01 6.203346607828174042e-01 1.616026759168054268e+05 1.535792505596006231e+05 6.896699546631578414e+04 1.724780558083746291e+05 5.986013943703634155e-01
3.391666339308151423e-01 4.963903735513398585e-01 3.366983686094697781e-01 4.963060707044628095e-01 2.883547243820199779e-01 3.027502974952572812e-01 3.394587010589659726e-01 1.250901626869974134e+05 1.337225629439232871e+05 8.004418278308588197e+04 4.917574479191837600e+04 3.099872886297816432e-01
6.777082508300398545e-02 3.763831918257958820e-01 4.759733561511022559e-01 1.911409554300301517e-01 3.482061627299675166e-01 -1.944001627828151890e-01 -7.866283763587927913e-02 2.230833472255306551e+05 1.918554298116287100e+05 7.509323663421998208e+04 1.265112206380658172e+05 -1.682558274025975076e-01
4.686966851400884426e-01 3.474596485794141376e-01 1.716145337609130128e-01 3.424036988840900020e-01 2.415282390775534138e-01 2.593146681287971100e-01 2.836614558263687025e-01 1.190608203726376814e+05 1.105832932275759231e+05 7.074060015696924529e+04 3.544007498899177881e+04 2.490861956892495566e-01
4.787582148638175883e-01 5.108095123110649727e-01 4.413415479980182243e-01 3.780027022589967922e-01 2.631057862525961188e-01 2.060593396173965586e-01 3.978078434455252221e-01 1.821970030802219990e+05 1.707438354342145904e+05 7.006046096536342520e+04 2.977480901390986037e+04 2.488748355978933346e-01
3.869908181494026156e-01 5.744060493637521692e-01 1.739158966437043263e-01 4.079392013377245996e-01 3.268713434666126738e-01 3.589458497376111223e-01 3.696080351603064917e-01 8.469783926844468806e+04 8.146973623747230158e+04 7.106075249895681918e+04 4.805615857136995328e+04 3.135050975506350479e-01
4.647812293911484649e-01 4.969275387563903967e-01 3.207489998974779599e-01 4.868274709713877879e-01 3.085321370760298887e-01 4.080893372344773784e-01 3.959677143155901913e-01 1.194643962025657675e+05 1.117538374229461333e+05 7.289515683885564795e+04 1.599121376319605406e+04 3.080199145855146425e-01
3.644651680789079973e-01 5.863170228963319186e-01 3.829896943145985055e-01 5.260355213284573228e-01 2.777957789563532676e-01 3.607528353475590865e-01 3.720706046110062726e-01 1.344488319444092340e+05 1.336663738302786660e+05 7.124532069665804738e+04 7.365782027164072497e+04 3.469751442619202209e-01
4.640944804432632353e-01 4.946828740940585334e-01 4.034448153561746020e-01 4.376670048737868468e-01 2.994960023879198463e-01 3.242937844863042485e-01 3.639651032906333072e-01 1.573916889069228200e+05 9.864860208311071619e+04 7.135450762884033611e+04 7.795917688504682155e+04 3.602575977458540857e-01
9.993285139920365934e-01 1.302916813813600749e-01 2.762563224843246901e-01 8.938847550757583749e-01 -3.517072688143600967e-01 4.179077761228182086e-01 7.219491011196623731e-01 1.581314074229389953e+05 1.359707779801428842e+05 7.687782347203161044e+04 1.415362144617560843e+05 4.167365691973648478e-01
3.614605033733285788e-01 5.068968176267042436e-01 1.865580968174339604e-01 4.582955993090584434e-01 2.649414888383888056e-01 3.310239497585807378e-01 3.840972655246834289e-01 1.200783934975595766e+05 1.574058199907360540e+05 7.391479577793904173e+04 8.105429434644462890e+04 4.472674274939012484e-01
7.990990827895427806e-01 4.944832485843944636e-01 5.398979786316401297e-01 4.643023941523435338e-01 3.685260763427886110e-01 4.120606205116401632e-01 6.166330621231590481e-01 1.397916863208694267e+05 1.203983822520587273e+05 7.646189095885260031e+04 1.235659426214970154e+05 3.611091850472694653e-01
5.890400151834781495e-01 5.732878757303562223e-01 5.812475912576049453e-01 4.953365361009404721e-01 4.258824869847394612e-01 4.229942344058300607e-01 5.929713153193287845e-01 1.178993537173716031e+05 9.854427919318647764e+04 7.845380380617272749e+04 1.391471400875950349e+05 3.764658462004273898e-01
4.525054870653830164e-01 5.056367149716561871e-01 3.938152164056845095e-01 5.145545991741294900e-01 2.766654289394333555e-01 3.223942855255091944e-01 3.088840074090212773e-01 1.553611894160345546e+05 1.335816487385843648e+05 7.626285404471389484e+04 1.020272059333845973e+05 3.215458453094025559e-01
3.790363306708832147e-01 4.357354725739774337e-01 3.366159248197323484e-01 4.010133090936851552e-01 1.843070089966158676e-01 2.889045689309929221e-01 3.322622591740351239e-01 1.491104642823997419e+05 1.370843391159687017e+05 7.168016636320241378e+04 3.718445940385786525e+04 2.989417422962299953e-01
3.978842904309079498e-01 5.839371262735578716e-01 3.902339179368560229e-01 4.435504493769527046e-01 3.371567789313673624e-01 3.860571657434241910e-01 2.507555694741565033e-01 1.256312269990063796e+05 1.309314513355508097e+05 7.498404534592993150e+04 7.805182717544279876e+04 3.692388678343532793e-01
3.513258973867565693e-01 5.217734663731731226e-01 1.637391953265535660e-01 4.845754869610833238e-01 2.391686986709799789e-01 3.097771773006544604e-01 3.651595257007440587e-01 1.227263798133000382e+05 9.544577853050954582e+04 7.175066763785565854e+04 4.860767776353275258e+04 3.301816170387670279e-01
5.922679894510461951e-01 4.975980799893159889e-01 5.188995550025597980e-01 5.210505430453986619e-01 4.290117697115842232e-01 5.165450987361007718e-01 6.421198094413024249e-01 1.755895034128739208e+05 1.503151848369871732e+05 7.685762845733447466e+04 1.657838013151743216e+05 4.045211768266433472e-01
4.424074839874652665e-01 6.129012062608236722e-01 5.017569291834506062e-01 5.490037905930817974e-01 2.941161051799781045e-01 3.352460415321551479e-01 3.056724935979181490e-01 1.394369918495714955e+05 1.387163029602354218e+05 6.962593092597919167e+04 8.094071103222534293e+04 3.152282777267317315e-01
3.693797543258641181e-01 3.865004019114162692e-01 1.951742169078434508e-01 4.183932609272384417e-01 2.792341143465588149e-01 3.006171332737384017e-01 3.288401645818922470e-01 1.069186888261238491e+05 9.612095289307231724e+04 7.299760220823384589e+04 5.087202699677252531e+04 2.779260287675318630e-01
3.216189087653840151e-01 5.529117833780635705e-01 4.680579892841971734e-01 4.835415707477338509e-01 2.831323589010346087e-01 3.151376073243727927e-01 3.690964833904708531e-01 1.267335049131494161e+05 1.553676397471049277e+05 7.226436154744165833e+04 4.809330025085128000e+04 2.933746351048735490e-01
4.008500635974697190e-01 5.014681375417741060e-01 3.852941020080855594e-01 3.985653975389445436e-01 2.575799580369517727e-01 3.103773944255230899e-01 4.075531285142057758e-01 1.457456125460573821e+05 1.303745089871486707e+05 7.632932464835217979e+04 8.792153584998562292e+04 2.825013426691521667e-01
3.967937972111182376e-01 5.530095244686747957e-01 5.509432594287400065e-01 5.114483916742710301e-01 3.050110647160959587e-01 3.415206426914836890e-01 4.313467929374025789e-01 1.450505418930865417e+05 1.197118136865457636e+05 7.321285354451055173e+04 6.841346005725419673e+04 2.921912758159274648e-01
3.759256507073876485e-01 5.723268307288577050e-01 4.087848661347581736e-01 5.047408826694005368e-01 3.271409770832371944e-01 3.373818694709156407e-01 4.345568553567217274e-01 1.451706872621743823e+05 1.243608912379778776e+05 7.220673431266585249e+04 3.416451668706486817e+04 3.158567096378089856e-01
4.605994067542256154e-01 5.275394861136897262e-01 4.865190144979487652e-01 3.837690769169020411e-01 2.514304095795975025e-01 3.418660273162504315e-01 2.972738897177167883e-01 1.312203144649429014e+05 1.283908161385751009e+05 7.206190533178254555e+04 6.464480437715636799e+04 3.942978670501007255e-01
3.600402971171986488e-01 5.482443469295931182e-01 1.068964085461320823e-01 4.651150660727417785e-01 2.269818463266125019e-01 2.222501787653781702e-01 3.037853132931280231e-01 1.211642960286534799e+05 1.120194366511067055e+05 7.145699427897197893e+04 7.389289401803976216e+04 5.846917117020515864e-01
7.077506877086879866e-01 6.403425654216587937e-01 3.578524412091117490e-01 3.806826280627945147e-01 8.680021750695439131e-01 4.804834119054365305e-01 6.228387605031654450e-01 1.268178443946003972e+05 1.155610986301845260e+05 7.253859984127021744e+04 4.806651338938652771e+04 2.874151444009471756e-01
3.336616660276245372e-01 6.430372269322317536e-01 7.240619501919234313e-01 3.614949198111016004e-01 2.227333518782961264e-01 2.990050012214264252e-01 2.940272435455812405e-01 1.365209790584612929e+05 1.257748689319101686e+05 7.117202517481934046e+04 4.585736216577814776e+04 2.535588093226242568e-01
6.119761397557340610e-01 5.408889728909139771e-01 6.160082288459588495e-01 5.003807502467574331e-01 3.979179312597745377e-01 4.088978861393537945e-01 5.740117949779885986e-01 1.630455276580148493e+05 1.436882105262030964e+05 7.441522654871783743e+04 1.403194931889778236e+05 3.857078193457443294e-01
3.995729725126562770e-01 5.157705466588441423e-01 1.859812950946340415e-01 4.013423383924761279e-01 3.245152635188327528e-01 3.039013935226359542e-01 3.421270736694196346e-01 1.325830213639982103e+05 1.348773627270888828e+05 7.270714932956687699e+04 9.167272735177297727e+04 3.455819883322284181e-01
5.932092191565544459e-01 4.753813523065905655e-01 5.363840618259079207e-01 4.903796770238447178e-01 3.810443236431387826e-01 4.361665080206277301e-01 6.684720512600567099e-01 1.192211145917339600e+05 9.933607701508760510e+04 7.859751319781472557e+04 1.499549185966984078e+05 3.826667471702491774e-01
4.534410647463785193e-01 5.535847652099635807e-01 2.786104063811664644e-01 4.581940263213703513e-01 3.063846097840693394e-01 2.305298066518202404e-01 3.463888250891317688e-01 1.369145454362927121e+05 1.150201062061533303e+05 7.243551151428588491e+04 8.274697128864465049e+04 3.082580792948629855e-01
9.940421374041790159e-01 4.597045232956085692e-01 5.442917728882331607e-01 7.410114355230370542e-01 -2.559428493684041961e-02 4.351185940252035311e-01 7.037869181109391858e-01 1.426294369653599861e+05 1.213283164778381179e+05 7.795971959246303595e+04 1.486666056384792610e+05 4.069584984238499015e-01
5.612552120325433602e-01 5.119895857375229564e-01 5.892276422724259666e-01 4.831213017542033694e-01 4.021014127894534940e-01 4.184731672722289408e-01 6.171437502916328199e-01 1.683887813959691266e+05 1.469856012580665119e+05 7.516475453586010553e+04 1.363208150837194407e+05 3.701066462277116664e-01
2.908737908990284837e-01 5.781544800015117058e-01 6.415402157161596008e-01 2.967652862387161750e-01 2.116409766791652880e-01 2.717809029669846499e-01 2.570503420250856985e-01 8.415972726065284223e+04 7.884296868047685712e+04 7.008152802229949157e+04 3.123861047908420369e+04 2.971919570977084590e-01
4.010038428774468922e-01 6.279826547599247633e-01 1.842244238980302318e-01 4.143219575159193258e-01 3.319999509440959562e-01 2.422248778440085071e-01 3.975112613596249456e-01 1.239196167403236759e+05 1.035315130252939125e+05 7.501212992551525531e+04 4.025713606833793165e+04 3.380701178654911820e-01
4.113858125925133891e-01 6.502628891981840908e-01 3.456542323439444342e-01 6.930885958097499078e-01 9.441173208152876806e-02 3.230376302974800051e-01 3.137712736124149693e-01 1.411792674053265655e+05 1.311126499110032746e+05 7.210520866659819148e+04 4.803571006695449614e+04 2.756528423568988528e-01
3.451935528675942888e-01 5.565961144647275649e-01 4.115085838330541090e-01 4.733429254737480107e-01 2.707191388547078303e-01 2.935933090159646430e-01 3.290022524813103200e-01 1.195000678430824337e+05 1.141649076812641870e+05 7.261051159786339849e+04 7.673293184750291402e+04 3.324692030875408544e-01
4.463114081992263227e-01 5.504961362396075808e-01 5.707056083447281658e-01 3.752014157202556710e-01 2.917054400763349209e-01 2.778027206295494156e-01 3.300834159036686866e-01 1.599894276969154598e+05 1.259430637920823647e+05 7.345023589684479521e+04 9.416709954010264482e+04 3.294515503613547613e-01
4.380909023080349352e-01 5.542403188635798283e-01 2.318990491616341465e-01 4.392439900260606822e-01 2.994821345180024852e-01 3.245987876156104512e-01 4.327357820816803979e-01 1.417017319950326055e+05 1.367637844143676339e+05 7.298776976386988827e+04 8.830950314449999132e+04 2.696800793062300028e-01
6.307044752883372851e-01 6.503031525150216874e-01 1.323707480940732317e-01 5.848090076577038277e-01 5.745779097191449081e-01 2.991205272546071381e-01 3.779972885165028829e-01 1.528966301567464252e+05 1.417289425622475101e+05 7.072830619184284296e+04 4.887204232222783321e+04 2.693670785717253713e-01
3.338914841128102218e-01 6.254167470063162204e-01 3.923164229262098845e-01 5.352100078452840526e-01 2.524177918769811568e-01 2.611200336726721694e-01 3.427718672246278242e-01 1.722265505834367941e+05 1.608186778622668353e+05 7.048899638583666820e+04 4.421665276595632895e+04 2.769017612772718406e-01
3.227321313995122898e-01 5.775944338418199653e-01 5.368806263434343640e-01 4.580421412617270982e-01 2.577824536617826512e-01 2.983757457260522994e-01 4.058642515422172803e-01 1.501811894771133375e+05 1.201319407523258269e+05 7.258520642252564721e+04 6.216996929755890596e+04 2.391547421019745157e-01
3.991007974207282372e-01 5.762911409192074119e-01 4.317054422570753003e-01 3.974264464657161766e-01 2.720003864097231827e-01 2.849375493893516742e-01 3.577490706227214323e-01 1.367080641359016590e+05 1.464980368492658890e+05 7.363327310243935790e+04 7.857979623452259693e+04 3.907999505720423095e-01
4.221488970006136987e-01 4.479678550841226237e-01 4.167732069630051273e-01 4.312947720795646811e-01 3.201918569002312753e-01 3.343223787439882355e-01 3.775322637591714270e-01 1.581902635945317161e+05 1.391035858182263037e+05 7.478695165747095598e+04 7.811266984124407463e+04 3.074486552951669061e-01
3.996427564621919948e-01 4.842452147200931867e-01 6.507365357104549775e-01 4.470841329084552229e-01 2.866196522415163095e-01 2.684598556958469606e-01 5.376894260762464794e-01 1.509156924474225671e+05 1.279396105241828773e+05 7.227822199084401655e+04 4.835248959739659040e+04 2.587988015773791672e-01
4.443603003122301165e-01 5.897812658574012046e-01 2.988416653693566349e-01 4.268469239354529265e-01 2.597564863492305975e-01 3.023263593822229645e-01 3.959180307928980569e-01 1.593039926631040580e+05 1.191103721982305724e+05 7.651257083978169248e+04 5.431328663884805428e+04 3.526078283265070556e-01
-2.191683678471992858e-01 9.812800971628397040e-01 8.587702748366545791e-01 5.811127748808943005e-01 8.229820291956029266e-01 8.699642512680805240e-01 4.322492703987443896e-01 1.140958484890084510e+05 9.546344731150126609e+04 7.758940044432808645e+04 3.486389494031725917e+04 2.390869237121462099e-01
4.469492759578064800e-01 5.556227458347989812e-01 5.157244452094443821e-01 3.969107864981462619e-01 3.104081804920387211e-01 3.014779581910916328e-01 3.582278702652959002e-01 1.362721097460736637e+05 1.307198490410475206e+05 7.259903601325090858e+04 6.509839879670316441e+04 2.606018217990971886e-01
4.994679022888597331e-01 5.609103855440649156e-01 6.248126984990348687e-01 4.418667843886398550e-01 3.103517686412239351e-01 3.030569258703642022e-01 4.516147247773815709e-01 1.348972128123528673e+05 1.224708418602768215e+05 7.244557659242679074e+04 4.744100063791038701e+04 3.717375352655385434e-01
5.526264152843188837e-01 4.968563123107537782e-01 5.765722339051994050e-01 5.610357268822881993e-01 3.792775159654498407e-01 1.299445217615659842e-01 5.747884777905841736e-01 1.874872375101810030e+05 1.015292342797322926e+05 8.091174259667476872e+04 2.426566567452513118e+04 3.272444555100088581e-01
4.060762574311011508e-01 5.788123722477601651e-01 4.219912614004487361e-01 4.835241730712034891e-01 3.375390350369922854e-01 2.975648766897224240e-01 5.562868640984900415e-01 9.915546297133764892e+04 1.091851339750142361e+05 7.309067162766616093e+04 9.961088312379091803e+04 2.437682444281674132e-01
3.861039528295465706e-01 5.516276432673479224e-01 1.147915683386999258e-01 4.561972914724043426e-01 2.039561412443041954e-01 1.733224302403603978e-01 2.775545414245877418e-01 8.747781190551977488e+04 8.196174105778185185e+04 6.998791111454275961e+04 4.836493933384972479e+04 6.044414792170794692e-01
5.212728572932118221e-01 5.249147222519088274e-01 3.871093000461943434e-02 4.406657115136878855e-01 3.088864796687617043e-01 2.861237465477606268e-01 5.253137253267136098e-01 1.513597132236571051e+05 1.092196709834444773e+05 6.748272576719743665e+04 1.058342754383009742e+05 3.698245479967225413e-01
4.414355986695970291e-01 5.589442775693411747e-01 3.650146778564348216e-01 4.524466492052511835e-01 3.088726111120491113e-01 2.726737614961628475e-01 3.398453738987662898e-01 1.418867324412403686e+05 1.264841686480629869e+05 7.456052542430956964e+04 6.336952960056206939e+04 3.325380761948121267e-01
3.984930570286199236e-01 5.256224590822434761e-01 2.983984696264967429e-01 5.108339078137220657e-01 3.225627071287660019e-01 2.773077297948045028e-01 3.930092002728681200e-01 1.336369737492710701e+05 1.065556594427980890e+05 7.561074475032956980e+04 6.785594975711742882e+04 2.846252874405898470e-01
3.313841214939200475e-01 3.118155639487257269e-01 8.501247913940858103e-01 3.336142583231901937e-01 4.415001910188924850e-01 4.095495644031140747e-01 4.554312488265719328e-01 9.515854185512522236e+04 1.139946101204257429e+05 6.244803043942938530e+04 1.798869937171841448e+05 4.789319452843864844e-01
4.423868168289862846e-01 5.156512010071567786e-01 4.809326567912823869e-01 4.472715984858697258e-01 3.170130809089094504e-01 2.934060128459386463e-01 4.506223228640084399e-01 1.369657149403707299e+05 1.072751067556593625e+05 7.295384183705848409e+04 6.924376546166460321e+04 2.929670212001501683e-01
4.338139857066200533e-01 6.477841183827014460e-01 3.442723676078883188e-01 3.647856042683244038e-01 3.609375341827728012e-01 3.034007501996305312e-01 3.823710375349028689e-01 1.343483020519890124e+05 1.314280360533163475e+05 7.046334784711925022e+04 6.014559132781474909e+04 3.035692730116746896e-01
5.139274601499064232e-01 4.548915148002309894e-01 3.607133141481673744e-01 5.059324649861187684e-01 2.114507079761335784e-01 3.793497974288069785e-01 4.402193098870705312e-01 1.365870055038139399e+05 1.216383822971559712e+05 7.047480845846819284e+04 6.032978514599464688e+04 3.399464527718266127e-01
4.458392104046761673e-01 5.841268574557537674e-01 4.378217421578642909e-01 2.593177130511811757e-01 2.987856947693721121e-01 3.470524214812362174e-01 4.119145143240702800e-01 1.090590982056389184e+05 1.227307793078111281e+05 7.227825463174558536e+04 -1.825184626679703069e+04 2.253427938173549194e-01
3.553887395084010525e-01 6.653241766739266261e-01 7.230127927795818588e-01 -8.716359951452380336e-03 3.165774390901757718e-01 8.125933631665893664e-01 3.079747235660708626e-01 9.513111709141074971e+04 8.371295885416159581e+04 7.384775791362041491e+04 4.159131408090695913e+04 3.488465701837736854e-01
5.096319934717717937e-01 5.639420207851182365e-01 2.856366669421925297e-01 4.229827266462832802e-01 3.050679584332658956e-01 2.953385924861560707e-01 5.402091457074281733e-01 1.137734793444149982e+05 1.260668409926449676e+05 7.591599027304301853e+04 5.457697699288226431e+04 3.538277892072752007e-01
3.662792144919406190e-01 5.705366963249325352e-01 2.512458900230669090e-01 4.933565258360614880e-01 2.574043803176930267e-01 2.960224542224033084e-01 4.366934650438472620e-01 1.380887214769854036e+05 1.118165037306236482e+05 7.544902606937843666e+04 6.330719290875655861e+04 3.585117549564238448e-01
3.026774846429072796e-01 5.731875489761183440e-01 5.632634101994482556e-01 4.441326870350517653e-01 2.834696578617584839e-01 1.543107165681799342e-01 2.404955563041425715e-01 1.540214513639569632e+05 7.854121262066556665e+04 7.218689586084523762e+04 1.583781631734755501e+04 4.897177836369805970e-01
4.126764667744094450e-01 4.988624439746558448e-01 7.111950803101767526e-01 4.372589665594635022e-01 3.286134358675094624e-01 2.902971264300909793e-01 4.552313764258494322e-01 1.124639512494834344e+05 1.256696966560105066e+05 7.192657452880399069e+04 6.898963091217204055e+04 2.758725337822376389e-01
3.271231685635422881e-01 6.219952366761175577e-01 7.018356306263225930e-01 3.632112033418722907e-01 2.170081051630506908e-01 2.556716516269538775e-01 2.981530912100801567e-01 1.809922645076323242e+05 1.688734133021264861e+05 7.024900882987379737e+04 3.767897631514475506e+04 2.558817966285682477e-01
4.242274772796195692e-01 5.918587648794266798e-01 4.348750820561522179e-01 4.807627704746509911e-01 2.563179285953444686e-01 3.291946519785184933e-01 2.984193676560420450e-01 1.500440223680881609e+05 1.323993365822485939e+05 7.455082494337967364e+04 6.829136178396681498e+04 2.858229288764183584e-01
3.982779636956854108e-01 4.697640366308062365e-01 3.876615467678123372e-01 3.884980289536541509e-01 2.307877626973457441e-01 3.345336528619284322e-01 2.316339116521869690e-01 1.050646273031017772e+05 1.180791551777163550e+05 7.205054064221738372e+04 8.641330363820301136e+04 3.858269376548107976e-01
4.348310586060395444e-01 6.243957961344177576e-01 2.834547885747846774e-01 4.468787214242102013e-01 2.533368525901992796e-01 3.176588480429337613e-01 3.070969902275750285e-01 1.353938311341736407e+05 1.134818307870788994e+05 7.432679534799963585e+04 8.526589621182992414e+04 3.043618046150631251e-01
4.179987179593714908e-01 5.267196370204133560e-01 3.668224433508258109e-01 5.264997446743990839e-01 3.374140653575889992e-01 3.496462067514037320e-01 3.616704036631530061e-01 1.465414356932821975e+05 1.283957843139241595e+05 7.201715599470636516e+04 7.494819600548215385e+04 3.916033235585266725e-01
4.058397491262503709e-01 5.274469102765331208e-01 4.367260326062620823e-01 5.147868962027277728e-01 2.583281229138878476e-01 3.359545193562202270e-01 4.309899224865625933e-01 1.457883196472867567e+05 1.222016750662318664e+05 7.180863192395573424e+04 6.698359921336887055e+04 3.992487509609414231e-01
3.843084044512797837e-01 5.617766312756642400e-01 4.143582844092836281e-01 5.331820370362075900e-01 2.218488622085448003e-01 2.725417769470779294e-01 4.710833181647152701e-01 1.031330010709681665e+05 1.314989125285581395e+05 7.514853766642475966e+04 7.903308532364069833e+04 3.556980219748659966e-01
3.910660251563996548e-01 5.532509048709832733e-01 5.696218356500944990e-01 3.779966861490054453e-01 2.148403317183319727e-01 3.567952643351318121e-01 4.681203941336399277e-01 1.348136961235216877e+05 1.095685196467374772e+05 7.119137837541305635e+04 8.755178584532495006e+04 2.784513104141705386e-01
4.527169406472427715e-01 4.977986392738465993e-01 5.499138812275632393e-01 4.704783537308918628e-01 2.373662796678183140e-01 3.043534235534489651e-01 5.330087351979958532e-01 1.363093680319452542e+05 1.290949469243117492e+05 7.382204685892233101e+04 5.931178454899931967e+04 3.583143902213650756e-01
5.885838059774226583e-01 4.691897218931809221e-01 5.545571613418345258e-01 4.906653763964806125e-01 3.747120619813192888e-01 4.227382375203238007e-01 6.544274204252752414e-01 1.554129407964736456e+05 1.352550959155922174e+05 7.529955971778294770e+04 1.445010055249652360e+05 3.829061846968774274e-01
2.917819340486962343e-01 6.798928554784331446e-01 1.527070435435183282e-01 5.026400733858811254e-01 5.198685712017288019e-01 4.248685789629984555e-01 3.632650050559360633e-01 1.407877509130809631e+05 1.197362275396893674e+05 7.598995401322995895e+04 5.639527123286425922e+04 2.892866753168827909e-01
3.174432726455998499e-01 5.463000684892159731e-01 3.630750714875262131e-01 5.211655351404853587e-01 3.139567819788264269e-01 3.101967010861486629e-01 4.370228852440372624e-01 1.360607215076214925e+05 1.425310948067410791e+05 7.350447132606076775e+04 6.262862563823495293e+04 3.283157752465397095e-01
3.985428146230518553e-01 5.586311584440550870e-01 4.970828864998646512e-01 4.787607194526267151e-01 2.661583645440637746e-01 2.898833450975420445e-01 3.400513137025288346e-01 1.105911278654183407e+05 1.257286412117408472e+05 7.378720030318373756e+04 4.916312125163358724e+04 3.776849449542515336e-01
3.642983352630497773e-01 5.449429506955870695e-01 3.010570777636653594e-01 5.360632490087069435e-01 3.007596577881297417e-01 3.122423929938498155e-01 3.728454883451134960e-01 1.313758407990395208e+05 1.345793161824017880e+05 6.816043735988966364e+04 7.065636441411801206e+04 3.192954928166314987e-01
3.508365421691984620e-01 6.390090831662925686e-01 4.703262020854651615e-01 4.604892436384491194e-01 2.612348063912077190e-01 3.662355212995856979e-01 4.507299864313342175e-01 9.964551121057894488e+04 1.193652155591077753e+05 7.368366511528102274e+04 8.353910861803303123e+04 3.350485978116786168e-01
2.955348333467959221e-01 6.200492302722531157e-01 7.170688439005368231e-01 2.997398262903470112e-01 2.095593229698137216e-01 1.999225262476406750e-01 2.663161097847700498e-01 8.527255161878517538e+04 7.911806296357960673e+04 7.108167562531751173e+04 3.154722488557162069e+04 5.567786043555118525e-01
3.786411474519379428e-01 5.171904171506276349e-01 4.546982581885113395e-01 4.424249978887088708e-01 2.926961678141571377e-01 3.470464091266138307e-01 3.922716284205323700e-01 1.402056502101891383e+05 1.095959488071861851e+05 7.290859861573210219e+04 7.859064308374427492e+04 3.205571237233244553e-01
5.577606191192204799e-01 2.895627434655160815e-01 4.647004490263191845e-01 4.485919125032025723e-01 2.671978261398740284e-01 2.677019954134875479e-01 3.869401575310779662e-01 1.124228484804532491e+05 1.007573093519805989e+05 7.353172345626883907e+04 1.011612582397538936e+05 6.386208764299954321e-01
5.833989134065757920e-01 4.594536775971595488e-01 5.611288935210402284e-01 4.932926320826298006e-01 3.752869729345360561e-01 4.109307629175653620e-01 6.399636004409280376e-01 2.008682901592142880e+05 1.791991017375180963e+05 7.345614370165418950e+04 1.401846351079702436e+05 3.856328291736041969e-01
3.723959601485061222e-01 5.763270676197680409e-01 3.731351019114217404e-01 4.819157207769326767e-01 3.040871146049246576e-01 3.102351676026015026e-01 4.090739378298300921e-01 1.515399745860360854e+05 1.186916671839138871e+05 7.357751661674997013e+04 8.156218179461327964e+04 3.282267671244544216e-01
3.200010821252390336e-01 4.929564133944099313e-01 4.019737725355789770e-01 3.903310329173844129e-01 2.642516590035955404e-01 3.229897133466582693e-01 4.054703015063718663e-01 1.484606831819080689e+05 1.514888720775806869e+05 7.352496755483980814e+04 9.105528784020399326e+04 2.691767350163919437e-01
4.303725596815891619e-01 6.015719263967578279e-01 3.872039204368090126e-01 4.697549177113621299e-01 3.342067826521578633e-01 2.076679705555435351e-01 3.411029349434285263e-01 1.798203852276733087e+05 1.160866113990641315e+05 7.464212864576542052e+04 2.875689445199872716e+04 2.433350272980945028e-01
4.941862023348331800e-01 6.008143565025512167e-01 4.706228901373873952e-01 4.512984015876986832e-01 2.501851605656319477e-01 3.336092790512663053e-01 2.760281664220982090e-01 1.113138153588934219e+05 1.145988976522015582e+05 7.080064225193262973e+04 5.844461928743198223e+04 3.649112113578697469e-01
5.424290406168249534e-01 5.677913372546559145e-01 5.114620976760958504e-01 4.905861427939292030e-01 4.506934259758949013e-01 3.820786209412952439e-01 5.648569856338793160e-01 2.184418516895769571e+05 1.918593111016106268e+05 7.478337297128012870e+04 9.686628357957146363e+04 3.536714284156605714e-01
4.326678479723355397e-01 5.101174460588816517e-01 4.648645254579411579e-01 5.064312719971387766e-01 2.330292229493811096e-01 3.469472295871600664e-01 3.632437556603121398e-01 1.357754195601759129e+05 1.332585860063805303e+05 7.096769757427100558e+04 4.521771445497884997e+04 2.643367913690829463e-01
4.241863842516743199e-01 5.886582641439995767e-01 4.014999493594712532e-01 4.214662498399217028e-01 3.099622262548095142e-01 2.946267387826360662e-01 3.544724694669170173e-01 1.216004122181202256e+05 1.153285705527705868e+05 7.229395371106192761e+04 1.211477632275395590e+05 2.972040410290130441e-01
4.018982959165929847e-01 4.950723291268139814e-01 3.948273444657268705e-01 4.751851606083763446e-01 2.813345369327144296e-01 3.409523170181823493e-01 2.859711537698567674e-01 1.268639733450164495e+05 1.163484886970885273e+05 7.259111364873810089e+04 9.896082471423741663e+04 2.393521418119701205e-01
4.024886325876100290e-01 5.927388254023653325e-01 2.243778471710314859e-01 4.607919397300445086e-01 3.394153909672161240e-01 3.404339880278544617e-01 3.859483595072996098e-01 1.321122031061106245e+05 1.047136737574452127e+05 7.362981216746570135e+04 4.740458818679382239e+04 3.469938550475346606e-01
3.878152421478920919e-01 2.978812861982506610e-01 1.912049507168122053e-01 3.846079236407902169e-01 2.325661173435762397e-01 2.113092324611285100e-01 3.062415410902663560e-01 9.876414825107195065e+04 9.212831892058893573e+04 7.035401785865759302e+04 6.616247846542687330e+04 6.225104412280056954e-01
3.583383282557551230e-01 6.712624832334913583e-01 1.393026110915860927e-01 3.832673013188784283e-01 2.181338430335211520e-01 3.023584916024936176e-01 2.998014026217308836e-01 1.031165941252754419e+05 9.324211812481217203e+04 7.264764830436761258e+04 4.340542605537805503e+04 2.550383483225582837e-01
4.441123124697806124e-01 5.084108883187697936e-01 5.480402515912818906e-01 4.396731152766594763e-01 2.512730764262370298e-01 3.366137337562002951e-01 3.497543672310618468e-01 1.078685140665347863e+05 1.159621669463133439e+05 7.516410393203390413e+04 6.525898457710921502e+04 2.868606006824528931e-01
5.408925245688666061e-01 4.908416762115270227e-01 4.925639371324718740e-01 5.551292884610572465e-01 3.500691126276618825e-01 2.867815796638445436e-01 5.107472001571043974e-01 1.116036623372464674e+05 1.239620521461116587e+05 7.020514166553800169e+04 1.668545231281096858e+04 4.124470039011867151e-01
3.137361440423148684e-01 6.183470070056018564e-01 1.237686977931738153e-01 6.134466858705917014e-01 2.357688466978641595e-01 2.018621487365921674e-01 2.684329196619301694e-01 8.634699515769662685e+04 8.028892718358743878e+04 7.089205946957020205e+04 3.240144474479539349e+04 5.542716046052176271e-01
4.885347527514463106e-01 5.212631262630154083e-01 3.649760966506840898e-01 4.689071924739588448e-01 2.670606225911573706e-01 3.456350352024618600e-01 4.820390998109361780e-01 1.527040268510608294e+05 1.169450959982814966e+05 7.227327654709934723e+04 7.821771962324020569e+04 3.147984119298426475e-01
4.263562421526814195e-01 5.307440387937851778e-01 2.678058395227253530e-01 4.845368290356150687e-01 2.815091150317879376e-01 2.771325349973728924e-01 5.303099852841338668e-01 1.248188574024230620e+05 1.171470654971983167e+05 7.352584594633089728e+04 8.649091239366419904e+04 2.968554942765421756e-01
3.382686390665262666e-01 6.398766539563939260e-01 1.859831123598982561e-01 5.502830403977848617e-01 3.028647681191076191e-01 3.473134084677738098e-01 3.200049168429073831e-01 1.462785934068081260e+05 1.371020039126697229e+05 7.000872897304281651e+04 3.180153400620506727e+04 2.870636870256475515e-01
3.647986842296089272e-01 5.866959346973018574e-01 5.706356033492657742e-01 4.683392846638872453e-01 2.619671217355196702e-01 3.198500970549905120e-01 3.337507421404165564e-01 1.152145624119456334e+05 1.219016720060626394e+05 7.303382327668735525e+04 5.981853297307468893e+04 3.036557074887735741e-01
3.369971627201832631e-01 5.565525183203505755e-01 6.745110228355228887e-01 3.509422001477646713e-01 2.004944175484560942e-01 1.826016185031475447e-01 2.758128158110154104e-01 8.431494797150306113e+04 7.914517843669862486e+04 6.986640344443179492e+04 5.297789836346913944e+04 6.024239345263339152e-01
3.588417330311633457e-01 5.864645724518930958e-01 4.780297482539945242e-01 5.145346697788049095e-01 2.795904881844264445e-01 3.272604504511016366e-01 3.915630924310740668e-01 1.409969981456150708e+05 1.257696148492853099e+05 7.090465986127812357e+04 7.430028669889540470e+04 2.846724398648724508e-01
4.815956379176409285e-01 5.702716129074412166e-01 3.876048420330003297e-01 5.166538625865583212e-01 2.350913365825403889e-01 3.147239193178134053e-01 4.251873608535419735e-01 1.450090696492525458e+05 1.408527111877565912e+05 7.278294295312040776e+04 5.072105737384720123e+04 3.705642635089946291e-01
5.510201925422478775e-01 6.046644529845417448e-01 5.330974741807102957e-01 5.030361878736833159e-01 4.739575275251203812e-01 4.181611750456533105e-01 5.978080558091086738e-01 1.425271722797218245e+05 1.255698968367516645e+05 7.447357489312438702e+04 1.399970142293724639e+05 3.679206727333834692e-01
4.421763035265595110e-01 5.300185338020606540e-01 5.134203053675101547e-01 5.206445715267041807e-01 3.590356045484420222e-01 3.667636313884695687e-01 3.804929895849635257e-01 1.510116554062365030e+05 1.115950812387480401e+05 7.359671070891461568e+04 1.034639394759761490e+05 2.967793845992079405e-01
4.292366145825789459e-01 5.250856372623270429e-01 3.811341840823468385e-01 4.688202409531113668e-01 2.036140592892894952e-01 3.975836590922701141e-01 3.784361789341902371e-01 1.384098766759746941e+05 1.459182755404483178e+05 7.131879026627611893e+04 8.126201180756968097e+04 3.822871839504010660e-01
4.235833070063029226e-01 5.766756135987639587e-01 5.345145669849207248e-01 4.834750421846490398e-01 3.087079931600658078e-01 3.429027422764633348e-01 3.755820918831977440e-01 1.411776348060072633e+05 1.117490409987284365e+05 7.286693715337073081e+04 6.599238833991394495e+04 3.468416766336404056e-01
2.524483898888557065e-01 4.344903997916482741e-01 7.588303614282182474e-01 4.556608816863861322e-01 4.482679213833011267e-01 3.206088897662784376e-01 4.325737513307838511e-01 1.692030877290124481e+05 1.729224392940093530e+05 6.857729678226563556e+04 2.134925124144574511e+05 3.170096745375874381e-01
3.046453991760920688e-01 6.151874856154994076e-01 6.471795398740064487e-01 4.516926650533208409e-01 2.637691945732214549e-01 2.504778850506680921e-01 3.830163430675470049e-01 1.328823110737488023e+05 1.175007648738222779e+05 7.415558168055291753e+04 1.062713096490844473e+05 3.765625096579611197e-01
3.288866354801684988e-01 5.566555069738254868e-01 8.718174219388042934e-01 5.208288076638958319e-01 3.269843369074016959e-01 4.936850836250140651e-01 2.800439948577770899e-01 1.382070673207723594e+05 1.628067010941121844e+05 6.692287264075550775e+04 4.798266645938748843e+04 2.054177726730638254e-01
4.019012022421755148e-01 4.740648584368531981e-01 3.892817298504532286e-01 5.296500256183077626e-01 2.711349029810699029e-01 3.614970523134650171e-01 4.609557276534859138e-01 1.823236488172004756e+05 1.525291763828523690e+05 7.165764601823566773e+04 7.600687345338644809e+04 3.276897602454872938e-01
3.730849660348166674e-01 5.302055969298267168e-01 3.501427058258629321e-01 3.983318224010479747e-01 2.817100820165104880e-01 3.102575482835976950e-01 3.492866669400026547e-01 1.420400981337981357e+05 1.159058094988766243e+05 7.295442433999970672e+04 7.506830030638916651e+04 3.416172314735896332e-01
4.882063080607544348e-01 5.227741144892142922e-01 3.418000581517357528e-01 4.228755139448777678e-01 1.717142888275126344e-01 3.096570720320850900e-01 5.685325549332306272e-01 1.649126572660815436e+05 9.918962678196813795e+04 6.863950459472455259e+04 5.504451905475557578e+04 2.987611863155958392e-01
3.974294395698861893e-01 5.606546335118764990e-01 4.966541962757242135e-01 5.150568437766860352e-01 2.940883162192044487e-01 3.289455790188736128e-01 4.224723516913719279e-01 1.331300297059478762e+05 1.190523008690078423e+05 7.346288809431873960e+04 5.108723130356727052e+04 2.853919679665388731e-01
3.827802104564655972e-01 5.517873366237402433e-01 4.142831736179279911e-01 4.384706855569525108e-01 2.485252180817771883e-01 3.237405788398687867e-01 3.353023084226143258e-01 1.324446454992331564e+05 1.255040501201188308e+05 7.190521473798617080e+04 8.292949359468056355e+04 3.890494917061559921e-01
3.585105949811582815e-01 6.752301216523803884e-01 1.011464176622154237e-01 3.895712335637606660e-01 1.901260562865897119e-01 2.610736199167315030e-01 3.057589735941630416e-01 1.710353926717726863e+05 1.588897050552538130e+05 7.063911298160380102e+04 4.356262733763031429e+04 2.609767661407051409e-01
4.761138007508418646e-01 5.610194701426041153e-01 5.028161094540150033e-01 4.518619268090902086e-01 3.010776673831653261e-01 2.338574850325215726e-01 4.698496128336447919e-01 1.501020648879987129e+05 1.224423836107495736e+05 7.275754457502992591e+04 4.117735479310865776e+04 2.445473861434941387e-01
4.779525484636922283e-01 5.497324710244146928e-01 5.184786665897247460e-01 4.423227275447559337e-01 2.635078805891888365e-01 3.126035840640260521e-01 4.059747630851150979e-01 1.533300525970571034e+05 1.387276060787489696e+05 7.377898482621280709e+04 7.501425997550238390e+04 3.162992096156588828e-01
3.868709717392657677e-01 5.331284844715356019e-01 1.468389049597638163e-01 3.889848711036153484e-01 2.924151086446323822e-01 3.153861079882847029e-01 4.314181513517063582e-01 1.726948219593517133e+05 1.377044624139111547e+05 7.312531240705624805e+04 1.377727833683881909e+04 1.397311840794577542e-01
3.892645844625597928e-01 5.414618736075348382e-01 4.242238478747447639e-01 4.275240278911520142e-01 2.729904424330703572e-01 3.497860823822970255e-01 4.647066520407301948e-01 1.583180755186387396e+05 1.102732430862322217e+05 7.198808890716409951e+04 6.229342665473655507e+04 3.230563143493339617e-01
3.661198676500596050e-01 5.934393556475469067e-01 4.103340797503068349e-01 4.550681782028565547e-01 2.344507512140913130e-01 2.986282091086405743e-01 4.165856014089868720e-01 1.420907717054224631e+05 1.384865001336496207e+05 7.086237500815554813e+04 5.950329381034510152e+04 2.615626653642318389e-01
3.641465937505010131e-01 5.245667010312128342e-01 4.776929811423313854e-01 4.339882033098806380e-01 2.465668220997398186e-01 2.897750420173039188e-01 3.907502637820959857e-01 1.288996026604373037e+05 1.102624657576407189e+05 7.295116510825780279e+04 7.183041435692108644e+04 2.199911540056183334e-01
4.260023617692513809e-01 5.264060491948516773e-01 5.839547418852373273e-01 4.320821664172533882e-01 3.055660735010289897e-01 3.272547905463693008e-01 3.583793403236170128e-01 1.438315377224646509e+05 1.010843003791782394e+05 7.127608952955050336e+04 8.495723716258647619e+04 3.396657889342378778e-01
2.993615819453172011e-01 5.359954230562077315e-01 3.744783129523531207e-01 5.165025335113324623e-01 3.575451618419170918e-01 3.636618465388953836e-01 3.089300622362162740e-01 1.620093068442676158e+05 1.355527987295564380e+05 7.266388040665113658e+04 8.143972349009649770e+04 2.937875142660980043e-01
3.218677391102589547e-01 6.418215238879305673e-01 7.191527365628904711e-01 1.109847268011224103e-01 2.355335587330701919e-01 2.844773737973387839e-01 2.840425957494266962e-01 1.404285479293321550e+05 1.301252629389779759e+05 7.083697372746253677e+04 4.082680474532707012e+04 2.438790626207718304e-01
-3.522525677430459606e-02 6.309202974884954296e-01 6.968412407967617961e-01 -1.429768391925147764e-01 1.471920457529246884e-01 -9.234020445955186396e-02 -1.007524008337382648e-01 1.328145333195219864e+05 1.254781598173072707e+05 7.105792766946631309e+04 3.981659438235412381e+04 -8.907853750725167052e-02
4.127148332552713073e-01 5.654102494892541131e-01 2.869606724258210173e-01 3.890500810976494361e-01 3.122159367102170235e-01 2.841068077627466049e-01 3.625587543766052856e-01 1.173770772661600058e+05 1.208596902463220613e+05 7.346128658365717274e+04 7.755434891511153546e+04 3.868712454716856097e-01
4.716957715076744995e-01 5.556553915193428450e-01 5.067990252540488516e-01 4.827593968257719026e-01 2.750895175321608210e-01 3.158039453828446752e-01 4.729757208531366608e-01 1.040288271898574749e+05 1.443992897149229248e+05 7.511563587156847643e+04 9.149652838999913365e+04 3.614927795368930719e-01
3.249657350862744098e-01 6.224143211855218683e-01 5.181102505651252743e-01 4.040530915448521387e-01 2.787417351856693593e-01 2.886135328191953286e-01 3.335609609277165322e-01 1.488397553861847555e+05 1.194684615050243156e+05 7.098567657629557652e+04 7.595976969687473320e+04 3.307367726154413212e-01
6.622525688915265052e-01 2.553072739937423674e-01 4.494857781194797064e-01 4.939114527949564071e-01 2.717065863556519245e-01 3.367047341061780164e-01 4.393891890277874523e-01 1.009352510343395552e+05 9.190085400065501744e+04 7.213247907292115269e+04 9.889234241965507681e+04 6.352551531372460092e-01
3.840301872647253201e-01 5.779332608142619954e-01 5.523178209226621282e-01 4.549075134822421762e-01 2.865915159249995403e-01 3.046251695089675637e-01 2.797710211685688342e-01 1.466860117638401280e+05 1.129804578294362145e+05 7.537262062261816754e+04 9.541275951496213384e+04 3.453079564980224281e-01
3.689703720732317449e-01 3.630677644867663090e-01 1.800460982182068292e-01 4.101879746292317330e-01 2.734402175619687902e-01 2.829587686683650016e-01 3.188945342841155717e-01 1.561016676125524682e+05 1.448697324022820103e+05 7.067276559885783354e+04 5.050861013347353583e+04 2.753409175667562714e-01
6.578880673194146267e-01 5.999618789150169551e-01 4.848953358673810388e-01 4.799284864700690822e-01 4.713477208430444376e-01 3.460545032549126043e-01 4.407840894609880156e-01 1.417084613730297715e+05 1.267016127480540308e+05 7.377990001048801059e+04 7.738939422810728138e+04 3.123785684182581734e-01
4.491371635044285604e-01 5.433795932163831832e-01 4.245175539294555045e-01 4.933714725839882242e-01 2.636243081797265964e-01 3.419986094872017324e-01 4.072192578257394224e-01 1.273870238121125876e+05 1.274242022705392737e+05 7.302730724328917859e+04 7.502836179514683317e+04 3.877295143789935006e-01
3.861412956388086126e-01 5.665649219412213222e-01 4.503489073517905616e-01 5.300203009984572056e-01 2.590576818715918939e-01 2.900057761194906880e-01 3.687382603932120029e-01 1.358157358893919445e+05 1.358162545001068211e+05 7.242600134280385100e+04 6.151633553572618985e+04 3.110346586575125638e-01
4.011780749074017050e-01 4.803531945383159862e-01 3.885499396586644116e-01 4.706647084317199803e-01 2.871436115900183328e-01 3.868115743112248150e-01 4.508222387388250985e-01 1.536577752705321473e+05 1.108547515338270023e+05 7.454168195200640184e+04 5.362640138974207366e+04 2.758666440969231304e-01
4.080123853700430292e-01 5.485848530413089952e-01 3.026740790857262442e-01 4.175495699324723864e-01 3.101801899728614531e-01 3.891744530825501092e-01 4.299330383486642537e-01 1.693120180976754345e+05 1.765443848444854375e+05 6.860732624960716930e+04 5.939639555671274866e+04 3.138126681123339368e-01
4.388768203459273431e-01 5.959220042195741973e-01 3.364639383803762485e-01 4.869618795441081893e-01 2.517239865464697690e-01 3.222594442981998042e-01 3.252840857191918733e-01 1.353048446099086723e+05 1.158797974580233131e+05 6.827094341809413163e+04 7.284279669383422879e+04 2.760138438178432185e-01
3.880085894693185433e-01 4.825888950546467493e-01 4.280798548698087069e-01 5.826777942939391775e-01 3.257804550358608942e-01 3.570537364135082936e-01 3.228405155124892123e-01 1.129353897364992299e+05 1.432707978705855494e+05 7.551203677593893372e+04 9.099227078310692741e+04 3.555211596976919908e-01
4.598251965266426655e-01 5.725515272230259356e-01 3.157207844566136123e-01 3.608303692377107796e-01 2.844708552628963383e-01 3.167429198498193932e-01 3.544921077867242976e-01 1.558697267184760130e+05 1.083090159133492562e+05 7.276612566831336881e+04 5.185193898890539276e+04 2.745113186608542089e-01
3.419563334544881150e-01 3.870296908898652188e-01 4.648968239587860096e-01 5.353756223524243074e-01 3.213020208366096919e-01 3.279993400985199425e-01 3.556986006663922506e-01 1.626215297040442238e+05 1.108479760873888736e+05 7.196501081425457960e+04 7.779552786387411470e+04 2.502217356180618801e-01
4.019626818353825293e-01 5.460618774323984237e-01 3.903456929422716715e-01 4.589076893867339857e-01 2.127875471732526003e-01 3.205649507293925060e-01 3.740941984715638324e-01 1.565736472152940114e+05 8.583618465697672218e+04 7.264098707548064704e+04 7.847059940199666016e+04 3.041609590237150385e-01
4.138030772393533896e-01 5.212532635646833779e-01 4.060681439308598262e-01 5.329634186216086755e-01 2.294204816811273306e-01 3.416821551637390653e-01 2.385535841531542522e-01 1.696082457322199771e+05 1.210667999490950460e+05 7.135203972785046790e+04 7.892302638998605835e+04 3.104949103395789334e-01
4.834528825754139669e-01 6.151922868894391661e-01 4.718773032975797088e-01 5.419464507360109984e-01 2.362302829596039655e-01 3.348998058974984593e-01 3.814899088530640525e-01 1.179638198725640250e+05 9.091583708099796786e+04 7.362793749023925920e+04 7.608061468153604073e+04 3.503047591307176245e-01
3.754231627731118848e-01 6.403618578444124632e-01 2.713529955937008520e-01 5.515767476458104390e-01 2.837903733425700681e-01 3.151405036213165700e-01 5.085604273745936155e-01 1.672122830483723374e+05 1.330348101030072139e+05 7.084565435963729396e+04 8.885646612593632017e+04 3.381704993227425682e-01
3.985707257456782560e-01 6.581107006809555626e-01 4.886924188964287818e-01 4.408537273055098682e-01 3.358264562060937486e-01 3.565445992441975687e-01 3.493737045222933268e-01 1.349871660024246958e+05 1.176571302364492585e+05 7.179849763099024130e+04 6.967316886518819956e+04 2.901110399186789812e-01
4.549807601948768210e-01 6.216311996487502434e-01 4.676147907567140272e-01 4.847484115166159069e-01 2.879800961921669122e-01 3.497196546735908962e-01 4.266705290256763150e-01 1.591838073018456053e+05 1.269530905788811651e+05 7.463439936902472982e+04 7.893210893762731575e+04 2.933766266555278279e-01
4.363027155149035718e-01 5.551610671780629058e-01 2.906094276538999654e-01 5.532021287853027269e-01 2.699079827940558673e-01 3.380667549001794003e-01 2.543928704811308505e-01 1.577869332476572017e+05 1.269595827288785222e+05 7.671827780908766726e+04 6.127557875237840926e+04 2.649717060264224489e-01
3.648227262031490392e-01 7.080385055353559665e-01 3.643332131352404191e-01 4.668866837309132989e-01 3.113253687484957566e-01 2.556751006086348532e-01 2.892829128513060843e-01 1.583298060474078229e+05 1.401511555111965281e+05 7.734667536493105581e+04 4.517278405723156175e+04 3.987343983839785055e-01
3.520636900400640479e-01 6.425611174136046655e-01 1.217158129168278147e-01 6.525185200318042167e-01 2.631173626769189311e-01 2.976122103920739725e-01 2.960182229432547496e-01 1.287234934121202823e+05 1.176672264530131069e+05 7.173211278558340564e+04 4.647333442279010342e+04 2.547509117609695894e-01
3.982721807063823172e-01 5.358225474153552881e-01 3.387724291373206964e-01 4.791595728210860106e-01 3.138095956592416025e-01 3.059401567417208145e-01 3.995384007660125469e-01 1.473965909803907853e+05 1.106769574616684695e+05 7.297230820801047958e+04 5.351946137212299800e+04 3.326504346457890282e-01
4.386786884998145619e-01 5.838045352003108368e-01 6.054999329461899782e-01 4.023406318698822814e-01 2.933652449310270582e-01 3.222071033298519183e-01 3.465241442152995899e-01 1.112054942112541758e+05 1.422951562690566061e+05 7.049734840584576887e+04 6.354453259603882907e+04 2.809990938559357443e-01
6.506386162639430371e-01 6.131290276392801220e-01 5.183142421287770807e-01 4.512575478170994248e-01 4.078106152262471751e-01 3.821239631658287506e-01 5.452520948896903974e-01 1.484618912984460476e+05 1.320371734496260760e+05 7.375749465396770393e+04 7.796771657155483263e+04 3.107512938442776318e-01
4.707710659753563953e-01 5.875266247653848639e-01 4.756682868932960995e-01 4.180909558415923932e-01 2.611153795402839095e-01 3.567746223824461715e-01 2.947025898470270744e-01 1.260864700633798784e+05 1.264709029832847446e+05 7.406703709231309767e+04 8.253323693257813284e+04 2.677079214899937831e-01
4.948975540431373998e-01 6.120357805168841203e-01 3.089293965327893909e-01 4.456171060513082760e-01 3.023394067839370591e-01 3.128925873207209496e-01 3.738484605052754262e-01 1.062483558681847499e+05 1.166093039719336230e+05 6.889998275482523604e+04 8.332145795549130708e+04 3.383627978803848690e-01
