3.000000000000000000e+00
5.000000000000000000e+00
1.600000000000000000e+01
1.800000000000000000e+01
2.000000000000000000e+01
2.100000000000000000e+01
3.000000000000000000e+01
3.300000000000000000e+01
3.600000000000000000e+01
3.800000000000000000e+01
5.000000000000000000e+01
5.800000000000000000e+01
6.200000000000000000e+01
6.400000000000000000e+01
6.800000000000000000e+01
7.800000000000000000e+01
8.000000000000000000e+01
8.100000000000000000e+01
8.200000000000000000e+01
8.600000000000000000e+01
8.800000000000000000e+01
8.900000000000000000e+01
9.000000000000000000e+01
1.230000000000000000e+02
1.250000000000000000e+02
1.440000000000000000e+02
1.750000000000000000e+02
1.820000000000000000e+02
1.830000000000000000e+02
1.900000000000000000e+02
2.040000000000000000e+02
2.050000000000000000e+02
2.100000000000000000e+02
2.110000000000000000e+02
2.120000000000000000e+02
2.180000000000000000e+02
2.440000000000000000e+02
