4.262436720082363184e-01 5.553481906306874105e-01 3.479419900661806508e-01 4.112811517678180984e-01 2.288533628023316224e-01 3.394028539572203074e-01 3.792603528662985557e-01 1.375795725496191590e+05 1.147689883109381481e+05 8.070101267617313715e+04 9.628104025248815014e+04 2.683849262325425089e-01
3.883547705106261128e-01 6.288410572450583436e-01 2.758162953236955039e-01 5.578318805023156912e-01 1.867391583416998513e-01 3.108553878940041870e-01 3.011185844602757844e-01 1.236082742907484208e+05 1.013406218808624690e+05 8.009625971876645053e+04 5.077699493950332544e+04 3.026134179881991848e-01
3.991640745860627892e-01 2.666404629005454940e-01 1.433655536336003733e-01 2.750232675972207885e-01 1.870665575186888363e-01 2.635906862673859652e-01 2.577412506523886759e-01 1.160835977452874504e+05 1.020466611751122400e+05 7.457860268065384298e+04 3.528912390323993168e+04 2.242188782538599712e-01
4.267991711543961952e-01 2.294677643925585597e-01 2.717725789209829435e-01 4.269361355531136604e-01 2.407203313078061790e-01 3.176634487412675623e-01 3.619584249383629992e-01 1.403910908829787804e+05 1.152651649524829118e+05 8.012271750723222794e+04 1.333085174692329310e+05 6.110065832418931642e-01
4.786006592274428262e-01 1.259990912909465799e-01 2.094213002720039518e-01 5.327732453052289596e-01 3.299733126569928121e-01 5.430999425118714363e-01 4.346827557815564624e-01 1.017695093907312985e+05 8.149365858936872974e+04 8.030454443569383875e+04 5.364590511188808159e+04 5.237582503661546429e-01
3.433511673323719204e-01 6.484706536319991832e-01 2.902067869167158087e-01 6.536905624159679018e-01 3.024183573713313256e-01 6.642799059840220899e-01 2.865440831297880186e-01 1.274663265843367990e+05 1.131138011804018315e+05 7.633652264347474556e+04 4.528925459980325104e+04 2.471163619743573792e-01
3.257323736867223651e-01 2.216518444678212130e-01 1.789027240689261000e-01 3.568493900367906146e-01 1.763836687607499010e-01 2.041256459217867525e-01 2.434807853335422545e-01 1.256610746977180825e+05 1.050528974522865756e+05 7.867576527417633042e+04 4.688175233686857973e+04 2.427974940777237745e-01
3.178315098989713539e-01 5.963812595166796404e-01 6.009569702926835788e-01 2.836404635434454091e-01 5.574232709772314331e-02 2.921210069070511173e-01 2.732359854669351162e-01 1.276002562290040078e+05 1.091597516065353557e+05 7.524170206233039789e+04 2.322335723065532802e+05 2.261565280835693692e-01
3.156515960751259398e-01 6.071066033273360141e-01 5.844579093275246162e-01 3.738037916679979866e-01 1.545955885649260841e-01 2.558289043651578165e-01 2.761728596929740598e-01 1.457952020999189408e+05 1.278414333194713690e+05 7.470217180271857069e+04 3.302490175018762966e+04 2.425979396678449029e-01
3.268908775670870126e-01 3.809978719102758982e-01 3.350726782721564767e-01 2.703668716160443908e-01 1.377961934612716433e-01 4.518133664158410778e-01 3.872093736094249783e-01 1.143210156494552211e+05 9.856438315045129275e+04 7.749642245217095478e+04 5.395896418751440797e+04 2.878414302354503351e-01
2.819805337548387247e-01 6.182902629018365293e-01 5.954370966275165378e-01 3.012901030037871686e-01 1.489026507785088937e-01 2.378626316504988125e-01 2.368993484427936447e-01 1.162613687020359794e+05 1.005363422037463024e+05 7.580106362879964581e+04 3.652139238434138679e+04 2.293883412327101523e-01
6.830471105413329358e-01 6.223026905461483960e-01 6.312876987238125182e-01 2.787972380923142701e-01 4.855910354113181226e-02 3.823423925011622537e-01 2.872209220510618666e-01 9.975117479833275138e+04 8.706601995187804278e+04 7.854261280057864496e+04 1.183161574403949780e+05 5.223645318569805074e-01
3.000963723941716954e-01 6.257656044657743388e-01 2.469180297434486748e-01 6.907573740884030977e-01 1.645776480745498871e-01 2.781884764409919830e-01 2.744675534123029448e-01 1.287017735930598719e+05 1.119985035533217015e+05 7.531762102598689671e+04 4.363799329570843838e+04 2.312688941672002563e-01
2.920809906250943500e-01 6.180637048547314993e-01 2.226616165152697502e-01 6.677001054766530386e-01 1.679693579622187349e-01 1.673085307186616411e-01 2.740587865021721914e-01 1.257095988703700132e+05 1.029685096745454648e+05 8.063162955342115310e+04 3.987369215864896250e+04 2.334878396316842908e-01
2.160793806699680131e-01 1.352486775885988479e-01 2.310379307072003841e-01 4.172678839072381241e-01 2.666942188591063800e-01 7.650428137797341543e-01 3.648944248388960587e-01 1.167962594424915733e+05 9.605757094358222093e+04 7.698006110794482811e+04 9.414862314224922739e+04 5.317254404450628691e-01
4.333907799476268141e-01 4.379954371315287198e-01 1.924207761647720449e-01 3.772795084024248013e-01 7.449768584687048723e-01 3.145282720063646842e-01 3.240427507780758720e-01 1.318823934262208932e+05 1.107126218424918479e+05 7.819565117038285825e+04 6.293170532629705122e+04 2.574447284295731664e-01
4.896746347406260025e-01 3.054825325268598069e-01 2.250071227717187761e-01 3.628569472058826850e-01 2.276385844893281940e-01 3.092533265824540800e-01 3.421835253740825866e-01 1.092111222892289225e+05 9.288065425634004350e+04 7.688948581592533446e+04 7.719651472441089572e+04 4.170822092980281948e-01
3.008159764322879126e-01 5.539582071428318377e-01 5.819815860072685698e-01 3.831110038282555252e-01 1.711827949637279300e-01 2.350899167215594610e-01 2.462915253202066224e-01 8.633426068577601109e+04 7.595649044264046825e+04 7.435522568233990751e+04 6.411704403891014954e+04 5.633216690797420156e-01
4.566401621770559971e-01 5.621900053958899246e-01 2.134348829772683143e-01 5.426886821377103765e-01 2.686024496465749811e-01 3.453886529618100942e-01 3.237507598937956477e-01 1.222206317336085631e+05 9.897618572442006553e+04 8.071584046920457331e+04 7.520445116113794211e+04 3.688644124350491937e-01
3.033683663295451693e-01 5.251432649582704615e-01 2.671998429223833571e-01 4.252951053823755267e-01 2.602848913222592930e-01 3.247947000554233243e-01 3.772410340573612575e-01 1.298212462621256564e+05 1.264754047899390571e+05 7.209850474630873941e+04 1.204308398717958480e+05 2.943715746314717330e-01
6.018966687829051532e-01 2.599963214257138833e-01 3.606663438457665127e-01 4.312526437235333354e-01 2.266254104872683361e-01 3.382290744477710054e-01 4.097527561442966260e-01 9.314956168172304751e+04 7.749334494210078265e+04 7.892297483909233415e+04 1.123319570658426383e+05 5.815881709047964199e-01
3.081474116809367336e-01 6.240584604996199936e-01 2.695802455915969897e-01 3.895945310118444915e-01 1.081110524359113201e-01 5.143503258177885284e-02 2.843747195368363512e-01 1.419948989597752807e+05 1.242251644264010101e+05 7.525637126129389799e+04 3.920048687500534288e+04 2.311519683229955602e-01
4.295242716660085391e-01 4.956932735846305005e-01 3.443304837532364937e-01 5.888384053532964568e-01 2.257586013606705244e-01 3.557699503498686355e-01 3.185238350573765809e-01 1.147497789445403469e+05 1.194092829356353905e+05 7.672416834422502143e+04 7.732134573178204300e+04 3.655291647985158821e-01
4.184863965989487622e-01 5.453917766328537642e-01 5.320029214639707682e-01 3.989002246747742064e-01 1.955304971340662279e-01 3.784249472874383069e-01 2.376214750661813369e-01 1.788717158411463315e+05 1.050703965524273808e+05 7.669326620509104396e+04 9.482230247798992787e+04 3.203155695446773810e-01
4.521189419236683604e-01 5.747178400621808514e-01 3.271066894776504808e-01 4.285532275312974870e-01 1.776641751096714461e-01 3.040097371368234991e-01 3.118593412576435298e-01 1.715307157085671788e+05 9.725345282699320524e+04 8.167891190450839349e+04 9.559949798971503333e+04 2.685829083760771230e-01
4.328723793221008198e-01 5.022433031626654110e-01 4.898284168981529296e-01 3.894729471037202129e-01 2.185458460223834998e-01 3.520294698879048445e-01 3.498769293904135380e-01 1.283881706859814876e+05 1.279743847720158519e+05 7.861357958651089575e+04 9.528539510785936727e+04 2.721202892351622382e-01
3.336089297338176163e-01 3.044011278306739676e-01 1.530833481310961142e-01 3.930045359553941409e-01 2.155285553181433000e-01 3.081196258845498859e-01 3.058811529798120543e-01 1.364343852015622542e+05 1.174004230425615679e+05 7.615888725329538283e+04 5.351317308761840832e+04 2.538935368567651896e-01
4.802367338584051515e-01 6.304729046636081691e-01 5.824193663426885381e-01 4.380901396748385079e-01 7.659702272519005595e-01 2.659725642841184734e-01 5.352445435565447163e-01 8.708806893935958215e+04 7.293691049860090425e+04 7.670415062451318954e+04 4.336415095532465784e+04 4.691341590386691740e-01
4.121132182639756780e-01 5.144729222435513449e-01 3.504834920984451485e-01 8.360851140970788631e-01 4.750581134151309337e-01 6.158192012276674232e-01 4.865991473562029657e-01 1.010068008652588178e+05 9.011303703746911197e+04 8.109634126205559005e+04 1.380588030110108957e+05 5.130611799388594685e-01
3.126045718295282216e-01 6.213705570082046492e-01 3.396932278711103370e-01 6.823138578511300789e-01 1.526466239446820361e-01 2.988762808538031890e-01 1.960851905014471819e-01 1.229290184594701423e+05 1.050376594032719295e+05 7.665418729607593559e+04 6.332046854120220087e+04 2.486339659353326015e-01
3.913501070787199776e-01 6.404527960518201501e-01 5.886142094726242169e-01 4.157168580413269643e-01 5.853638286706536881e-02 6.880424194894149137e-01 4.685424960711803699e-01 1.233081762274524372e+05 1.047528542762398283e+05 7.787895985067749280e+04 5.529772713633089006e+04 2.591534066991316165e-01
4.233742447246482410e-01 4.951995128551485159e-01 3.824970083769651530e-01 4.817260107572158834e-01 3.006423940082683099e-01 3.110710832782910829e-01 4.119800482484912707e-01 1.262398913860223256e+05 1.342861567505369312e+05 7.373824070435525209e+04 1.179222578612167563e+05 3.892839901572894834e-01
3.137206348313001381e-01 6.735093554631795820e-01 3.049617404548235489e-01 4.130470694017120969e-01 1.545604791103250553e-01 2.972362763595925994e-01 2.875915253605708655e-01 1.343845820201606548e+05 1.155038940900175076e+05 7.631127377250680001e+04 5.192902012969715724e+04 2.429364986875229004e-01
3.658233149716992316e-01 5.083319362707887645e-01 3.536514336401599956e-01 4.822383179434767686e-01 2.303431275738539730e-01 3.477433459952042893e-01 3.809309203626242701e-01 1.391729188115736179e+05 1.061329871197270259e+05 7.826632065352183417e+04 9.410529768506559776e+04 3.583884877340889896e-01
4.385797645078768903e-01 4.836512108249154673e-01 3.114645312760646600e-01 4.059844309200289492e-01 1.943215703530990490e-01 3.302492706011045942e-01 3.156270924473124628e-01 1.416664596915283473e+05 1.203039337588196213e+05 7.849221288569498574e+04 8.967746569954199367e+04 3.171184994549984815e-01
4.643827665489811962e-01 5.726070997937813267e-01 2.952282456949937295e-01 4.337817351874210248e-01 2.138287822566596885e-01 3.158497356610830975e-01 3.097136856840637109e-01 1.856145431105764292e+05 9.760206560199856176e+04 7.874630378617282258e+04 9.980321706210581760e+04 2.728675602865885952e-01
7.136147339089918828e-01 3.442386911525571191e-01 2.824001104318403232e-01 -3.933972029610818127e-03 2.350928207608889431e-01 3.647721625662102007e-01 3.820208496265290465e-01 1.096251093437216477e+05 8.796060643173911376e+04 8.193893014024836884e+04 9.588835766778615653e+04 3.864342426080027426e-01
4.558346642816288874e-01 5.006843106781470043e-01 3.917600813341461929e-01 4.650904890596558316e-01 2.694650435576481651e-01 3.552060124911665118e-01 3.550417849460446584e-01 1.442966636498323642e+05 1.175621359538500546e+05 7.840983317372085003e+04 8.723651129743350612e+04 2.993634309873220434e-01
3.363740059948713834e-01 6.384943059935940246e-01 6.186495826833884326e-01 4.022215650983897994e-01 1.608261156110856460e-01 3.254176813641903587e-01 2.898594470488899955e-01 1.274075774159858702e+05 1.055191512047450378e+05 7.919809574433397211e+04 5.369427530924112216e+04 2.590505345762477707e-01
3.786391042117034367e-01 5.726525409888061358e-01 3.834650198493074758e-01 5.046585544836743598e-01 2.394428586277968229e-01 3.834245186376077918e-01 3.725414853654738789e-01 1.354751726864379016e+05 1.146853630352201289e+05 7.839549813201813959e+04 9.857955859372105624e+04 2.512358697501551053e-01
3.864942253463611865e-01 6.298364136306910943e-01 5.894596189023865174e-01 3.927289541197274692e-01 2.551784505882472853e-01 6.518427265188733166e-01 3.032954744699900562e-01 1.284448117823789507e+05 1.115093278412827785e+05 7.599146561704351916e+04 5.001052835145214340e+04 2.650710464260051524e-01
2.787437727555275302e-01 3.762158079833203828e-01 1.256481669735105278e-01 5.814542570977320191e-01 1.848681588014919330e-01 4.137130086183086752e-01 1.360137811766184979e-01 1.284174762943015230e+05 9.540749372666896670e+04 7.899022267710456799e+04 5.311022550043081719e+04 2.596867866100397992e-01
3.455031263206535530e-01 3.181570432727997555e-01 1.515710072919224105e-01 3.559520045570876978e-01 2.112024158849897804e-01 3.192609838717336279e-01 3.007292483416871831e-01 1.167563676488584606e+05 9.361310659173603926e+04 8.163538524169260927e+04 5.120822155470970756e+04 2.494676089545919684e-01
4.053287778252547269e-01 4.745386208379111515e-01 4.395752575409439533e-01 5.204342592472552820e-01 1.964130522093539832e-01 3.443080433106640026e-01 2.967389253772681479e-01 1.422109755438639550e+05 1.175208742062093661e+05 7.831264675044442993e+04 1.058868285375884152e+05 2.955635936864830504e-01
3.809698953221519746e-01 5.597308274625309998e-01 7.518977333704253418e-02 4.404516837693337461e-01 3.518326588525922394e-01 8.795585639577988557e-01 2.351842207274716309e-03 1.101072483237631823e+05 8.809894661271072982e+04 7.608110601704723376e+04 6.532204106072325521e+04 3.082460036890942723e-01
4.888898647851609436e-01 4.255509555068507366e-01 2.647919378645450239e-01 3.637659043357555633e-01 2.200428135719001699e-01 3.343193154040150494e-01 5.448914464477617736e-01 1.340450018275598122e+05 1.114430781408460753e+05 7.760019978416158119e+04 6.940290184617432533e+04 2.806915589705761827e-01
6.864971154998730229e-01 6.091306051180310766e-01 3.101556184916217096e-01 6.026469778946371703e-01 6.590958946306193500e-01 3.604721780897796046e-01 4.527792064131751504e-01 1.248068466212422209e+05 1.087547520218721038e+05 7.537710291005909676e+04 4.519465076515128749e+04 2.381695615015679834e-01
3.480921327074140703e-01 6.349754639429379122e-01 2.956232220217610007e-01 6.220869841307018477e-01 1.893892636025101273e-01 2.921792191668937111e-01 3.079016478154288361e-01 1.529315406064119015e+05 1.295270544257182773e+05 7.741009391609218437e+04 4.310142102014122793e+04 2.437085426890258366e-01
3.997592272697214622e-01 5.942848833151341825e-01 3.232174001719902434e-01 4.541172976510125525e-01 1.881144510902221512e-01 3.525428378266887153e-01 4.020260756081083242e-01 1.494583624447334441e+05 1.291862356166069512e+05 7.825163060601409234e+04 7.665824018889134459e+04 2.808231305812891043e-01
4.629709877243148863e-01 5.022234538485567112e-01 2.730721674405263144e-01 5.016391796515581314e-01 2.480659969425121070e-01 2.342766634001292314e-01 2.679996023687608031e-01 1.301869948795945820e+05 1.125976845717289980e+05 7.660690849167997658e+04 1.416299014424144698e+05 3.379857755686495602e-01
4.619422011062985778e-01 6.328113760126314880e-01 6.078310187272494280e-01 4.071219032160320328e-01 1.817097731178962394e-01 3.287422319262326975e-01 3.079058984255056419e-01 1.281599615391004481e+05 1.064175991159119876e+05 7.890000316702965938e+04 5.563822209148094407e+04 3.718419682866704878e-01
4.084068856621283494e-01 5.701990345426714013e-01 2.960816431155072204e-01 4.798024277406540139e-01 2.499500957403507084e-01 3.158412651302063279e-01 3.671925180865295846e-01 1.630828972248560167e+05 1.114313082175888849e+05 8.008012719696052955e+04 1.381788993289024511e+05 2.644917546586207924e-01
4.156337435545514603e-01 4.824165936194368398e-01 3.841395374996903755e-01 5.155523092855686107e-01 1.922786097301839858e-01 3.534407189688965056e-01 3.049755946568206699e-01 1.295767308839609468e+05 1.136543473947449384e+05 7.870367028978100279e+04 6.457073151187960320e+04 3.205004772106299638e-01
3.894400714598194035e-01 5.082287727632434082e-01 3.538407466384984601e-01 4.547375279211868793e-01 1.853292084335473877e-01 3.512474367034723044e-01 3.014035116282847149e-01 1.718886976362375135e+05 9.580982468982378487e+04 7.988484341125388164e+04 8.729136175303830532e+04 3.272910615277719315e-01
3.472880210434706738e-01 6.031080266361046327e-01 3.904328001998054187e-01 4.707876029848470090e-01 1.315385549227087447e-01 3.444352008182572367e-01 3.959230919161267903e-01 1.212823540841026115e+05 1.100201936290808080e+05 7.893891539339463634e+04 1.393091277402489213e+05 4.140548602755231289e-01
4.222106996513634858e-01 4.371583853441151635e-01 3.854523686014178496e-01 5.445954515401428830e-01 2.054787310166995562e-01 3.913463215845731646e-01 3.526400535728685393e-01 1.574317911554982129e+05 1.209942366130189621e+05 7.572459058590298810e+04 1.165493833965254453e+05 3.092150549918107894e-01
3.461393842963624845e-01 5.631689915552930970e-01 3.201271293234809190e-01 4.878532792828538800e-01 1.989394370241708010e-01 3.261894976913381483e-01 3.411266505770021995e-01 1.418951524243617896e+05 1.097906633523615019e+05 8.080364028377756767e+04 8.036667566489367164e+04 3.447051563584788147e-01
4.731916461160370901e-01 5.767171940395938723e-01 3.828535069877287422e-01 5.435605218381445169e-01 1.143154325881410444e-01 3.161056730472446286e-01 3.512353209810812338e-01 1.391596947055735509e+05 1.199496613077819202e+05 7.735111644333216827e+04 6.933401382781840221e+04 2.920551238198081934e-01
4.550763896362662320e-01 5.565665549635860909e-01 2.681785376228127404e-01 4.101852059051496746e-01 1.757158694692645406e-01 3.150508694620965389e-01 3.034258908482994066e-01 1.467071612492740678e+05 1.059312984044945624e+05 8.100387303774488100e+04 7.931659587226342410e+04 3.359898490949232430e-01
2.954707353875092313e-01 6.209069586151284570e-01 2.513772958701068760e-01 4.550899016709372691e-01 1.663524359201510316e-01 2.780455314405438916e-01 2.757014793365797356e-01 1.292479789117554319e+05 1.125141978631060774e+05 7.527865013143046235e+04 4.185271317688052659e+04 2.354085029145511210e-01
5.052069506602125948e-01 4.890149723140647109e-01 4.556046159131359463e-01 3.509710337785796330e-01 2.793319369345541592e-01 3.014431523308979122e-01 3.275019932438331671e-01 1.255820824703162361e+05 1.107895817477250821e+05 7.666607788940626779e+04 1.446332059959133039e+05 3.012972819519130763e-01
3.640860568378357920e-01 4.813604177472431966e-01 3.637513036836119706e-01 5.000293026334138302e-01 2.096184637953134589e-01 3.280707110529152981e-01 3.481444935150628250e-01 1.427814963383433642e+05 1.158058416692748433e+05 7.555777394434875168e+04 1.283232318935591029e+05 3.190450564125579258e-01
4.009345523371494191e-01 5.527084300708893227e-01 2.307243146456190996e-01 4.543275221810723075e-01 1.895983020724055501e-01 3.223163514107065253e-01 3.005008598223351535e-01 1.327833552522887767e+05 1.149377582202016929e+05 7.928877724151927396e+04 1.324361998160199146e+05 3.090395744505890496e-01
3.990117680387705867e-01 4.699995982139793527e-01 3.135168786352662829e-01 4.585181598214348453e-01 2.870830660609053342e-01 3.438050695503733212e-01 3.628187998632072531e-01 1.729147379589799384e+05 9.243956964249104203e+04 8.032853303327519097e+04 1.220599205552012281e+05 2.886903096636432853e-01
3.418950025290063421e-01 5.202916553638146091e-01 4.077460221862851397e-01 5.237393705078852157e-01 2.514406550779944571e-01 3.896456989753046551e-01 3.975309123195777672e-01 1.516694905244450783e+05 1.178581578697860823e+05 7.924991096341681259e+04 1.042773215995454811e+05 3.271614016804976210e-01
4.523235906706022935e-01 5.544537242191148740e-01 3.223142342304500807e-01 5.491671282942084398e-01 2.266999409408404220e-01 3.717581420729008101e-01 3.257955081018500398e-01 1.647173692201610538e+05 1.291861691860171413e+05 7.540257470195105998e+04 7.251751798860546842e+04 3.083768063920865887e-01
7.921053938510849157e-01 5.926691275064828179e-01 2.720231712325576479e-01 6.380101625280140132e-01 7.618911927170616272e-01 3.721290646291092186e-01 2.528606393981652212e-01 8.472387555203904049e+04 7.593077688175234653e+04 7.765251672533148667e+04 4.509675126542157523e+04 4.997156781120253854e-01
3.336554242687029825e-01 5.200923555018497346e-01 2.528090011995182129e-01 4.719911479892185402e-01 1.978312691818920055e-01 3.818673231234937515e-01 3.471077851596547359e-01 1.196056753016798903e+05 1.100103629939572711e+05 7.590818027539239847e+04 9.415029877795839275e+04 3.220193489609010085e-01
3.209842216243773416e-01 5.508057566812337713e-01 1.915334206777598025e-01 4.767550062060680327e-01 1.847034605605845925e-01 2.327367751574301036e-01 2.608312475877925252e-01 9.331514059347845614e+04 8.152806108779231727e+04 7.495480886607829598e+04 6.028413431836867676e+04 5.598348253382472439e-01
4.883696726171127267e-01 3.202896376230486286e-01 2.324464109363497955e-01 5.077974082180140014e-01 1.636759315375032053e-01 2.567453868772451298e-01 4.051116194815634897e-01 8.964663371360776364e+04 7.777207790404725529e+04 7.549461829160666093e+04 8.937967398047455936e+04 5.748378780563254686e-01
3.393864100467274825e-01 6.119272009619822761e-01 3.216575607706241291e-01 4.828846053172818342e-01 2.487815322655568817e-01 3.101920615323850439e-01 3.486855444579816110e-01 1.537887747408188588e+05 1.182620710044800653e+05 7.961324634836247424e+04 8.584825792438417557e+04 3.545335523875893236e-01
3.912328271306996785e-01 5.177268473488111367e-01 3.880383677000199261e-01 4.435651081440132315e-01 2.330127951711897516e-01 2.986609245704226479e-01 2.946622935085163042e-01 1.289725068625498534e+05 1.210533613239117840e+05 7.959645945666708576e+04 8.065174001899007999e+04 3.329345901294016863e-01
4.768637436125326423e-01 5.732467674795210799e-01 4.707449627624315514e-01 4.476508173567135263e-01 1.766374884451363536e-01 3.200606801387232969e-01 3.481713004637398412e-01 1.593098638896335615e+05 1.212609231533436978e+05 7.557530872672461555e+04 8.940890108351063100e+04 2.804536245601036426e-01
3.699511570715383058e-01 5.912281631687077432e-01 4.353261985562769110e-01 4.090482534239441859e-01 2.764368904422909168e-01 3.183843536283688103e-01 3.552915410577178190e-01 1.483731486400548310e+05 1.148755619658326614e+05 8.001393944567070866e+04 1.186869132564211031e+05 3.238114724391188970e-01
3.613423553600379479e-01 5.385190119172752476e-01 2.851535722562022479e-01 4.531542364917045540e-01 2.184241746972865050e-01 3.545927619071556069e-01 2.889097318273721182e-01 1.444121297874047305e+05 1.028224727032309165e+05 8.067997673729363305e+04 8.385097947788699821e+04 3.911617489321882468e-01
3.909204994401369038e-01 5.731113501961138113e-01 3.385153336186131900e-01 5.052901896916297542e-01 2.577196857087525328e-01 3.612589103524514456e-01 2.976015153988654793e-01 1.377114535096182371e+05 1.113412971484441659e+05 8.044967928417844814e+04 9.927171525157145516e+04 3.106693651606197704e-01
3.543290066595240484e-01 2.268433184584177087e-01 1.426659140448484908e-01 3.773165974504075204e-01 2.091287576131604931e-01 2.532983962370258246e-01 2.897914555811716419e-01 1.011347805370337446e+05 8.798513725081850134e+04 7.527037130633479683e+04 8.132164470221608644e+04 5.791772832691166606e-01
4.272868785513565526e-01 4.369083288379437824e-01 3.211036046203944450e-01 4.786729738358285746e-01 1.680797232493597415e-01 3.463046860621552536e-01 3.733557471543083595e-01 1.662751336933582788e+05 1.188012187117402063e+05 7.996551050847161969e+04 6.835364149570120207e+04 3.442663617823463751e-01
3.026917066418526314e-01 6.261841696545364933e-01 2.515312514638192720e-01 6.890861991454338975e-01 1.684567040441249941e-01 3.013576760783478470e-01 2.757124934589244569e-01 1.186606494746962417e+05 9.806447114171173598e+04 7.924506483981247584e+04 4.769189867410353327e+04 2.329305672691892315e-01
4.130571553391677586e-01 5.516839072459904791e-01 2.969331954262032780e-01 4.902222206163016072e-01 2.095403527727135173e-01 3.599637753313374433e-01 3.191028776214875351e-01 1.422964522736011131e+05 1.320596285017198243e+05 7.579045690883461793e+04 1.060068033251383458e+05 2.902199023237395648e-01
4.312147511948352663e-01 4.938795333385950781e-01 4.807514398536224531e-01 4.615701371520277152e-01 2.630007048267875014e-01 3.606987730984894114e-01 4.004652884875178898e-01 1.290521534430601605e+05 1.189515576332380442e+05 7.932343258586016600e+04 8.623024120271659922e+04 2.721333865941459873e-01
4.030511301884351916e-01 5.208471893901663874e-01 1.828456407184192167e-01 4.603049868048181836e-01 2.100256768410871944e-01 3.444971250752988934e-01 3.109841163000923725e-01 1.352406397118761088e+05 1.059114196988739277e+05 8.182127884783790796e+04 7.582969869929799461e+04 3.282869436312720324e-01
1.134443120283926409e-01 5.720799555577482653e-01 -1.718950241585985306e-01 8.581812550630943393e-02 2.479851191071555383e-02 2.122874378420421260e-01 6.319536757730184195e-01 1.171398609103287163e+05 1.014539548882054951e+05 7.282104371143187745e+04 2.912681656722971093e+04 2.520558240066703148e-01
3.830095326425119184e-01 6.677591080532604417e-01 3.039074503660637583e-01 4.219879824378138800e-01 6.835992430505161144e-01 3.318790954027048823e-01 2.980641331196376420e-01 1.258052599169593450e+05 1.062390306054661487e+05 7.776029499157324608e+04 6.017131763952587062e+04 2.587396013771813275e-01
3.684639803528831914e-01 5.796580832177784526e-01 3.573519886532375844e-01 4.801625748783011627e-01 2.237546059037860968e-01 2.794297558875741272e-01 3.191345242371659285e-01 1.281128521371490497e+05 1.117465342211433308e+05 7.518300274726175121e+04 4.607518468242828385e+04 3.399422198213253865e-01
4.514030821506624380e-01 5.729602230348330716e-01 3.444158713166317054e-01 4.494853436513530642e-01 2.127816244835711024e-01 3.684844479403323603e-01 3.531004845821075766e-01 1.407239851932050078e+05 1.314992347943452769e+05 7.580086586795236508e+04 7.708998578044791066e+04 2.515180279946818143e-01
4.213351025915914039e-01 5.142510627080980612e-01 5.020760077267968358e-01 4.432451267095042780e-01 3.047430855486856771e-01 3.888895947416431409e-01 3.160938366737487404e-01 1.224879234979049652e+05 1.057877409822720510e+05 7.993895875643107865e+04 5.718399906730079238e+04 3.204274996001409970e-01
3.974373933018346405e-01 4.924947726424819816e-01 3.343863339961919978e-01 4.856980500816607260e-01 2.501937443479118062e-01 2.855397060702204448e-01 3.485079066269722858e-01 1.466529918454610161e+05 1.179331780394305824e+05 7.206792179008279345e+04 7.474769243662169902e+04 3.282359500408486563e-01
3.476218494801696091e-01 5.022730204343723859e-01 4.146516534480573779e-01 4.867850539597712856e-01 2.511920060440935853e-01 3.596854729235282599e-01 2.931029470977236651e-01 1.412998397910402564e+05 1.227030227520089829e+05 7.788876179312975728e+04 5.951928985296189785e+04 2.877307288996305834e-01
4.309541047585833118e-01 5.731413675032864807e-01 3.888815284876632195e-01 4.612936499162289539e-01 2.357004823658652160e-01 4.249540940764118813e-01 3.448369554233401968e-01 1.501722002225502802e+05 1.194311408546382154e+05 7.965058716549252858e+04 1.356370711478672747e+05 3.834157653037168489e-01
3.952315870636256001e-01 4.916047182455129949e-01 3.697287857377528075e-01 4.757131892194401135e-01 2.087893626898758292e-01 2.953124420363352765e-01 3.812382873494107316e-01 1.628236048941982735e+05 1.287726214649760223e+05 7.823279812685215438e+04 7.903568736972691840e+04 3.020891885281782874e-01
2.984982830945497878e-01 5.660126750752814129e-01 2.926026569575326253e-01 3.935237856415442770e-01 2.235662109193894409e-01 3.760558196482341464e-01 2.953109596823803584e-01 1.462585509459690365e+05 1.443357832499380747e+05 7.506873780772103055e+04 1.380328212245473405e+05 3.078194472163312545e-01
4.004180375742288911e-01 4.455174650461382613e-01 1.325386177967277923e-01 4.718300526600639477e-01 1.923290993010435823e-01 3.225158823154801735e-01 3.709623923586747307e-01 1.684396580767809937e+05 9.961417069712298689e+04 7.370581844268950226e+04 8.258344279068171454e+04 3.139607552949251201e-01
4.624619680117506570e-01 4.884174479876663977e-01 4.945926292276036640e-01 4.157339491020713429e-01 2.203528919644107964e-01 4.272920003246579723e-01 3.348092576989622482e-01 1.300656209717952879e+05 1.093962738408167643e+05 7.947506514903481002e+04 9.925377125359856291e+04 2.762782851173600784e-01
3.864171995212364874e-01 5.175100993774823799e-01 3.303041380021576323e-01 4.054495435780738899e-01 2.110999328280081799e-01 3.481546571015539104e-01 4.351278746145837983e-01 1.565838429034940200e+05 1.211149502580663247e+05 7.967326389284562902e+04 6.134903360017728119e+04 3.494565504247490462e-01
3.424042984935812828e-01 5.888496945364116719e-01 4.112738689643629653e-01 4.665007432208820304e-01 2.016581413867212791e-01 3.427032303263028989e-01 3.248856354120296386e-01 1.260018144107211992e+05 1.217258585679652315e+05 7.749297692814304901e+04 8.189317370264499914e+04 3.268165599304481139e-01
9.479799438210442242e-01 -2.560328860906539994e-01 7.218909964250944666e-01 9.387577087024862044e-01 -3.168733049226386544e-01 -1.165902119172849277e-02 7.147804086800459977e-01 1.170049083804706897e+05 9.410291960172791732e+04 8.103246214235963998e+04 5.164849349002196686e+04 3.241571898992997025e-01
3.735331966301538853e-01 4.849428050905480458e-01 3.667623904791678657e-01 4.429237391034851479e-01 2.558750754919220105e-01 2.439772636317242283e-01 2.773573341157937744e-01 1.289090940641897760e+05 1.134215177718546620e+05 7.645593275221355725e+04 1.607550459764935476e+04 2.105935921370583608e-01
3.951258830391319310e-01 4.429395263506341052e-01 2.931422158748001050e-01 4.010756758195095362e-01 1.226335882221430557e-01 3.614343327073907819e-01 3.464117322953355615e-01 1.633509169099903374e+05 1.251922969816948898e+05 7.934050422130536754e+04 1.137551895030219603e+05 3.059482306758604109e-01
4.004369715091480875e-01 4.761715440158897916e-01 2.885776452069637177e-01 4.847979797569039739e-01 2.340994544876976724e-01 3.339342993748233845e-01 3.433432691210368537e-01 1.459835896669487702e+05 1.144341876733034442e+05 8.023329219558459590e+04 9.160020755067472055e+04 2.953135336800677413e-01
3.200877571475899130e-01 6.344760756807122926e-01 6.102477529296281844e-01 3.875239282747955927e-01 1.547667712556534958e-01 3.045729626680964697e-01 2.684300383927090139e-01 1.224704138903843414e+05 1.060661794923386769e+05 7.565509670868146350e+04 4.483053970556890272e+04 2.432473738004626573e-01
5.569499065160053997e-01 5.644338599132574519e-01 3.273499857609206143e-01 4.780123902217532361e-01 1.590209527918703958e-01 3.771074494701112112e-01 3.089749845440543652e-01 1.581748117804946378e+05 1.232328716721251985e+05 7.833010858219987131e+04 6.425576688224475220e+04 2.610648845787635897e-01
5.550870109247787454e-01 4.996775380336666017e-01 4.014172866123057459e-01 4.443890272993911705e-01 2.890765725167691036e-01 3.030693834069104753e-01 3.435125039976263395e-01 1.554433676899602870e+05 1.148840499395120860e+05 7.859799625409481814e+04 7.078353651429178717e+04 2.775218250016386334e-01
3.507088945168821414e-01 5.459465749569939463e-01 3.252452724361856173e-01 4.353595475757180977e-01 2.255544743917925476e-01 3.655428879393813335e-01 3.909434942174639382e-01 1.462141362165852915e+05 1.261860889618434012e+05 7.800937490580312442e+04 1.168382261931181711e+05 3.625057665590322165e-01
5.401062008424312166e-01 5.899521875641181579e-01 3.776929247989809224e-01 5.513878796653038927e-01 2.512201827401828180e-01 3.402889471499874752e-01 2.636143514996988069e-01 1.271902168321726058e+05 1.308471032315093616e+05 7.833570324738546333e+04 6.265229360207991704e+04 3.343162457398448084e-01
3.915153280835140248e-01 5.686076945569426000e-01 3.065859200841692944e-01 4.797261451699422752e-01 2.026978305923213819e-01 2.848813963249637871e-01 3.247937384484534951e-01 1.537584873625219043e+05 1.006418635572659550e+05 7.550498494786077936e+04 7.193131645235068572e+04 2.915442658728797376e-01
3.359511735720057124e-01 6.998149006557079499e-01 4.464878003536232320e-01 4.861524832229366933e-01 2.377704460519019791e-01 3.185512468884461046e-01 2.973091778278841302e-01 1.344499522443590395e+05 1.092652222678084072e+05 7.746300435420317808e+04 1.046295750321883679e+05 2.969042149259454311e-01
4.172400129703116023e-01 4.484842965327869857e-01 2.728413585304161337e-01 4.674733687299834073e-01 2.462402474078080050e-01 2.694645447796311655e-01 4.031430055477144836e-01 1.629254609949598089e+05 1.067804998885482200e+05 8.108619867288408568e+04 4.587535137184862106e+04 3.836371975302350079e-01
4.193422456730775960e-01 5.511280895961282456e-01 4.570111502429565209e-01 5.189764727828819479e-01 2.274521489378113215e-01 3.111404180499748873e-01 3.528268772821856469e-01 1.710107352150994120e+05 1.113552673227169435e+05 7.563126996921948739e+04 8.434964915106479020e+04 3.029106547334923794e-01
3.864814345476870749e-01 5.311635342381032521e-01 3.224346315093031823e-01 4.808749632294437304e-01 2.632096364726704274e-01 3.089295389275466541e-01 3.036014492702879264e-01 1.493621012569326849e+05 9.340355830946423521e+04 8.098186556330605526e+04 8.619879457724094391e+04 2.547426078095521573e-01
3.297740807577187461e-01 6.249784456391226373e-01 2.831030384257109955e-01 4.319108687714625638e-01 2.621100406572452468e-01 3.225722120642752211e-01 3.780128320881659953e-01 1.710790504792795691e+05 8.217592639504840190e+04 7.617173141347928322e+04 1.145202119678456947e+05 3.126936358868115384e-01
5.225009222326274516e-01 6.221196666702880629e-01 5.449705294195656968e-01 4.231707882336264714e-01 8.340517910245579536e-01 3.641656293455632909e-01 6.307624476025537330e-01 1.284853104487477976e+05 1.110749253726366005e+05 7.582005007877042226e+04 5.081734450352341810e+04 2.523157969468896589e-01
4.306477584147268556e-01 5.080539401468388006e-01 5.359176522590709535e-01 3.657661954963004058e-01 1.833768066736422009e-01 3.190602274624321222e-01 3.286174990943393492e-01 9.363926150181252160e+04 1.166605807521876268e+05 7.846870803556764440e+04 7.183108944791824615e+04 3.282179501886687834e-01
2.696764787943515262e-01 4.350628537106409066e-01 3.652014307522516989e-01 4.275141198861554526e-01 2.425902341467058576e-01 3.771818402829064110e-01 2.902549174258752807e-01 1.126083617604759638e+05 1.221940011554869416e+05 7.626090836553307599e+04 1.112050324762764794e+05 3.273741957382692580e-01
3.390788532119817789e-01 5.461038321150405439e-01 3.525481592839501688e-01 4.299462794338642091e-01 2.377259096010234662e-01 2.825305529143795069e-01 3.157212568451902013e-01 1.283838876952978026e+05 1.309616918889509543e+05 7.513638534715397691e+04 1.008034323984360381e+05 3.392872192330710357e-01
4.011094878721717105e-01 6.253387779654525636e-01 3.126918141136522111e-01 5.638345469279080202e-01 2.088087874637266361e-01 3.782455208220062426e-01 2.843920664306923141e-01 1.430077475781770190e+05 1.083117348790137912e+05 7.982602461340905575e+04 1.037129172269105038e+05 3.433479396963655672e-01
