3.883547705106261128e-01 6.288410572450583436e-01 2.758162953236955039e-01 5.578318805023156912e-01 1.867391583416998513e-01 3.108553878940041870e-01 3.011185844602757844e-01 1.236082742907484208e+05 1.013406218808624690e+05 8.009625971876645053e+04 5.077699493950332544e+04 3.026134179881991848e-01
3.433511673323719204e-01 6.484706536319991832e-01 2.902067869167158087e-01 6.536905624159679018e-01 3.024183573713313256e-01 6.642799059840220899e-01 2.865440831297880186e-01 1.274663265843367990e+05 1.131138011804018315e+05 7.633652264347474556e+04 4.528925459980325104e+04 2.471163619743573792e-01
3.156515960751259398e-01 6.071066033273360141e-01 5.844579093275246162e-01 3.738037916679979866e-01 1.545955885649260841e-01 2.558289043651578165e-01 2.761728596929740598e-01 1.457952020999189408e+05 1.278414333194713690e+05 7.470217180271857069e+04 3.302490175018762966e+04 2.425979396678449029e-01
2.819805337548387247e-01 6.182902629018365293e-01 5.954370966275165378e-01 3.012901030037871686e-01 1.489026507785088937e-01 2.378626316504988125e-01 2.368993484427936447e-01 1.162613687020359794e+05 1.005363422037463024e+05 7.580106362879964581e+04 3.652139238434138679e+04 2.293883412327101523e-01
3.000963723941716954e-01 6.257656044657743388e-01 2.469180297434486748e-01 6.907573740884030977e-01 1.645776480745498871e-01 2.781884764409919830e-01 2.744675534123029448e-01 1.287017735930598719e+05 1.119985035533217015e+05 7.531762102598689671e+04 4.363799329570843838e+04 2.312688941672002563e-01
2.920809906250943500e-01 6.180637048547314993e-01 2.226616165152697502e-01 6.677001054766530386e-01 1.679693579622187349e-01 1.673085307186616411e-01 2.740587865021721914e-01 1.257095988703700132e+05 1.029685096745454648e+05 8.063162955342115310e+04 3.987369215864896250e+04 2.334878396316842908e-01
3.081474116809367336e-01 6.240584604996199936e-01 2.695802455915969897e-01 3.895945310118444915e-01 1.081110524359113201e-01 5.143503258177885284e-02 2.843747195368363512e-01 1.419948989597752807e+05 1.242251644264010101e+05 7.525637126129389799e+04 3.920048687500534288e+04 2.311519683229955602e-01
3.126045718295282216e-01 6.213705570082046492e-01 3.396932278711103370e-01 6.823138578511300789e-01 1.526466239446820361e-01 2.988762808538031890e-01 1.960851905014471819e-01 1.229290184594701423e+05 1.050376594032719295e+05 7.665418729607593559e+04 6.332046854120220087e+04 2.486339659353326015e-01
3.913501070787199776e-01 6.404527960518201501e-01 5.886142094726242169e-01 4.157168580413269643e-01 5.853638286706536881e-02 6.880424194894149137e-01 4.685424960711803699e-01 1.233081762274524372e+05 1.047528542762398283e+05 7.787895985067749280e+04 5.529772713633089006e+04 2.591534066991316165e-01
3.137206348313001381e-01 6.735093554631795820e-01 3.049617404548235489e-01 4.130470694017120969e-01 1.545604791103250553e-01 2.972362763595925994e-01 2.875915253605708655e-01 1.343845820201606548e+05 1.155038940900175076e+05 7.631127377250680001e+04 5.192902012969715724e+04 2.429364986875229004e-01
3.363740059948713834e-01 6.384943059935940246e-01 6.186495826833884326e-01 4.022215650983897994e-01 1.608261156110856460e-01 3.254176813641903587e-01 2.898594470488899955e-01 1.274075774159858702e+05 1.055191512047450378e+05 7.919809574433397211e+04 5.369427530924112216e+04 2.590505345762477707e-01
3.864942253463611865e-01 6.298364136306910943e-01 5.894596189023865174e-01 3.927289541197274692e-01 2.551784505882472853e-01 6.518427265188733166e-01 3.032954744699900562e-01 1.284448117823789507e+05 1.115093278412827785e+05 7.599146561704351916e+04 5.001052835145214340e+04 2.650710464260051524e-01
3.809698953221519746e-01 5.597308274625309998e-01 7.518977333704253418e-02 4.404516837693337461e-01 3.518326588525922394e-01 8.795585639577988557e-01 2.351842207274716309e-03 1.101072483237631823e+05 8.809894661271072982e+04 7.608110601704723376e+04 6.532204106072325521e+04 3.082460036890942723e-01
6.864971154998730229e-01 6.091306051180310766e-01 3.101556184916217096e-01 6.026469778946371703e-01 6.590958946306193500e-01 3.604721780897796046e-01 4.527792064131751504e-01 1.248068466212422209e+05 1.087547520218721038e+05 7.537710291005909676e+04 4.519465076515128749e+04 2.381695615015679834e-01
3.480921327074140703e-01 6.349754639429379122e-01 2.956232220217610007e-01 6.220869841307018477e-01 1.893892636025101273e-01 2.921792191668937111e-01 3.079016478154288361e-01 1.529315406064119015e+05 1.295270544257182773e+05 7.741009391609218437e+04 4.310142102014122793e+04 2.437085426890258366e-01
4.731916461160370901e-01 5.767171940395938723e-01 3.828535069877287422e-01 5.435605218381445169e-01 1.143154325881410444e-01 3.161056730472446286e-01 3.512353209810812338e-01 1.391596947055735509e+05 1.199496613077819202e+05 7.735111644333216827e+04 6.933401382781840221e+04 2.920551238198081934e-01
2.954707353875092313e-01 6.209069586151284570e-01 2.513772958701068760e-01 4.550899016709372691e-01 1.663524359201510316e-01 2.780455314405438916e-01 2.757014793365797356e-01 1.292479789117554319e+05 1.125141978631060774e+05 7.527865013143046235e+04 4.185271317688052659e+04 2.354085029145511210e-01
3.026917066418526314e-01 6.261841696545364933e-01 2.515312514638192720e-01 6.890861991454338975e-01 1.684567040441249941e-01 3.013576760783478470e-01 2.757124934589244569e-01 1.186606494746962417e+05 9.806447114171173598e+04 7.924506483981247584e+04 4.769189867410353327e+04 2.329305672691892315e-01
1.134443120283926409e-01 5.720799555577482653e-01 -1.718950241585985306e-01 8.581812550630943393e-02 2.479851191071555383e-02 2.122874378420421260e-01 6.319536757730184195e-01 1.171398609103287163e+05 1.014539548882054951e+05 7.282104371143187745e+04 2.912681656722971093e+04 2.520558240066703148e-01
3.830095326425119184e-01 6.677591080532604417e-01 3.039074503660637583e-01 4.219879824378138800e-01 6.835992430505161144e-01 3.318790954027048823e-01 2.980641331196376420e-01 1.258052599169593450e+05 1.062390306054661487e+05 7.776029499157324608e+04 6.017131763952587062e+04 2.587396013771813275e-01
3.200877571475899130e-01 6.344760756807122926e-01 6.102477529296281844e-01 3.875239282747955927e-01 1.547667712556534958e-01 3.045729626680964697e-01 2.684300383927090139e-01 1.224704138903843414e+05 1.060661794923386769e+05 7.565509670868146350e+04 4.483053970556890272e+04 2.432473738004626573e-01
5.569499065160053997e-01 5.644338599132574519e-01 3.273499857609206143e-01 4.780123902217532361e-01 1.590209527918703958e-01 3.771074494701112112e-01 3.089749845440543652e-01 1.581748117804946378e+05 1.232328716721251985e+05 7.833010858219987131e+04 6.425576688224475220e+04 2.610648845787635897e-01
5.225009222326274516e-01 6.221196666702880629e-01 5.449705294195656968e-01 4.231707882336264714e-01 8.340517910245579536e-01 3.641656293455632909e-01 6.307624476025537330e-01 1.284853104487477976e+05 1.110749253726366005e+05 7.582005007877042226e+04 5.081734450352341810e+04 2.523157969468896589e-01
