3.280487282107740210e-01 6.516518618334035118e-01 6.061207425940382532e-01 3.197211016915723625e-01 1.315539250150424555e-01 2.343341778367862005e-01 3.313987362108782309e-01 1.341056181517397927e+05 1.204274510748550529e+05 7.313232528575815377e+04 5.244342312771677098e+04 2.444337671718739557e-01
4.864535136889278077e-01 5.517121530172643951e-01 4.790014608787098727e-01 2.717932638559397152e-01 5.814308836441943740e-01 2.377451974705964977e-01 2.885347263000528351e-01 1.205077819969660923e+05 1.111640743786337407e+05 7.115459139724988199e+04 3.387765980155998841e+04 2.408922505731251329e-01
2.775095502852366058e-01 6.228118308703517458e-01 5.839019043842401668e-01 2.540811000271077646e-01 1.326147998083209434e-01 2.033414362252252139e-01 2.946817401427642702e-01 1.342233393579990952e+05 1.249831698501443461e+05 7.038930774551718787e+04 3.897154666256646306e+04 2.205626328484373844e-01
2.916345684040728692e-01 5.560402173377031465e-01 6.064804055209408462e-01 4.036503985325552435e-01 2.648502815498504637e-01 2.456000206957653365e-01 3.266104653031380867e-01 1.413468764086898300e+05 1.212319017293897050e+05 7.464439511333650444e+04 6.009229346094428911e+04 2.595192946816203827e-01
3.477919206649918715e-01 5.525944143826662103e-01 5.075280817768378361e-01 2.516813604158888440e-01 1.747964524616401616e-01 2.265866006718625369e-01 2.881219820637358486e-01 1.245055403235842823e+05 1.185258860318512598e+05 6.849218045739288209e+04 5.801931788019272790e+04 2.572118124650927262e-01
2.819167845372003711e-01 5.655380337070362584e-01 6.052708074139833139e-01 2.089654188136861046e-01 1.349182165636350073e-01 2.175237187617321544e-01 2.924817482574593175e-01 1.019090697929632151e+05 9.649432482834992697e+04 6.929185133564469288e+04 4.292882930594848585e+04 2.194751402775141358e-01
3.227614433355321943e-01 5.714447509431872518e-01 5.294080414988788785e-01 3.201587979939141126e-01 1.459159142921201691e-01 2.454285807022187071e-01 3.039881234421708545e-01 1.254721242678720737e+05 8.510095416524918983e+04 7.653208956719715206e+04 6.954141348888995708e+04 2.747654504624273408e-01
2.748253140285392693e-01 6.353608535638640697e-01 6.005679152480114524e-01 2.462716413862580112e-01 1.376192459901821874e-01 2.123820418205308036e-01 2.899593226437988669e-01 1.067741770650591352e+05 9.768718557606107788e+04 7.166196664241216786e+04 4.295010607090222766e+04 2.179496788940316343e-01
2.832756217691035361e-01 6.406946341244577070e-01 6.111577209491229068e-01 2.488099646231128337e-01 1.443112783346789108e-01 2.211867155640307170e-01 2.942688077705389316e-01 8.195160778867396584e+04 7.221375133426516550e+04 7.439604898057594255e+04 4.747287440063626855e+04 2.212713385896112050e-01
5.496868384784037165e-01 6.303905040014669003e-01 5.663312421736197422e-01 2.323135484898113112e-01 8.015355043878937824e-01 4.020194738597471784e-01 7.203809277196947525e-01 1.185755993265761499e+05 1.088306974638079118e+05 7.155481459359821747e+04 4.770483496022729378e+04 2.153914240933436364e-01
