3.498105234976401912e-01 5.298078349783793550e-01 3.947519256806579224e-01 3.122845395086599751e-01 1.762095637949983862e-01 2.623923749094979607e-01 3.675472467056939418e-01 1.179934130574504088e+05 8.623360989412594063e+04 7.337867803356971126e+04 3.919555706556322548e+04 2.932803623392528647e-01
2.901606863249624468e-01 6.413194605648642188e-01 1.641713896196164424e-01 3.212395935331840979e-01 1.365650103049244890e-01 2.212518743312630598e-01 2.947964286757906449e-01 9.282675782688999607e+04 8.253374289810875780e+04 7.379399864006784628e+04 4.530778759773261118e+04 2.232430168903469514e-01
5.727866983154845659e-01 5.842830063946915509e-01 4.021976114691184212e-01 3.296497772679867766e-01 3.098628404994726027e-01 2.898567988031640619e-01 4.586169301152442923e-01 1.141412972042526817e+05 1.009647639583005366e+05 7.410156772732842364e+04 6.692425280585308792e+04 2.748450886807031202e-01
2.537483085849821518e-01 4.789815489616869870e-01 1.753236919779552483e-01 2.263870910905374234e-01 1.644686397530444877e-01 1.763615259747003949e-01 2.324360069955194730e-01 7.725051219358995149e+04 7.328168113469587115e+04 6.917516246089054039e+04 2.522953154176084718e+04 1.716109001468214823e-01
3.337700680331585068e-01 5.059797345095136123e-01 5.473852214950600814e-01 3.557506655833282405e-01 1.110668534073987607e-01 3.258419191649593039e-01 2.871762760031557615e-01 1.055608634052705165e+05 9.564828389135349425e+04 7.362376299349275359e+04 6.366342552733150660e+04 2.551031549030245427e-01
3.280487282107740210e-01 6.516518618334035118e-01 6.061207425940382532e-01 3.197211016915723625e-01 1.315539250150424555e-01 2.343341778367862005e-01 3.313987362108782309e-01 1.341056181517397927e+05 1.204274510748550529e+05 7.313232528575815377e+04 5.244342312771677098e+04 2.444337671718739557e-01
3.684712849341286733e-01 4.703163013530297643e-01 3.580614124659281527e-01 3.461679214003233751e-01 2.498970610979733553e-01 2.468797219682221655e-01 4.054732753389854727e-01 1.212851429756349680e+05 1.284015701997178548e+05 7.178787641251091554e+04 4.948267688455817552e+04 2.627959409642631750e-01
4.930555884067156502e-01 5.535747473026116916e-01 3.832115207879133734e-01 4.486501428941775949e-01 2.697587248006551031e-01 2.680989788334039448e-01 2.731566258001262293e-01 1.279058934222036478e+05 7.848087696023113676e+04 7.528866743313212646e+04 6.677989406490608235e+04 2.570103934333997642e-01
3.279490886315831188e-01 5.324035641348210390e-01 3.668169629381659025e-01 2.706033077510719420e-01 1.659305489161687908e-01 2.279894565189175548e-01 3.144206937062678509e-01 1.022552326303778245e+05 1.043395070486651239e+05 7.510443501459666004e+04 3.930549353109677031e+04 2.719360700717989854e-01
4.864535136889278077e-01 5.517121530172643951e-01 4.790014608787098727e-01 2.717932638559397152e-01 5.814308836441943740e-01 2.377451974705964977e-01 2.885347263000528351e-01 1.205077819969660923e+05 1.111640743786337407e+05 7.115459139724988199e+04 3.387765980155998841e+04 2.408922505731251329e-01
2.686586628502672935e-01 2.977768135872034261e-01 1.507442643529604553e-01 3.146660376509865520e-01 5.493401770265825546e-01 2.389158281042474963e-01 2.674892145914941621e-01 1.124157523957211088e+05 1.029845561121017672e+05 7.175631767365591077e+04 2.951637495093062535e+04 2.408766687085947544e-01
2.673471329066878233e-01 5.222997328353766733e-01 4.418578792259829635e-01 3.753647991152371244e-01 1.064801506436073436e-01 2.297049905328100716e-01 3.688864855758731132e-01 1.058341802547587868e+05 9.531156806645204779e+04 6.862258255469113647e+04 5.004278296997620782e+04 2.194259848027478865e-01
2.753218318190560621e-01 6.334633236205936546e-01 1.534645078985348576e-01 6.633812853328057146e-01 1.579227902637780900e-01 2.124181302011023953e-01 2.889108409705583025e-01 1.040653350023946841e+05 9.491559115682296397e+04 7.189688162411667872e+04 4.444928707318408124e+04 2.166840753958796384e-01
3.375220247733685675e-01 6.364052199560480405e-01 1.714639962255778971e-01 5.988894238523524427e-01 1.616827977471740618e-01 2.133319429740465345e-01 3.252405935841947704e-01 1.345569726301265473e+05 1.224901332326006086e+05 7.210527157529318356e+04 4.739278386595442862e+04 2.364904866091080693e-01
3.205916350493677736e-01 3.191985588687351605e-01 1.498281891104062125e-01 3.103765873050224888e-01 1.575777579898775260e-01 2.117425000088606069e-01 2.970329311813244555e-01 1.248625809313881327e+05 1.156054281776414864e+05 7.082822640039393445e+04 4.464832513642241975e+04 2.308461928861413603e-01
2.427887949403496060e-01 5.808769443918746500e-01 3.648126356144669735e-01 5.362423655216654872e-01 6.604845463009882955e-01 2.207638695926568695e-01 6.009350163825741831e-01 1.578211761269597046e+05 1.350828731994105910e+05 7.478704521519130503e+04 6.268553560172629659e+04 2.564942889516448887e-01
3.500505694344010488e-01 5.413650907704817827e-01 3.381759582315377322e-01 4.069346570158702825e-01 1.427927957089768773e-01 2.430061334438736731e-01 3.548576707399233032e-01 1.056296422358753043e+05 8.986550911900596111e+04 7.591789007998722082e+04 5.169928822495070199e+04 2.784433402751953501e-01
2.830602914281429849e-01 5.871591066729234809e-01 1.742708022113856614e-01 4.939818810392822002e-01 3.854521967203975441e-01 2.467640025954747907e-01 2.984363888991203861e-01 1.275715987923235662e+05 1.175426868301901268e+05 7.129625726221536752e+04 3.740085992339340737e+04 2.618409650959472312e-01
2.775095502852366058e-01 6.228118308703517458e-01 5.839019043842401668e-01 2.540811000271077646e-01 1.326147998083209434e-01 2.033414362252252139e-01 2.946817401427642702e-01 1.342233393579990952e+05 1.249831698501443461e+05 7.038930774551718787e+04 3.897154666256646306e+04 2.205626328484373844e-01
2.916345684040728692e-01 5.560402173377031465e-01 6.064804055209408462e-01 4.036503985325552435e-01 2.648502815498504637e-01 2.456000206957653365e-01 3.266104653031380867e-01 1.413468764086898300e+05 1.212319017293897050e+05 7.464439511333650444e+04 6.009229346094428911e+04 2.595192946816203827e-01
3.812421677658404673e-01 4.841057139761212880e-01 2.265275822293876529e-01 4.643649047880547553e-01 1.128711101288415314e-01 2.458606080337096267e-01 4.208008074232338913e-01 1.125059709481425962e+05 8.020214223382128694e+04 7.398960254340582469e+04 4.822640517634333082e+04 2.999038105386656050e-01
3.843586654172381767e-01 5.146094845396532724e-01 3.296027735823106042e-01 3.873014090763936546e-01 1.937442050642736724e-01 2.199600899617699667e-01 4.152743097632468627e-01 1.202895457096091122e+05 9.871013914516131626e+04 7.108992859005504579e+04 6.263765968233522290e+04 2.427849296823055558e-01
4.034656568073731187e-01 5.623418846657881609e-01 4.335014402407910694e-01 3.954353218883251420e-01 2.122183266687056591e-01 2.241326788095425460e-01 4.051040006425105089e-01 1.041816891546736151e+05 8.211278245036047883e+04 7.643509915251244092e+04 6.044590478272856126e+04 1.581429694039598322e-01
3.520172332196522813e-01 5.152700574174725601e-01 2.577590437789205602e-01 4.610873308832139639e-01 1.993467003987906550e-01 2.817878339455992531e-01 3.681848649224456205e-01 1.238464286510800885e+05 9.193806748307235830e+04 7.551999690554141125e+04 4.790185726683789835e+04 2.403942743941696603e-01
3.651487053542870620e-01 5.012445253616231167e-01 3.912007490305324797e-01 3.184507237057163653e-01 2.005803964610510803e-01 2.000827281628870802e-01 3.493467326080320068e-01 1.244395058298523218e+05 1.140172514153845550e+05 6.686211306596701615e+04 4.732612807923783839e+04 3.014456402456001660e-01
5.707478722423967588e-01 5.158893366590158180e-01 3.004006271766842540e-01 1.794852549198213965e-01 2.111623188161166065e-01 2.047874542172340995e-01 3.721575482608811547e-01 1.021143959862732445e+05 9.564017421042319620e+04 6.999987086495320546e+04 3.326165263083215541e+04 2.072938455125190871e-01
3.155400200382755815e-01 3.493867730433842800e-01 1.521497940899664281e-01 3.329870437548007600e-01 1.666672732460950379e-01 2.253094822689526433e-01 3.124042186263593091e-01 9.723473726046702359e+04 8.594166489478707081e+04 7.418078096849725989e+04 5.104158722073407989e+04 2.370868328893778465e-01
3.440541386642776978e-01 5.370497544782774080e-01 4.019716474171100007e-01 3.518479820108578182e-01 1.496107284505392987e-01 2.427588594021454771e-01 3.144615869096833993e-01 1.005257507689351041e+05 1.017438450494424469e+05 7.444570858803659212e+04 4.502464176747586316e+04 3.269543551074349241e-01
5.406105876081950257e-01 5.896195438306187642e-01 2.080171520728999468e-01 6.035366223124470908e-01 1.891509677655680566e-01 1.914828442570324640e-01 2.835765663699685857e-01 1.134628755909236934e+05 1.065692792536268826e+05 6.991398806701487047e+04 2.989910069405865943e+04 1.955012819998338813e-01
3.804066001622665172e-01 5.836769521442477515e-01 3.557861695750324516e-01 4.137392828261514666e-01 1.401446588251172298e-01 2.909955692845517250e-01 3.161946705806589208e-01 1.018394438289948157e+05 1.111709311327620235e+05 6.826918747280379466e+04 5.246565924635730335e+04 3.021987743789258385e-01
3.477919206649918715e-01 5.525944143826662103e-01 5.075280817768378361e-01 2.516813604158888440e-01 1.747964524616401616e-01 2.265866006718625369e-01 2.881219820637358486e-01 1.245055403235842823e+05 1.185258860318512598e+05 6.849218045739288209e+04 5.801931788019272790e+04 2.572118124650927262e-01
4.287902575489225265e-01 5.378660133973169888e-01 1.880772447845255324e-01 4.823766097649114792e-01 1.909246317660056869e-01 2.613472779822648695e-01 3.263896624473679453e-01 1.155652163562282221e+05 8.732770945287740324e+04 7.375571733797024353e+04 6.050253649503658380e+04 2.841029166727821464e-01
4.100929686889348558e-01 5.455021239766378871e-01 3.693775013286236253e-01 3.718303165058625681e-01 1.689416628459846359e-01 2.616517107891611071e-01 3.674025126240285655e-01 8.685258114297658904e+04 8.692647410028023296e+04 7.357380165825084259e+04 6.955166126027725113e+04 2.571308012646010277e-01
2.756714587036123709e-01 5.038142032446253360e-01 4.135019765253367119e-01 3.916184459085442215e-01 2.183939729163161536e-01 2.425729784197046546e-01 4.568992569380266877e-01 1.490244638069006905e+05 1.211188686238672381e+05 7.361441894747788319e+04 4.477413234257724980e+04 3.018803089870030765e-01
6.354471896574342971e-01 6.297610025145161661e-01 3.220961640346498012e-01 5.598518220301255122e-01 6.312329036657630121e-01 4.056474187642269413e-01 5.288993489572766382e-01 1.052655204011977767e+05 9.692400111163081601e+04 7.137118630186769587e+04 4.387027586609336868e+04 2.416565444035844445e-01
4.326289545868091113e-01 4.603276412752499991e-01 2.902633453891648729e-01 3.982235366577437374e-01 2.201107789562152806e-01 1.816443227537293259e-01 3.673226370899013160e-01 9.285818641163712891e+04 1.054145838331382838e+05 7.084298430258971348e+04 6.041840591999309254e+04 3.136201544378678929e-01
3.204675937853715406e-01 5.826620334901275733e-01 4.161381458589926141e-01 4.039272375814814131e-01 2.476795557142940640e-01 2.693464320368182396e-01 3.135366518921899881e-01 1.029227542307962867e+05 1.084923261217757827e+05 7.544999178858495725e+04 4.924659384717632929e+04 3.218181740674121993e-01
5.505783623998338205e-01 5.472689652698122798e-01 4.709855897735626407e-01 1.775097581695019855e-01 1.811964797318420806e-01 2.566944260017332002e-01 3.125800066606488903e-01 9.561687148300482659e+04 9.117525004426750820e+04 7.270957190298277419e+04 4.456430988185803290e+04 2.628633614853244094e-01
3.626430558461274933e-01 5.483675133295372595e-01 4.132432319953753819e-01 3.749120863014992477e-01 2.362601669064658960e-01 2.923438536403000221e-01 2.716856495637905433e-01 1.107860227651312598e+05 1.039548255577202508e+05 7.406890040479063464e+04 6.662643011531219236e+04 2.916569482855396189e-01
2.819167845372003711e-01 5.655380337070362584e-01 6.052708074139833139e-01 2.089654188136861046e-01 1.349182165636350073e-01 2.175237187617321544e-01 2.924817482574593175e-01 1.019090697929632151e+05 9.649432482834992697e+04 6.929185133564469288e+04 4.292882930594848585e+04 2.194751402775141358e-01
7.499805035855853230e-01 6.372134296319383884e-01 1.684109695746240920e-01 6.785229962034254880e-01 3.687839536366394610e-01 2.050405190832799429e-01 3.738754500601853548e-01 1.128930537632886262e+05 1.049997694031038263e+05 7.058820395132644626e+04 4.389547181519723381e+04 2.253048519703259034e-01
3.628605568065355613e-01 4.537024132986129388e-01 3.493681273768762252e-01 4.379526905200817333e-01 2.799459021343795317e-01 2.797078803593295304e-01 3.786821062016261230e-01 1.388195245897354616e+05 1.076051893646712415e+05 6.967968293167868978e+04 6.268894721750189638e+04 2.599187955172272968e-01
3.713290575864044984e-01 5.408122418607768100e-01 2.703057639052356409e-01 3.660308055863263355e-01 1.576056335028060695e-01 2.397078506501844342e-01 4.325088534779971128e-01 1.142807246576604375e+05 1.024103182848046417e+05 6.980574769042454136e+04 4.580118332118280523e+04 3.265269942385655155e-01
4.286530779678393577e-01 5.379277842426753997e-01 3.649364887968175597e-01 2.575015673855871046e-01 1.722318802414646577e-01 2.411857586012651489e-01 3.739159231460408850e-01 1.245055221497369203e+05 1.064835462511460064e+05 7.448195093598657695e+04 4.867469646649191418e+04 2.721503634946370598e-01
2.771657475652129499e-01 6.337504714395676420e-01 1.585296924610770652e-01 3.324358606062284838e-01 1.332975595566551763e-01 2.037464545319371545e-01 2.957332075147640071e-01 1.327022912879365031e+05 1.232675118460978556e+05 7.061011766648957564e+04 3.988257925111582881e+04 2.237917613640428849e-01
4.503606488786264239e-01 5.458083610797080931e-01 3.696161672307905488e-01 3.991896191480566181e-01 1.646269128498288881e-01 2.118548989829039109e-01 3.686634084736413741e-01 1.259698784879763552e+05 9.881457713255500130e+04 7.438393297346759937e+04 4.729998779910982557e+04 2.815303709233815677e-01
3.733155573754519674e-01 5.149008140584149240e-01 3.268186579807573211e-01 3.165566496968889032e-01 1.676031364901084397e-01 2.254581027394733928e-01 3.956051113160357624e-01 1.116165064605903754e+05 1.096704485294689221e+05 7.388726539062298252e+04 5.355871782042585255e+04 2.241050264298291295e-01
2.815056549134177799e-01 4.688197033943894976e-01 2.136586501077931965e-01 3.192996253809795570e-01 2.201579094590545016e-01 2.607684901501914343e-01 3.119591961468367036e-01 1.214772797139984614e+05 1.122316188896741369e+05 7.102529342672007624e+04 3.254041276231908705e+04 2.659381002113059833e-01
3.227614433355321943e-01 5.714447509431872518e-01 5.294080414988788785e-01 3.201587979939141126e-01 1.459159142921201691e-01 2.454285807022187071e-01 3.039881234421708545e-01 1.254721242678720737e+05 8.510095416524918983e+04 7.653208956719715206e+04 6.954141348888995708e+04 2.747654504624273408e-01
2.748253140285392693e-01 6.353608535638640697e-01 6.005679152480114524e-01 2.462716413862580112e-01 1.376192459901821874e-01 2.123820418205308036e-01 2.899593226437988669e-01 1.067741770650591352e+05 9.768718557606107788e+04 7.166196664241216786e+04 4.295010607090222766e+04 2.179496788940316343e-01
2.832756217691035361e-01 6.406946341244577070e-01 6.111577209491229068e-01 2.488099646231128337e-01 1.443112783346789108e-01 2.211867155640307170e-01 2.942688077705389316e-01 8.195160778867396584e+04 7.221375133426516550e+04 7.439604898057594255e+04 4.747287440063626855e+04 2.212713385896112050e-01
1.755509113330022963e-01 6.378091532611611658e-01 5.441704826017655927e-01 9.170516192751289042e-01 3.231908433838967531e-02 4.431080286855450523e-01 3.580451633968677605e-01 1.219585138696410577e+05 1.150263019959439844e+05 7.105837367654111586e+04 6.341288514428659255e+04 2.434572783603921042e-01
2.733398580096454977e-01 1.996860851062798037e-01 1.332731449322576700e-01 2.951188507223829749e-01 1.378317093877355626e-01 2.032643796831322958e-01 3.022184467761391269e-01 1.591902175193833536e+05 1.493043260776834504e+05 6.989883384384313831e+04 3.815026168411276740e+04 2.470942549104416242e-01
5.496868384784037165e-01 6.303905040014669003e-01 5.663312421736197422e-01 2.323135484898113112e-01 8.015355043878937824e-01 4.020194738597471784e-01 7.203809277196947525e-01 1.185755993265761499e+05 1.088306974638079118e+05 7.155481459359821747e+04 4.770483496022729378e+04 2.153914240933436364e-01
3.645560824666558841e-01 5.511073955841255811e-01 3.026360115720504451e-01 3.803775864080776725e-01 1.652052599904490771e-01 2.923974078064620619e-01 2.833032817785441360e-01 1.429172458598618396e+05 1.154916673237515206e+05 6.771048555730540829e+04 5.769110909890276525e+04 2.648278146429889901e-01
3.560279320611367537e-01 5.032635264698694932e-01 3.214462310298929482e-01 3.650229675069734947e-01 1.972514817786457930e-01 2.146210886844021892e-01 3.794948140346847687e-01 1.074589355281680619e+05 1.000863778451179678e+05 7.492684992111481552e+04 5.530888208417907299e+04 3.144498887536411047e-01
2.786457973006484234e-01 6.224142382898475434e-01 1.516870916411028059e-01 6.489158000703231233e-01 1.563043331423789595e-01 2.006373297251856092e-01 2.936008755507223955e-01 1.339323632217143022e+05 1.249210660338557500e+05 7.029199874805644504e+04 3.912781853312726889e+04 2.192296002955470557e-01
