0.000000000000000000e+00
1.000000000000000000e+00
7.000000000000000000e+00
1.100000000000000000e+01
1.400000000000000000e+01
2.000000000000000000e+01
2.100000000000000000e+01
2.300000000000000000e+01
2.600000000000000000e+01
3.000000000000000000e+01
3.800000000000000000e+01
4.600000000000000000e+01
5.000000000000000000e+01
5.200000000000000000e+01
5.800000000000000000e+01
8.100000000000000000e+01
8.600000000000000000e+01
8.900000000000000000e+01
9.000000000000000000e+01
9.400000000000000000e+01
9.600000000000000000e+01
9.900000000000000000e+01
1.030000000000000000e+02
1.070000000000000000e+02
1.080000000000000000e+02
1.090000000000000000e+02
1.130000000000000000e+02
1.230000000000000000e+02
1.310000000000000000e+02
1.340000000000000000e+02
1.420000000000000000e+02
1.430000000000000000e+02
1.460000000000000000e+02
1.470000000000000000e+02
1.500000000000000000e+02
1.520000000000000000e+02
1.530000000000000000e+02
1.540000000000000000e+02
1.570000000000000000e+02
1.680000000000000000e+02
1.740000000000000000e+02
1.760000000000000000e+02
1.780000000000000000e+02
1.790000000000000000e+02
1.830000000000000000e+02
1.850000000000000000e+02
1.930000000000000000e+02
1.940000000000000000e+02
2.060000000000000000e+02
2.100000000000000000e+02
2.140000000000000000e+02
2.210000000000000000e+02
2.220000000000000000e+02
2.290000000000000000e+02
2.330000000000000000e+02
2.380000000000000000e+02
2.460000000000000000e+02
