3.843410938531356957e-01 5.924009501890186158e-01 7.261226643450767737e-01 3.645628554080841410e-01 3.370981113155810949e-01 3.919368952743179091e-01 3.145425755006613366e-01 1.572904081740623515e+05 1.352748154253404355e+05 7.630983259431374609e+04 7.316506499036694004e+04 3.732128805451971898e-01
3.259727630709637336e-01 4.406545648335252197e-01 2.599874233912821131e-01 3.182305986774097706e-01 2.874965977928823913e-01 4.261831480564493013e-01 2.699764249614454159e-01 1.551971680944444670e+05 1.349225282410572981e+05 7.552214504264037532e+04 2.444662622522723905e+04 2.823199689604782292e-01
6.485238136533696407e-01 5.613768376424750350e-01 6.061041074845370247e-01 3.730151034419156852e-01 4.105660386982527554e-01 5.015091272803305911e-01 4.648302120519305358e-01 1.602274507637140923e+05 1.129159710545801208e+05 9.308609740695195796e+04 7.860942119797263877e+04 3.603987738381914663e-01
4.367898486218567689e-01 4.562868688543125772e-01 4.033749887994125816e-01 4.115066578314868773e-01 3.605075982273857615e-01 4.868957458514182046e-01 3.377666312116319736e-01 2.241915390005364316e+05 1.504740515654187184e+05 9.844268014396865328e+04 9.575965678340244631e+04 5.053049457863093563e-01
9.972120154447913221e-01 5.509374390100153507e-01 7.377202608737529754e-01 8.614598204608703291e-01 2.878018803780203472e-01 5.138216923664052915e-01 6.034300001158162674e-01 1.858610499283090467e+05 1.493817715447549999e+05 8.354626371083047707e+04 1.202692526733583072e+05 4.412208681954628009e-01
3.977404519716647435e-01 3.809355850952670930e-01 2.618649098510669737e-01 2.794011094367825354e-01 2.417969903088213746e-01 1.430009786151289486e-01 2.449285284724559975e-01 1.573358595733679540e+05 1.374448427098707180e+05 7.509099572854497819e+04 3.379567151936871232e+04 2.781583702433942373e-01
6.093527505081767215e-01 5.438906051528414887e-01 5.580381417491989682e-01 3.687170116005160092e-01 3.854556123600282325e-01 4.851142176461767375e-01 4.706910025489691729e-01 1.667069815936561208e+05 1.429372553952775197e+05 7.651118252188089537e+04 7.935217880214586330e+04 3.451258164860906419e-01
4.727726341842667934e-01 3.517073003693435007e-01 3.581935124854285224e-01 2.911865625915005529e-01 2.534664470772348688e-01 4.149358300644893083e-01 2.755378779026862457e-01 8.214686982188600814e+04 7.277136283555462433e+04 7.392706636503183108e+04 4.822049674932617927e+04 6.141808013105919395e-01
5.421778128184563394e-01 5.100099411086170820e-01 6.828028390917088020e-01 4.311829412688979457e-01 3.902961063420359866e-01 5.191463707404041505e-01 5.788259299479155962e-01 2.155403852506462135e+05 1.832838707560535113e+05 7.705003893800741935e+04 1.128288327077841968e+05 4.067201518829496321e-01
6.672592227572852197e-01 6.171058025928017887e-01 6.568942749799039360e-01 5.248210877193599799e-01 4.499078450041646970e-01 5.662579729620744740e-01 5.452612598079045192e-01 1.972521180405810592e+05 1.067567752156523784e+05 1.216841732378427841e+05 1.623066429494425247e+05 6.006529803805090717e-01
3.529054541365305719e-01 5.873019880236934886e-01 7.097615997623626383e-01 3.197337285549196051e-01 3.143330834678945696e-01 3.879773262884893548e-01 2.689926827969418843e-01 6.825990956801567518e+04 5.956406911715592287e+04 7.528247933710967482e+04 3.397771007759495842e+04 5.962476657500420663e-01
3.939164398027213410e-01 6.470182904888807096e-01 4.169413124921683145e-01 5.146418955968212749e-01 3.484887366566987166e-01 4.155658265418253339e-01 2.971408465392744169e-01 1.259503991396985803e+05 1.098283994150039362e+05 7.518709654095998849e+04 3.952860407028766349e+04 2.925736550784964751e-01
4.990616271180389196e-01 4.591740922242438794e-01 3.679017498350543036e-01 3.721403894032678239e-01 3.406524896977727312e-01 4.643482529087119559e-01 3.186742504323484826e-01 1.205963484858682350e+05 9.735917025484898477e+04 8.160474589586998627e+04 6.991961676104241633e+04 3.462497512354223983e-01
3.316119181536489324e-01 6.251116099958844430e-01 7.205713261402499903e-01 3.136075620059928237e-01 3.488350613028272651e-01 4.263318622229037014e-01 3.122882554307995773e-01 1.618589470211665321e+05 1.403640374733189237e+05 7.574793001486589492e+04 3.411074317616240296e+04 2.910005107593381379e-01
2.814137436605942399e-01 2.642492875483949399e-01 1.630650428980898181e-01 2.709260161996364102e-01 4.486347131395009846e-01 5.760189027710678200e-01 8.085458135536406632e-02 1.028477587343606574e+05 6.178906242031363945e+04 1.012028943427550839e+05 2.366837832000160997e+05 2.518689837377955931e-01
5.975149267158120781e-01 4.246234283022346512e-01 5.223703937047505796e-01 3.914496022104549389e-01 3.505397669381977721e-01 4.897056377739155142e-01 3.709523342760714382e-01 1.016035377961522317e+05 7.089408523848447658e+04 9.445842127029226685e+04 9.175551584869716316e+04 6.562415976747283386e-01
4.011455098565570587e-01 6.481417544184965296e-01 5.835951030556622010e-01 3.761559511648252530e-01 3.458943707970547621e-01 3.981614771887355686e-01 3.416162879653731332e-01 1.023173919461186451e+05 8.916817868993138836e+04 7.927218642813102633e+04 5.648205920403527125e+04 3.001835806046607158e-01
4.753086073395856315e-01 7.126933685655900685e-01 6.960125529543716993e-01 5.981869165232546193e-01 4.240849507620003123e-01 4.974449152306074651e-01 3.868263545295665407e-01 2.418649220594932558e+05 1.256241747299615672e+05 1.273874792082378262e+05 8.346070121462890529e+04 3.862234527964588660e-01
3.603639285736999209e-01 5.157006348035891863e-01 3.963868604067519175e-01 3.483227569048868433e-01 3.390708751788917286e-01 4.199959772989755868e-01 2.955552478417559081e-01 1.576577718715853698e+05 1.373762673371851561e+05 7.528577476419869345e+04 2.896085332319163717e+04 2.816220565146890786e-01
3.855253969533793401e-01 6.478223753588582268e-01 3.171615875966205533e-01 5.713599540497356077e-01 3.482078335573603467e-01 4.364596063142903160e-01 2.654149100040354425e-01 1.209041030766815675e+05 9.985341951668490947e+04 7.972407689053408103e+04 3.954999237574940344e+04 3.063483385033592965e-01
3.432029722633770930e-01 6.481139812181411219e-01 7.443881954657325384e-01 2.477422845832158715e-01 2.027227031058619067e-01 4.103774683492518172e-01 2.363833677147795242e-01 1.381796826833815721e+05 1.213307582589549129e+05 7.465765514148217335e+04 3.873882208462052222e+04 2.545985781697513439e-01
3.652116964999406190e-01 5.867129089536643471e-01 3.959898809824949351e-01 4.565849280112679875e-01 3.181543052474156141e-01 4.320562141327284889e-01 2.980048342384453153e-01 8.349743879499839386e+04 6.361696397179675114e+04 8.584085416208129027e+04 6.234177009668450773e+04 6.142289407209344798e-01
3.632224716322673963e-01 5.759134837452168920e-01 3.857576064780857683e-01 4.457580677466329022e-01 3.109750452378317043e-01 4.119108132585885262e-01 2.620973970232076677e-01 1.075595941248436138e+05 9.487934049398897332e+04 7.430364252574671991e+04 4.550349572719975549e+04 6.236551902334100950e-01
5.563182537340163325e-01 6.446038323975672446e-01 5.079376023606346768e-01 6.227855748015770354e-01 3.992392030897933819e-01 5.045646332458143535e-01 3.780273518600228977e-01 1.763718454743839102e+05 1.314933141749224742e+05 8.785923482720396714e+04 9.536287378658881062e+04 5.909271835687921470e-01
5.198826997711383235e-01 5.042420183579714443e-01 6.589224383439165056e-01 3.204206829207161267e-01 3.261029786603555913e-01 4.918070731314793664e-01 5.927963064137118376e-01 1.624764064495130733e+05 1.317780372201464197e+05 8.097602156380242377e+04 1.092298650410831178e+05 3.889598063428095220e-01
3.691405956157604584e-01 6.250342907726079700e-01 6.504994282975676834e-01 3.936568815424033585e-01 3.542319869653265951e-01 3.572984015257966717e-01 3.193515554097911546e-01 8.748009755104006035e+04 6.901358142946525186e+04 8.072037793597881682e+04 4.965879863586698048e+04 3.290295304323014314e-01
3.952135182969330196e-01 6.517437265540523272e-01 5.597780355976432753e-01 6.912251198118659623e-01 3.519410222105366359e-01 4.452208108561186428e-01 3.132417368670902813e-01 1.312350220325950067e+05 1.130121341651472758e+05 7.637186283644336800e+04 4.413737676332238334e+04 2.409567710104633387e-01
4.685936687540292467e-01 6.271333770731730706e-01 5.240734557200387167e-01 5.622785941213814809e-01 4.000379867432368730e-01 4.946748776390524904e-01 3.712550521257590996e-01 2.617587527172607661e+05 2.527288016088122968e+05 6.795508359804676729e+04 7.902880727829464013e+04 3.693483150326029030e-01
9.977987651029366356e-01 2.832727812665938871e-01 6.177554788883999892e-01 8.521880660539933316e-01 1.452124299142780184e-01 3.011465809931275772e-01 4.575512244307090026e-01 1.296035669467420812e+05 1.094555743482900580e+05 7.832866074783894874e+04 6.663990588974136335e+04 4.539781197623395381e-01
4.221410601209062419e-01 3.851222685531239254e-01 2.579291510349120964e-01 2.849102440675746473e-01 2.557462117272654711e-01 4.009441005022316706e-01 2.544103531690445341e-01 8.618421397535914730e+04 6.462305773385406792e+04 8.780332681256202341e+04 3.991158482677341817e+04 2.788739341448531750e-01
3.473129894973087661e-01 5.813062501334057552e-01 7.067863358918891059e-01 3.269759565441417437e-01 3.226773824747863340e-01 2.336583634419834299e-01 2.727871694312050121e-01 1.159826110462536453e+05 1.037831201263671246e+05 7.336239997775646043e+04 4.122051771229554288e+04 5.800530466403951424e-01
3.907622161551045359e-01 6.534015222717141080e-01 4.495046590881725534e-01 7.030584365845445882e-01 3.497838626483898983e-01 3.426773228057992116e-01 3.166416926182846758e-01 8.382432942764842301e+04 6.638031670268773451e+04 8.410194250943808584e+04 6.332691009534942714e+04 3.273094283346494326e-01
5.391818931076286514e-01 4.730225908305254467e-01 6.615060645373342929e-01 3.807475637635717169e-01 3.931137178368140361e-01 5.396485332931962864e-01 5.762733547515594967e-01 2.521407237151493027e+05 2.282645523480429256e+05 7.248943869253888261e+04 1.104435706223979214e+05 4.127023768662012593e-01
3.692691591372437299e-01 4.572119421243101556e-01 2.959133588120596570e-01 2.797450241648119507e-01 2.672443132649677811e-01 3.738947854514085289e-01 2.366798800187185914e-01 9.483943568439511000e+04 8.582339642494304280e+04 7.257505394581657310e+04 2.805244111763024557e+04 2.481443940494712230e-01
5.583849135536790298e-01 5.525774418269517874e-01 6.345022815408977168e-01 4.349069624307754234e-01 4.112704764752160846e-01 5.440657831305266701e-01 6.348036377950372344e-01 1.037790266676744795e+05 7.100721697638490878e+04 9.590838682288961718e+04 1.388368372223892075e+05 4.059171566481650228e-01
5.475313418246042785e-01 5.266081644739890599e-01 7.045690197610483541e-01 4.331536187698631357e-01 4.012145506979156728e-01 5.244403055691309046e-01 5.656699544492681531e-01 1.448792653537516890e+05 9.993299895356071647e+04 9.473739248280129686e+04 1.188273701192075241e+05 4.110845591815573408e-01
3.721934209986787478e-01 4.317170903918405300e-01 3.027108142280944270e-01 3.447967114519865928e-01 2.519153377113980130e-01 4.021199647749753026e-01 2.810865975506022796e-01 1.788407668360065436e+05 1.579283305400797108e+05 7.426781696541536076e+04 5.481539671255637222e+04 3.292299856026426608e-01
4.134651352025485727e-01 5.872125109507652096e-01 4.038516402465726629e-01 4.072703172349868561e-01 2.701237936639738768e-01 3.880458675990310913e-01 3.789063911221021153e-01 1.419127784460223047e+05 1.263968489697843033e+05 8.116439874431035423e+04 7.188979136558374739e+04 2.986067542707340761e-01
4.057902823776434742e-01 6.666576064393519019e-01 7.753716381319075701e-01 3.859460998804813414e-01 3.698301356103435578e-01 4.329202551211179251e-01 3.429643610227466333e-01 1.792862417873730592e+05 1.533670449873416801e+05 7.703826495154936856e+04 4.958380013234963553e+04 3.231741965992266374e-01
3.854456394815751197e-01 5.923939471701412662e-01 6.929686985759667683e-01 2.512203825467964613e-01 2.633714882393605183e-01 2.646707328167213769e-01 2.487406691437092088e-01 8.919911503980011912e+04 7.743252608374731790e+04 7.571627050431389944e+04 2.799250670860241007e+04 3.711584070196111695e-01
3.435087290181777497e-01 6.237883488519082587e-01 1.036260431415839955e-01 4.473863025162536089e-01 2.075718424787780514e-01 3.884317903290568919e-01 2.305346931227061358e-01 8.142141696271924593e+04 6.584572930867459218e+04 8.106278624823820428e+04 3.078526653802554210e+04 3.595756757708768458e-01
3.908562933419031382e-01 6.528924098081952954e-01 4.417802102390170904e-01 5.411163220646458827e-01 3.657143660892085424e-01 4.323233355611585393e-01 3.082024432119138679e-01 7.090260040111752460e+04 5.714057484378376103e+04 8.196755361223590444e+04 3.435334108836169617e+04 4.217691691777300522e-01
5.497053102088391707e-01 5.495751775726176458e-01 6.389174030354030087e-01 4.365257323304168602e-01 4.048645142760529669e-01 5.360117262457562148e-01 6.323782072215853312e-01 1.709140596048926236e+05 1.413451312448420504e+05 7.922458964947784261e+04 1.254635274378269387e+05 4.063507394116191995e-01
5.657840941097923571e-01 6.648088015017410424e-01 7.670822224813288459e-01 4.324853640585512027e-01 4.157313036046139665e-01 5.116084583131628172e-01 3.966453096022386493e-01 1.854041967494537239e+05 1.305259572760467418e+05 9.343564395182172302e+04 1.040630906055324740e+05 5.397207679061079011e-01
6.524183072140707917e-01 4.943757327129070234e-01 6.256097828286659723e-01 4.531671003453836000e-01 4.339641965452334382e-01 6.106475644978173190e-01 5.614031562335444203e-01 2.330345078127890010e+05 1.878177481809111196e+05 8.252700431609920633e+04 1.290523024667929130e+05 4.142147249475044424e-01
5.114344874738766533e-01 4.785865145883813065e-01 5.754260342189797539e-01 5.331847457036924531e-01 3.931977602613753731e-01 4.948705635008734949e-01 3.190417928530071556e-01 1.161117135780896933e+05 1.133086774473658006e+05 8.045861466316872975e+04 3.870781869911133981e+04 4.030732857405977532e-01
5.512589488084593814e-01 5.457766405159424350e-01 6.462242136347725596e-01 4.524113469103784313e-01 3.783178217552580769e-01 5.177468462484583478e-01 5.799540623275362128e-01 1.807950486318233598e+05 1.542972706261309795e+05 7.591583541261951905e+04 1.022927530935942050e+05 5.954325176562613731e-01
5.030540902591075225e-01 4.982349537884065982e-01 6.320942960365171226e-01 5.028904379269286684e-01 3.277027216771502549e-01 4.666541343203395864e-01 4.460067264199877868e-01 1.343057924506511481e+05 1.083993562181011075e+05 7.906402670327741362e+04 3.975863777870353078e+04 3.276864043328858722e-01
5.890938388008670756e-01 3.141599602835338234e-01 5.012864183911450722e-01 3.567429436253761743e-01 3.039169904700324554e-01 4.663185695198025504e-01 3.460756741183119711e-01 1.473354226087509887e+05 1.249421720837513567e+05 7.738740419966254558e+04 1.026544599611899321e+05 6.400865560479990224e-01
6.364286990557181944e-01 2.892186143260630504e-01 4.996701365199596179e-01 2.976714978282680724e-01 2.430839212257931425e-01 3.470977407579286522e-01 3.074448087053933132e-01 8.661093869965286285e+04 7.307011711625981843e+04 7.768662707476815558e+04 7.867074818665345083e+04 5.961633086107132051e-01
3.978831209257093215e-01 6.635699027942103534e-01 4.502962038087244268e-01 7.202590525656333842e-01 3.606396282770449324e-01 4.371512888598861890e-01 3.115578507634949035e-01 1.166119672941707686e+05 9.869223707909509540e+04 7.742867330432181188e+04 4.307408529279438517e+04 3.203531797902345879e-01
6.371177109735852717e-01 5.171114713015810826e-01 5.778270637069204962e-01 4.087260053367680057e-01 3.742965574422413289e-01 4.973142060147675569e-01 4.847681497669180106e-01 9.076708431163392379e+04 7.036912870884008589e+04 8.448647004885983188e+04 8.124381599280596129e+04 4.409190692731988492e-01
3.754081053138458857e-01 6.561835702116796121e-01 4.342156139326465158e-01 5.121879146514671799e-01 3.540256806479895046e-01 4.323523737785695542e-01 3.139282732465890069e-01 1.821302341954601579e+05 1.585808841379714431e+05 7.534123293238921906e+04 3.842805518832953385e+04 3.250149724154237640e-01
3.562360177003992545e-01 6.039205717579876342e-01 5.140637053641028409e-01 3.355819554593319487e-01 3.404386786435747991e-01 4.879018271723804534e-01 4.050777217371754890e-01 1.449747099730936752e+05 8.987916994113633700e+04 7.997971198167771217e+04 6.255773337638228986e+04 3.383372419382374985e-01
4.253326705641228278e-01 4.697979307804983073e-01 7.574263425944710582e-01 3.750150395648617629e-01 3.462933401726690508e-01 4.691891020387952693e-01 3.508193934325243846e-01 1.727512631810041494e+05 1.402924476705322450e+05 8.122594501646478602e+04 7.014664203729006113e+04 3.357326143517616601e-01
4.121339093973965251e-01 5.798345476608691706e-01 4.000029909564420394e-01 4.264251503768911045e-01 3.088644002813895062e-01 4.219442870299969228e-01 4.072462313109380672e-01 1.517437873606424546e+05 1.218709778770924022e+05 8.109431304612410895e+04 6.538563366169047367e+04 3.614180408225819985e-01
3.845544528159539621e-01 5.310368459571560562e-01 4.454420468934388033e-01 4.797842632837734378e-01 2.547625154649617585e-01 4.872045569797118225e-01 3.734594238649384113e-01 1.385551024721679278e+05 1.195087348304270563e+05 7.318551766060915543e+04 6.884281410408453667e+04 3.304556044257679903e-01
5.108008422353741418e-01 6.001044463540154972e-01 5.341281498667445060e-01 3.628511283749268346e-01 3.391475318193044597e-01 4.046244235138813372e-01 3.725207473654946200e-01 1.306658569895881083e+05 1.229780912557537667e+05 7.977405340715133934e+04 5.494711438555942732e+04 3.899764572487674497e-01
3.618314898088939024e-01 4.744425510829864967e-01 3.631614789036005098e-01 3.601059740725445213e-01 3.036517696801954158e-01 2.777963851325360722e-01 2.991363141485746113e-01 1.348244674937422678e+05 1.088906565241197241e+05 8.244870569900757982e+04 4.656725058542490297e+04 2.930924599403900155e-01
4.204545429103127008e-01 6.103706922105818222e-01 5.233640991142023413e-01 4.141622848901180820e-01 3.561690753641700291e-01 4.204604067791388733e-01 3.954368775182818818e-01 1.395869214704473561e+05 8.759383512415795121e+04 7.489625948545697611e+04 6.601022300102844019e+04 4.109674342608307107e-01
6.667197684166117355e-01 5.159117661888488193e-01 5.691558996222254585e-01 5.036139931684259219e-01 4.585808836034228619e-01 5.721983554514352699e-01 5.203247986405558079e-01 1.465281160864152480e+05 8.342143757174492930e+04 1.184213770692587423e+05 1.724564209317837667e+05 5.660859625275377338e-01
3.913293074556016826e-01 6.627257458908314414e-01 7.670240280615976403e-01 3.677335457692494369e-01 3.641710178904534745e-01 4.313952829054472637e-01 3.231581630517101900e-01 1.036167586825766193e+05 8.394021106215220061e+04 8.087894095814008324e+04 4.340933437371696346e+04 3.149910509417020998e-01
4.377892864173407728e-01 6.859040496786107388e-01 5.671357633404136012e-01 5.885270775765606421e-01 3.982292203576512923e-01 4.674287318375334732e-01 3.457030122519519355e-01 1.143553801919209363e+05 9.029357486793556018e+04 8.367658669986933819e+04 6.408336115731165046e+04 3.457822464330502221e-01
3.600952682216490008e-01 6.630671336610363120e-01 1.113546508803333890e-01 6.951184958819286441e-01 2.553274488418162680e-02 4.076361685416736713e-01 3.143028308407795901e-01 1.396674683435802581e+05 1.233817820387419488e+05 7.542294602142032818e+04 3.954232780445484968e+04 2.464977851801783693e-01
5.784692651157559151e-01 3.113144688021555195e-01 5.201306561266385575e-01 4.086052181354117852e-01 3.443458214049945343e-01 5.010122333350282009e-01 3.930999039150385177e-01 2.359152560147247859e+05 2.018594710623834690e+05 7.719393145526618173e+04 1.212868858748314524e+05 6.496431866448588721e-01
6.845523726088285077e-01 3.708844488419305030e-01 5.034133707699001148e-01 4.010476820756752603e-01 3.156519901781081883e-01 4.770173370623026488e-01 3.782468878290876635e-01 9.681847818718830240e+04 8.119740056141398964e+04 7.819446037218629499e+04 8.038948496807085758e+04 6.189944771965175674e-01
5.622662030416268886e-01 5.604679222839039632e-01 6.354394730952696024e-01 5.712717379586544908e-01 4.254781967548607602e-01 5.554584037474039615e-01 7.157524142029966230e-01 1.680002087529694545e+05 1.281842317933518498e+05 8.664295129633546458e+04 1.299740043125292723e+05 4.122829870818423559e-01
5.148883568695925561e-01 4.856381100669360240e-01 5.174916478565354527e-01 3.209003776104705219e-01 2.945972210345807474e-01 4.088560630543874863e-01 3.942506879192388403e-01 1.418489380344889069e+05 1.382375458193764789e+05 7.704949664985376876e+04 2.549163130040057149e+04 3.769969389695134732e-01
5.037221471412265394e-01 5.261799268989360012e-01 2.331363917961276344e-01 4.538241656354115583e-01 3.310471288844377691e-01 3.883212069690670787e-01 3.514800046303853676e-01 1.530277914987011754e+05 1.328215315296198532e+05 7.265181167083555192e+04 7.745806479341023078e+04 4.054848721567321235e-01
6.264401629955699269e-01 5.955099197487501161e-01 6.719088884111793503e-01 4.722758758976246529e-01 4.561186939874475876e-01 5.544514539495490890e-01 5.878447238436736999e-01 2.621087087712966313e+05 2.449554453913519974e+05 7.030719812106287281e+04 1.346783330522366741e+05 4.325656086493481212e-01
4.741635169578273246e-01 6.177996599611862427e-01 6.343297537256513685e-01 4.446175023550012484e-01 3.791875268632300400e-01 4.399206983098475354e-01 3.720042204586993528e-01 1.487860383961990883e+05 1.364470260407913302e+05 7.622878667918225983e+04 6.108664607639721362e+04 3.708546376940810019e-01
4.451516724484751997e-01 5.380243458942763901e-01 5.023636891039964247e-01 4.053015829582517493e-01 3.520747076196533709e-01 4.449977114080698737e-01 3.630506496008534811e-01 1.330531049027556728e+05 1.128955657063098188e+05 8.101949733967763314e+04 6.523696644666681095e+04 3.773076176456620079e-01
5.000980433474997433e-01 6.213688488206506877e-01 5.203677003474718177e-01 4.491579148747527617e-01 3.972400334801128863e-01 4.394260502060269302e-01 4.282125886846230300e-01 1.467931576760883618e+05 1.099180214198254980e+05 7.942910404867021134e+04 9.037804846479615662e+04 3.389546149106514861e-01
3.104399758219604788e-01 6.344586411523417402e-01 5.541392842600371127e-01 5.690695893732700128e-01 3.750705154230806748e-01 4.693971101815868074e-01 3.749933255794967724e-01 1.687008571325794328e+05 1.342291868797617499e+05 8.189108134250651347e+04 4.513783851107527153e+04 3.793718415264444310e-01
4.655073408423721082e-01 5.272710266866337259e-01 5.622412860334072837e-01 4.146979490311203387e-01 3.888979114647247437e-01 5.432418404567811443e-01 3.757598090288985504e-01 1.523697404671096010e+05 1.257062795452213904e+05 7.984998859031719621e+04 1.175913212957446522e+05 4.177505221720048678e-01
5.144459408772565912e-01 5.707615100482984483e-01 5.991376950035660620e-01 4.724863525611741610e-01 3.519759639560721132e-01 4.476799958225741727e-01 3.364562139413475594e-01 1.263409854802985064e+05 1.123425137449709291e+05 7.904710985859205539e+04 6.789610376220184844e+04 3.460122411503314677e-01
3.658338937394618462e-01 3.710622913145990021e-01 2.240742118131218430e-01 2.984588117487436687e-01 2.973113755664365532e-01 3.401383619864866148e-01 1.809566543046533804e-01 1.615220509867084911e+05 1.422675458663060563e+05 7.442685691913409391e+04 3.874797857002196542e+04 2.785454503606680787e-01
4.100131203786551159e-01 6.731311907650120441e-01 7.712131640717234671e-01 3.836336547683643627e-01 3.720471594967776907e-01 4.498526210222815735e-01 3.668413178792196416e-01 1.198963840596174414e+05 1.039892124276025279e+05 7.575954827972466592e+04 4.578468140008642513e+04 3.253331411859394229e-01
3.865720858541250027e-01 6.451738311618787636e-01 7.506841718130005114e-01 2.511527122243086829e-01 3.471296012342501847e-01 4.321288552378327874e-01 3.116396312546874658e-01 1.188738454786559450e+05 1.027976613741177716e+05 7.596621365406348195e+04 3.958042312856607896e+04 2.210359341583443826e-01
4.512306520181363911e-01 6.535323584436976141e-01 4.993053378868430037e-01 3.825708322428579833e-01 3.346187477398141485e-01 4.444253451496360530e-01 4.212925746953524730e-01 1.447858067591824511e+05 1.231018439150969643e+05 7.842573097310708545e+04 6.108471597737668344e+04 3.211176410260083158e-01
5.461700078868346742e-01 4.821761064256958051e-01 6.198559588644276808e-01 4.146364941159041972e-01 3.954955351640278005e-01 5.606419945115268533e-01 5.785072018222890966e-01 1.574603706399950315e+05 1.113560540276900720e+05 9.274731639972218545e+04 1.177314053762349795e+05 4.190714195119015772e-01
4.634392257090053091e-01 6.225953234406873538e-01 6.138107199758683352e-01 3.858698724521619772e-01 3.105230050521371465e-01 3.728934706659572940e-01 3.509384332130385253e-01 1.846942299500780937e+05 1.097044229693394300e+05 8.229729918495443417e+04 4.693285999765576707e+04 3.770339554175130559e-01
3.725521560005752297e-01 4.171045214317180561e-01 2.977077957933580987e-01 3.404726849484573381e-01 2.661581988832993351e-01 4.125499301776967553e-01 2.755950149799546445e-01 1.362812760866359167e+05 1.094913638990639156e+05 8.159400513628884801e+04 4.323529011563425593e+04 2.768623998626912885e-01
4.246907496468373400e-01 5.118599060544950508e-01 4.091730598505112781e-01 4.610616686674233744e-01 4.512816664358602625e-01 3.956837661569243547e-01 3.452427420450651097e-01 1.746243141766607878e+05 1.212205289665669261e+05 8.074531725623612874e+04 5.589156001376757195e+04 3.435901926865145284e-01
4.263525284935846815e-01 6.788671515618736052e-01 4.720606644161463583e-01 6.948342615946836442e-01 3.870128068679817845e-01 4.548433959185737008e-01 3.343721000147419908e-01 1.371474124640338996e+05 1.192883575561284233e+05 7.535471565431603813e+04 4.825543980878367438e+04 3.267672126927825826e-01
5.350579429934033682e-01 4.531521050764990566e-01 6.096158640827999964e-01 4.258357574844368054e-01 3.888212173920097547e-01 5.540813903793229134e-01 5.756390129280282153e-01 1.950073971561822982e+05 1.595279461214244948e+05 8.023258716765536519e+04 1.193891026579861937e+05 4.211710171935922897e-01
4.009447541597651044e-01 5.584516336840489314e-01 6.532002555163921587e-01 3.970383475775186577e-01 3.026928881194942411e-01 4.512834189093966053e-01 3.732322923760487687e-01 1.524971651975429850e+05 1.118703874435141479e+05 8.002961587253185280e+04 6.678593346164736431e+04 3.738037625987737367e-01
3.210907206056676233e-01 5.518169668793335703e-01 4.657895226320716286e-01 3.407987429103445098e-01 2.975824684195129688e-01 4.199356902014978465e-01 3.262210895409425881e-01 1.236604033826824161e+05 9.759329106419598975e+04 8.128903653893439332e+04 7.800795044309305376e+04 3.215447800657613708e-01
4.610943548565692995e-01 5.327237387135411728e-01 5.285196680127688396e-01 3.069890430450568086e-01 3.507263064654069229e-01 3.195080071363520791e-01 4.675911209897469223e-01 1.278748421925032162e+05 1.124664255368550512e+05 7.464330712811542617e+04 2.623338243701298416e+04 3.269010717405896327e-01
5.694841142957123292e-01 6.414160660925533053e-01 4.414996879487859127e-01 6.873512643467304395e-01 4.155567556353729763e-01 4.336313645769245273e-01 3.299903185243834303e-01 1.486569162807405228e+05 1.288165156166956731e+05 7.595394136494821578e+04 3.585524810079739109e+04 3.286662526075471713e-01
3.369007930226978198e-01 6.492482031283272059e-01 7.391278946599146860e-01 2.351220493035238723e-01 1.821747505361078490e-01 2.401550269663999815e-01 2.235712444243178609e-01 1.554930390237336396e+05 1.354255110390726186e+05 7.552291530567908194e+04 3.505115044813983695e+04 2.778380567149845715e-01
4.652408994490256355e-01 2.805769187752145122e-01 5.083811328937462015e-01 3.519636261950502831e-01 2.364788520213270684e-01 3.214082760659152105e-01 2.532748281542356317e-01 8.520618989960452018e+04 6.472981799201303511e+04 8.041399154742363316e+04 5.969750835346886743e+04 5.487431550559118687e-01
4.635646012205901778e-01 7.170202976796337113e-01 6.900300854115354321e-01 6.397041936944107832e-01 4.332755786357703198e-01 5.058167900943278950e-01 3.927490891603069856e-01 2.497027659849645279e+05 1.819149322575218685e+05 9.087250114231424232e+04 8.539451019065309083e+04 3.916682292425588963e-01
5.983753191763997448e-01 6.311739937151452651e-01 6.449600191393131121e-01 4.815292254424368701e-01 4.811520043394487689e-01 5.696551069496719188e-01 6.666787396803569576e-01 1.846487287999698892e+05 1.282416819286022364e+05 9.468825118921030662e+04 1.478794700998413609e+05 4.337823369351297975e-01
5.870100408850870144e-01 5.911841015806283961e-01 3.787881833944040655e-01 8.806867294330106288e-02 1.991131014093831253e-01 3.224350726853490445e-01 3.439411353622721101e-01 7.196469719691621140e+04 6.653820332204429724e+04 7.149237030658141884e+04 1.172526854114367598e+04 2.413069638026145436e-01
6.235719346464136947e-01 3.420594015104675978e-01 4.647326475381268751e-01 3.755080722943509586e-01 2.896698782121370774e-01 4.211781671795920001e-01 3.774345950451667431e-01 1.105581706145256030e+05 9.301714638292948075e+04 7.808286483007331844e+04 7.996956382996377943e+04 3.033846319340484099e-01
4.458336037280278830e-01 6.617125569128732288e-01 6.903102692347037328e-01 4.017876821378674190e-01 3.953596470080084080e-01 4.669591376904139723e-01 3.557325103796704080e-01 1.426098080033303413e+05 1.229433103459826671e+05 7.646818552785049542e+04 5.284564819013231318e+04 3.649539501691319021e-01
3.980639734390638562e-01 6.661920696596755898e-01 7.671031512724852952e-01 3.653959446582717430e-01 3.674537747235910312e-01 4.343501879489868323e-01 3.285950424106317547e-01 7.609540563180683239e+04 5.824715818581833446e+04 8.572432962766410492e+04 4.280560289806059882e+04 3.214498940702583685e-01
4.327364901904652839e-01 5.696515746903145772e-01 3.804082128124821605e-01 4.664577536598477070e-01 3.486310171260822433e-01 4.246633670927787430e-01 2.966312439509799503e-01 1.548291858753105917e+05 1.123161077342037170e+05 8.085295012559712632e+04 6.734261661658209050e+04 2.998035545172824112e-01
4.319358438524208976e-01 5.740008277477230969e-01 1.724516812137570632e-01 4.588071863982762233e-01 3.173195378230977970e-01 4.329456208646970117e-01 2.255250604183603180e-01 1.472981248000695487e+05 1.293316961293437489e+05 7.514070906497928081e+04 3.992452802314199653e+04 6.016290207244119337e-01
5.482721182744665356e-01 5.530975676142939612e-01 6.369313239177674113e-01 4.333039372808659140e-01 4.092593775690080982e-01 5.345595564809255684e-01 6.164908653106402348e-01 1.355807714932687813e+05 1.048426893435186357e+05 8.467830508011877828e+04 1.264302255944739591e+05 4.008277927170892929e-01
5.603628196732725053e-01 4.919856907077942987e-01 5.078187687215889312e-01 4.001998674068718009e-01 3.738613518329064189e-01 5.384643926406004200e-01 5.075133990562799013e-01 8.720175067261845106e+04 5.630851447726705373e+04 1.023158209857142938e+05 1.224062477713032276e+05 5.238782768722449745e-01
3.805981987949406675e-01 6.557683865693043623e-01 7.589857923675823459e-01 3.592806945496747062e-01 3.544488534100817545e-01 4.238252581909341399e-01 3.158824164705825166e-01 1.207910273917836748e+05 1.046050433833092975e+05 7.567046849586252938e+04 4.158298910708638869e+04 3.096360644125919492e-01
4.417757476023427832e-01 5.458571939190147715e-01 6.369621226423020088e-01 3.412884905878460495e-01 3.496841105564330587e-01 4.245045356161286088e-01 4.522802988018645998e-01 1.182859968632879900e+05 6.946830997583655699e+04 8.571294582543626893e+04 9.511025540886374074e+04 2.208109057039712719e-01
3.912911466897701085e-01 6.159035034973833200e-01 4.332681960999101856e-01 4.237437261953522771e-01 3.989016017124704105e-01 5.090256092553399059e-01 3.614719642916701670e-01 1.480555339123827871e+05 1.081280610160180513e+05 7.665819303476583445e+04 7.504845359568858112e+04 3.548710000813091736e-01
4.710363340385652631e-01 5.593131939469980773e-01 5.788783128304276770e-01 4.786374979131774454e-01 2.749098803439134486e-01 4.086769320645414760e-01 3.591694903693723462e-01 1.394842964796292363e+05 1.125835990596892661e+05 7.951868488012891612e+04 4.156569470980076585e+04 4.188396491356914386e-01
5.323660635078898418e-01 6.108943401612880741e-01 3.306679878062288025e-01 5.269001391470204965e-01 3.146596039683706714e-01 4.277968574056581486e-01 3.192239771031004092e-01 1.478368378832043090e+05 1.031667376160609419e+05 9.528521903583858511e+04 1.012470737164276798e+05 7.056848546184548709e-01
4.648031026935960375e-01 5.952647080700513849e-01 5.845018878297673082e-01 3.483397687721804248e-01 3.153382423694301440e-01 4.536257377400483848e-01 4.216092236457941178e-01 1.411227724033107806e+05 1.066747988821609906e+05 8.082023397820453101e+04 8.012151837017096113e+04 3.367969544973957730e-01
3.237145458691714772e-01 5.307171626608181425e-01 6.156040480435051032e-01 3.237467102133188557e-01 3.259662852340340367e-01 -8.495872454377076388e-02 2.516339208179305120e-01 7.561679963033461536e+04 6.691281658030077233e+04 7.407288935498306819e+04 3.629467059671002062e+04 5.220195777792977498e-01
7.146765651436507438e-01 6.998652808278371662e-01 5.517819118934310652e-01 6.091387918292658910e-01 8.351559756584228111e-01 5.194529084392912610e-01 5.230410360885211496e-01 8.928836801887355978e+04 7.401213526771136094e+04 7.797826532404088357e+04 4.969721342142163485e+04 5.577196903631272962e-01
6.859920417472185061e-01 3.477520893765881915e-01 5.386331538817605846e-01 2.829466970060237965e-02 3.367008291195522918e-01 4.869400059312974927e-01 3.992159291942327659e-01 1.300039557281740417e+05 1.051877001075261505e+05 8.025632497351264465e+04 8.981324066171768936e+04 5.863824607426608715e-01
9.020328456005635709e-02 8.534731446353831241e-02 2.182019674708950419e-01 1.505378811221145530e-01 4.055818537473661611e-01 -3.280291281990530688e-02 1.550497509141823271e-01 6.621486828534834785e+04 5.395606525592969410e+04 9.612738117889022396e+04 1.533702680323709501e+05 2.090085870483945618e-01
4.119637360945959115e-01 5.084693797173850394e-01 5.725604094276478540e-01 4.290812587290318003e-01 3.220867773973615789e-01 4.593345001875229761e-01 3.805192636023535524e-01 1.200339339591253956e+05 1.038258004259501176e+05 7.968401699432004534e+04 5.466860294757601514e+04 3.142106531393096813e-01
4.100413678877966595e-01 5.438837772519238278e-01 4.250350610276229513e-01 3.692910454505310969e-01 3.542367159748914807e-01 4.467432482468641775e-01 3.419850017394492347e-01 1.925782055605883943e+05 1.560860896995474468e+05 8.125480174281827931e+04 6.923715071510904818e+04 3.130190006761776056e-01
3.234330714628324555e-01 4.475409473685305062e-01 1.602336777648895594e-01 5.957111270773151057e-01 3.507752696376394974e-01 4.444453293994422571e-01 2.627938684097256838e-01 1.456149066573422460e+05 1.182762508632708777e+05 8.072241514368662320e+04 3.033878756943036933e+04 1.826997700774271871e-01
6.981709556269209971e-01 4.134727196346998368e-01 5.118245692849493489e-01 3.774605367300333247e-01 3.172374511904505479e-01 4.715176162288646777e-01 3.762612370552006480e-01 6.167103592544145067e+04 5.013327506148561952e+04 8.066411510649039701e+04 6.521164530749865662e+04 5.932954543978261608e-01
4.928299242187616502e-01 5.961126213417529129e-01 4.119743484732960592e-01 4.503499827072041661e-01 2.801864446451046153e-01 4.676727754828239325e-01 4.426485526504624346e-01 1.573554952868929831e+05 1.379672975119231560e+05 7.609943692690091848e+04 8.057557726041197020e+04 4.376873033732869844e-01
3.820636328868474152e-01 5.323910529537607683e-01 5.349488219754594542e-01 4.487364571582913575e-01 2.907305068003162574e-01 4.922512518383965197e-01 3.672860144174388553e-01 1.463387479809052020e+05 1.212313886008965055e+05 7.658801062587076740e+04 6.870396227577967511e+04 3.722503303487774140e-01
4.432728015282340062e-01 5.778147592255524767e-01 5.306573687578264309e-01 4.433333087727463484e-01 3.486350327628175982e-01 4.180161913731090806e-01 3.109543851856350627e-01 1.381531529266965808e+05 1.148902805679167795e+05 8.008400898948516988e+04 5.589864003327427781e+04 3.394144970552653851e-01
4.564729529013943354e-01 5.608591753125066193e-01 4.902573785717517230e-01 3.724483377218551494e-01 3.451638023541292455e-01 3.915841469570777167e-01 3.744606926649912126e-01 1.541912003161903995e+05 1.143484500846539740e+05 7.847992699187240214e+04 3.800630849752637005e+04 3.765127005355798917e-01
9.485670324867300218e-01 3.984797775785905438e-01 -2.707189050114284720e-02 6.449844135365562225e-01 5.810628783197113734e-02 9.395432603502845703e-02 2.596298015622517941e-01 1.183346722539276088e+05 9.496833915410075861e+04 8.100253434799768729e+04 3.194446558445156916e+04 3.434795194492526460e-01
7.486701603618596268e-01 6.192029596778684253e-01 5.972152426828719607e-01 2.060220352759294105e-01 4.313771862421456604e-01 5.161261530967635736e-01 4.374842857507851290e-01 2.286257208775766194e+05 1.912950760694574856e+05 7.954517398611822864e+04 7.487277093107831024e+04 3.870128403124478700e-01
4.727414019213027618e-01 6.196132750897794805e-01 4.919415974301730166e-01 3.457918728247051376e-01 3.200874001029251348e-01 4.477650673786387481e-01 4.272608853256181227e-01 1.521886057292181067e+05 1.085568223919100565e+05 7.915121085382500314e+04 4.431789006751200941e+04 3.113406073355848847e-01
4.592510947492478568e-01 5.547282909710103960e-01 4.589175819676598600e-01 4.086694306416302491e-01 3.020668352191718253e-01 4.652145685688673371e-01 3.328526853916104478e-01 1.585732599024091032e+05 1.195628968461370096e+05 7.920641496673948132e+04 4.789349962874236371e+04 3.891963694736905732e-01
4.291413521593410163e-01 5.411653641869985654e-01 6.016044538503572126e-01 4.549325655648731592e-01 3.405305381871449044e-01 4.998322597539734402e-01 3.030931631004436522e-01 1.379236482901999261e+05 1.021366670040844328e+05 8.140792513000663894e+04 3.830367865864998021e+04 3.512238038684552532e-01
3.735220760907116411e-01 5.587102209805484554e-01 4.826880004625396237e-01 4.226083944361658795e-01 3.227721383697836899e-01 4.550593441771402792e-01 3.833851988727082216e-01 1.083024195117098716e+05 1.168804012393307057e+05 7.482906021181037067e+04 5.983089243701642408e+04 3.832434420933445995e-01
6.978677778773328955e-01 3.141097676353961088e-01 5.079293008433103385e-01 4.251533424341696343e-01 2.869327235289599320e-01 4.649036573236625669e-01 4.207191007640625480e-01 1.368952825434146798e+05 1.150111931293882371e+05 7.849937727236282080e+04 9.122436430801180541e+04 5.870642182223293482e-01
4.343143538895363753e-01 6.399036068113960196e-01 7.020887714844320504e-01 4.200694335133423607e-01 3.335881559110689398e-01 5.620878524543525545e-01 3.408272320697520730e-01 1.457878402609369950e+05 1.042604073716473795e+05 7.317705934415994852e+04 4.706399701238595298e+04 3.160819608635138667e-01
3.443517600455328620e-01 5.756415668744373493e-01 7.082544944450126501e-01 2.892523115022864189e-01 3.002719077064563424e-01 4.077821707942010376e-01 2.732324362738529078e-01 1.124455907917577424e+05 9.883006027588337020e+04 7.460555147160877823e+04 5.365550554323864344e+04 6.248347254283550534e-01
4.269115028865674843e-01 5.301172472196923335e-01 5.764575603788465452e-01 4.716616082820079270e-01 3.445618438699624697e-01 4.512215126540990440e-01 3.023911294121174320e-01 1.232063871513404301e+05 1.149408199711644265e+05 8.119256636319970130e+04 6.501942738087898761e+04 3.427471340623222118e-01
5.251948898735697702e-01 4.575558412692524723e-01 6.052070456814512278e-01 3.907437276710320484e-01 3.526981463173561870e-01 5.495595662401624448e-01 6.025370333583912608e-01 6.859073103611927945e+04 5.130375933709029778e+04 8.822841406725785055e+04 8.830860034938465105e+04 6.552648092034958349e-01
5.017313899241421238e-01 5.082738384256619835e-01 6.448556853006887080e-01 4.186996057943578875e-01 2.765923826130247121e-01 4.228083514391716702e-01 4.383758505736336519e-01 1.363989316934229282e+05 1.078870600840430270e+05 8.191755683891985973e+04 7.310220531104033580e+04 3.563778482479708631e-01
4.418590098534317945e-01 6.580931754306399428e-01 6.543757079568429669e-01 4.401335935446940018e-01 4.282387655614364741e-01 3.972418315556633939e-01 3.333103377563933489e-01 1.252749753957093635e+05 9.410062166118886671e+04 8.193946814210624143e+04 5.507479866551500891e+04 3.117993299966360654e-01
5.243392656580043720e-01 6.200027793899829387e-01 7.366620475630790699e-01 4.698887621482505939e-01 3.467223657493561650e-01 4.135004314315643414e-01 3.129113366712003574e-01 7.008493237493364722e+04 1.307468850463308627e+05 8.075829207928053802e+04 5.583457567580987961e+04 2.219932798200327795e-01
3.681286235417402519e-01 2.369903254421975025e-01 2.933883523994296749e-01 3.084994580458639279e-01 3.076311162929089571e-01 3.303150351453756350e-01 2.619061306606179640e-01 8.576107703454759030e+04 7.408987567036045948e+04 7.529202085265146161e+04 1.240713476989655901e+05 3.119025445175104272e-01
3.967310347723390085e-01 5.500224000951895453e-01 6.138792184797732254e-01 5.079406684472993483e-01 3.626668415054277173e-01 4.122559967907677980e-01 3.162377296331186360e-01 1.156205343535764550e+05 1.122286586832325411e+05 7.981257546047968208e+04 3.703048928268690361e+04 3.955293953802542228e-01
7.311090526702844761e-01 3.901305683541306246e-01 5.054571381729736634e-01 1.488050504507445748e-01 2.576048895915111769e-01 4.720067399146963272e-01 3.681787984729290586e-01 7.338365115518403763e+04 6.087990038953927433e+04 7.910452377829416946e+04 6.703579857756638376e+04 6.066327445762861315e-01
6.882185065975248150e-01 3.312896118219832986e-01 5.182687163711892087e-01 4.338794347559030706e-01 3.073491398618199422e-01 4.959284805503523241e-01 4.212471126342748340e-01 1.444956798303560063e+05 1.226302843311001780e+05 7.740026354754049680e+04 9.171717611722665606e+04 6.597059326290142245e-01
4.260318556144550572e-01 6.243084153796347735e-01 5.822879021485303230e-01 3.703364814840793273e-01 3.329840178286510022e-01 4.538965629519872702e-01 2.671881158271039447e-01 1.180354741515085916e+05 1.061169184883231355e+05 7.765147958527319133e+04 4.349775493318690133e+04 3.519837111027644960e-01
4.575022737733849820e-01 7.124905475108462838e-01 6.726142468302129807e-01 4.441851186361598369e-01 3.036350178016072321e-01 4.136157103053351713e-01 3.181607333459089970e-01 1.246206578952310811e+05 1.129353850070082990e+05 6.973475511644160724e+04 3.806081503276630247e+04 3.732959437168253403e-01
3.912613885072267483e-01 6.571098691072786435e-01 4.384169324999361850e-01 7.346023926281187721e-01 3.314599563409483807e-01 4.463622933426987793e-01 3.099894854354357521e-01 1.065575353055217856e+05 8.216375501160572458e+04 8.518227650302842085e+04 4.482156297255963000e+04 3.273394009127450488e-01
6.884852534339700458e-01 5.992486806429906387e-01 6.606917981659615746e-01 5.432435528562382654e-01 4.651338828853427421e-01 5.941282022359083426e-01 5.710991483335119412e-01 2.619809278307388013e+05 2.327228808297412761e+05 7.445884427661093650e+04 1.864493613406626973e+05 6.347887474477263980e-01
5.682660208850538464e-01 4.796405007546948873e-01 4.633295063933923208e-01 3.286115648648014198e-01 3.414753756620211300e-01 5.483663704047299081e-01 5.220357672341574551e-01 1.730593015894807177e+05 1.411368956779068103e+05 8.089616502862806374e+04 1.051019735766086233e+05 3.967463053864050959e-01
3.731427627352196796e-01 6.332772228307570472e-01 4.925210255097991485e-01 3.463170770872198156e-01 4.334869975225902339e-01 4.234343499234315411e-01 2.349585350461492472e-01 1.403113282596538484e+05 1.274929885622302827e+05 7.818012720810742758e+04 5.775237996561935870e+04 3.680474476403615136e-01
5.055777952693998323e-01 4.039931624084821538e-01 2.764440706694193950e-01 2.492959070849281866e-01 2.446678910571978838e-01 3.692716972108691653e-01 2.363589404455041232e-01 1.456322675493812130e+05 1.276883333413225628e+05 7.481153443736842019e+04 3.076288953042765570e+04 2.430292668098985587e-01
3.807014393607430769e-01 6.411162933165257538e-01 -5.858337763404630749e-02 6.961249106829392463e-01 2.195164227326971973e-01 4.246564853735365630e-01 2.690922818869300182e-01 7.493782107449565956e+04 5.448231389774661511e+04 9.055689231582624780e+04 5.282709524239278107e+04 2.852526007804393471e-01
5.110238214289293257e-01 5.200796294805842823e-01 5.818214519178536159e-01 3.943003030105310946e-01 3.633814521744698767e-01 4.450497951870261981e-01 2.818156594525763614e-01 1.351141836686168099e+05 9.130604646829389094e+04 8.062474788442807039e+04 6.693029016801760008e+04 3.431216430877443435e-01
5.004010167743753179e-01 5.473439881679539321e-01 5.211967412874635164e-01 4.784426567307898392e-01 3.066862484561745372e-01 4.734250258982497517e-01 3.517958238756829781e-01 1.143300206140863302e+05 1.036905815061272297e+05 8.001603414757644350e+04 6.121812472914007230e+04 4.099372024246715762e-01
4.076888597806112013e-01 6.150817735375208040e-01 5.339750983501041492e-01 3.979550172574603528e-01 3.384003153159632626e-01 3.926918875912502327e-01 2.872276265679515328e-01 1.359656221034907212e+05 1.251694319590781379e+05 7.750495719106936303e+04 5.050715275465847662e+04 3.348458017079258275e-01
6.547606279868649626e-01 5.634674438756297477e-01 6.378405525514850849e-01 4.788603578153347029e-01 4.330746335014638015e-01 5.640171214415682366e-01 5.853460432233423827e-01 2.196001870378967433e+05 1.537411068052366609e+05 9.376282170430289989e+04 1.601988115377323993e+05 5.473093865951488279e-01
5.757622628074294813e-01 3.742071456544872055e-01 4.311992235121186456e-01 2.804172259172450499e-01 2.240858898242179265e-01 2.091303034269239858e-01 3.939271345831255045e-01 8.828517781302858202e+04 7.098553359293169342e+04 8.202924356150967651e+04 5.140874878175703634e+04 6.498510142316437088e-01
4.138751537204270470e-01 6.887259125142315419e-01 4.615738454385557854e-01 3.772682208307889806e-01 3.854448247118200666e-01 4.553894560276410819e-01 3.320264115069745392e-01 1.065036252742451179e+05 8.630964499112303020e+04 8.098450576403620653e+04 4.667537709484452353e+04 3.180410047485425218e-01
4.352804084132594897e-01 5.751042481483886748e-01 4.540630869870097563e-01 3.883294246037886088e-01 3.766935800123319411e-01 4.366583392080245485e-01 3.735912309421929867e-01 1.171502452949809085e+05 1.107546306294142414e+05 8.073488400811726751e+04 4.830130736368954240e+04 3.911252776544841270e-01
4.025158640792873554e-01 5.148727580189078612e-01 4.131268758663613205e-01 3.582959799539062185e-01 3.324821413739357245e-01 3.664002129660883789e-01 3.762230713387856307e-01 9.751413118353446771e+04 1.101512053813221428e+05 7.413068204683200747e+04 4.021799141010854510e+04 3.727191640854988219e-01
4.505309676223207549e-01 5.976091735617695688e-01 5.841089614899280802e-01 4.887232449224270248e-01 3.549225489177283976e-01 4.275381847606980479e-01 3.773326099442320669e-01 1.279008291793655953e+05 1.176580171164583444e+05 7.579222078280120331e+04 4.478753458179911831e+04 3.219587491269825241e-01
3.645890060532296917e-01 5.665623406517691363e-01 1.158939550586875616e-01 4.730606219697315873e-01 1.907764753782903722e-01 2.184967457588656015e-01 1.994613786342240846e-01 8.970921459692076314e+04 7.907490558786662586e+04 7.453473531546395679e+04 4.028582345446750696e+04 6.314507629614370954e-01
3.728152588383780164e-01 4.355894923283775699e-01 3.370959575646255701e-01 3.269438655732168075e-01 2.672981027446350577e-01 2.296989814798924556e-01 2.500032872102306847e-01 1.170512372702241701e+05 1.015312393769709015e+05 7.574104662906327576e+04 4.765198081925557199e+04 5.894952972899945021e-01
5.763500520118388648e-01 3.505473265931803306e-01 4.321242476496099938e-01 2.951361233331307177e-01 2.575339268906561285e-01 4.287889542481480576e-01 3.389476595012482774e-01 5.093747831855834374e+04 4.263083064685325371e+04 7.832371788983519946e+04 4.746851681497603568e+04 5.649284282804917234e-01
4.204727907214689253e-01 5.588941414157417853e-01 5.677949649009916833e-01 4.238135909196796280e-01 3.655898374601274092e-01 4.181316394385006241e-01 4.207032885477803297e-01 1.599662461922322109e+05 1.169246953477371280e+05 8.080718205126769317e+04 6.191222322467774939e+04 2.907106306413079211e-01
4.766697887761802144e-01 6.129873647200861919e-01 4.889513896765494971e-01 4.595066252506657123e-01 3.336904987792375654e-01 4.033991830220427510e-01 3.542365356331876325e-01 1.297631056861037505e+05 1.062136297057493939e+05 8.023028438715309312e+04 3.682854946368352103e+04 3.021771765049194314e-01
5.382525441069482275e-01 1.353624063277731882e-01 5.252120821353684077e-01 3.286678934893652038e-01 2.559254605259071447e-01 4.270154094402409117e-01 3.311357905034683080e-01 1.476463004215867550e+05 1.274685508197025338e+05 7.599485504888152354e+04 9.162720903803223337e+04 6.914033434167110581e-01
3.881832991908165664e-01 6.390584652624066164e-01 4.261894220535786260e-01 5.465791579308841852e-01 2.796371818968049761e-01 2.544579785103368574e-01 2.881320367136869787e-01 1.226027198505009146e+05 1.042882518675518950e+05 7.746025780714119901e+04 3.846829184901806730e+04 3.054595434319400393e-01
5.743678332922216301e-01 5.647820824631523129e-01 6.807044369215974333e-01 4.681461113101880178e-01 4.494841135664105480e-01 5.461479655099291675e-01 6.013306556534927516e-01 2.286769288252710248e+05 1.727339600497154752e+05 8.696740202071657404e+04 1.198199235746710765e+05 4.286305201213289617e-01
6.912777925218561714e-01 4.964178470587926051e-01 5.313187492774240628e-01 2.664504242384037047e-01 3.619419829906503350e-01 4.838394872911044864e-01 4.500048840881322731e-01 7.157643205196215422e+04 5.003242433383027674e+04 9.415230113005031308e+04 7.585607285266378312e+04 4.040612943750415686e-01
3.695815312885158410e-01 6.610511827990034339e-01 5.877027982485525381e-01 5.313814056145492737e-01 2.512163844043881489e-01 4.202338665040256660e-01 3.211211875620705869e-01 1.196921744443825592e+05 7.875680052616767352e+04 7.195581766269830405e+04 8.563649789813940879e+04 4.252279373128040607e-01
6.824448483439824464e-01 6.702680145574668735e-01 6.209543321833802532e-01 4.352551274430179751e-01 4.698419729444588966e-01 5.266108306690084895e-01 4.960119504950087355e-01 2.051026376729140466e+05 1.647956313061452529e+05 8.185672450768102135e+04 8.395549078749638284e+04 3.864690941625931186e-01
4.191673124728611532e-01 5.522053234356965046e-01 5.439827832134489505e-01 4.675698747133114619e-01 2.700021273013817891e-01 4.891817816107999484e-01 3.741574051816967117e-01 1.428688256396188808e+05 1.072790470066374983e+05 7.370692379138985416e+04 5.364395088717890030e+04 3.337688824377423868e-01
5.027186212588640180e-01 5.884640893107744297e-01 5.985794250312586051e-01 4.489456169952819597e-01 3.504092850921873836e-01 4.412159546721570735e-01 3.400963505524249308e-01 1.093195894731124135e+05 9.397201404159258527e+04 7.639375870558008319e+04 6.304005094080741401e+04 3.869661475676342555e-01
5.391845785043534178e-01 6.119061077859873077e-01 6.564861048543899624e-01 4.169005369774088088e-01 4.418215451088678969e-01 5.155052497156007441e-01 5.298728865554985790e-01 2.111343472628410964e+05 1.766930804765078356e+05 7.848490948102744005e+04 7.309739768906771496e+04 3.792337636269703660e-01
4.555501904644744804e-01 6.835812780236402153e-01 6.487193992997323244e-01 3.664472823794794332e-01 3.598654594759297942e-01 4.364798220484019109e-01 3.757391346428592405e-01 1.598117263418985240e+05 1.204939709608393023e+05 7.173289003248674271e+04 6.847019969794631470e+04 4.556810665975002395e-01
4.060856299162445837e-01 5.651709814149783462e-01 3.744579894014279375e-01 5.021753687906415076e-01 2.880355636047995382e-01 3.832983195966593870e-01 2.559305782754346947e-01 7.074513818780184374e+04 6.103422469226838439e+04 7.605636226309213089e+04 3.912737660461504856e+04 6.263331239481557677e-01
3.490156887693565135e-01 6.346273459510579640e-01 4.008847008256655187e-02 5.939261879705294289e-01 1.867002612526867666e-01 2.183303886501939406e-01 2.064973429109601688e-01 1.261070969241880666e+05 1.107974069382025336e+05 7.472833763744011230e+04 3.491104029592322331e+04 2.816709358829866394e-01
4.621976554252786862e-01 5.086020538489453013e-01 2.761821142978371779e-01 4.636238774795329864e-01 2.279186686203146794e-01 3.886982094108453190e-01 3.889391345306838499e-01 2.579129095411428716e+05 2.443065197398183809e+05 6.973342113796241756e+04 1.015299429632105312e+05 6.818588734374684268e-01
3.632716234181640469e-01 3.446204469468730491e-01 3.284778609627319046e-01 2.745930107083361382e-01 2.894509120305444050e-01 4.233942430560383996e-01 2.674084989962793868e-01 1.237795394870837044e+05 1.061767860235713451e+05 7.668741698554612231e+04 6.865724853068027005e+04 6.488436757998843341e-01
5.154877844855457747e-01 6.703015066313620096e-01 3.201902455256954716e-01 5.761656322839902034e-01 2.307981769783479242e-01 4.679994098247969858e-01 3.070902113540193712e-01 1.960025585463155294e+05 1.297373575391060731e+05 9.981095329209510237e+04 6.794656406123813940e+04 4.623142729079031676e-01
5.084597626532153525e-01 2.728572554839444053e-01 3.832861400751471637e-01 4.521669287598871767e-01 3.734219535906095344e-01 5.455904297785667545e-01 3.564812446595878037e-01 9.648653676033523516e+04 8.384358337511227001e+04 7.659703793807217153e+04 4.668165341815639113e+04 6.597431852809709785e-01
4.349318482363472849e-01 5.611218018025979637e-01 6.090012027388176374e-01 3.851736102979126941e-01 3.195278111689902611e-01 4.691731206160410506e-01 3.228369215092100619e-01 1.065725437042761769e+05 1.144255727970389416e+05 7.949356165040830092e+04 3.154789025764507824e+04 3.723240551354149441e-01
4.486428269067964658e-01 5.321685284123711668e-01 3.560127847381470700e-01 4.292992436462864103e-01 2.956436844479859438e-01 4.311526823477309645e-01 3.318243253879580856e-01 1.339112939220484113e+05 1.073331324590403092e+05 8.448522254331377917e+04 4.617153201159874880e+04 3.387047220607689590e-01
3.452352817912081595e-01 5.560196773844057194e-01 5.788338993637114349e-01 4.595867009311108142e-01 3.632708129746158865e-01 4.625731884240850689e-01 4.184539989022882378e-01 1.262976141266058985e+05 1.006654184155629046e+05 7.298473741531485575e+04 4.072124402458186523e+04 3.801883866675440649e-01
3.483243070946132613e-01 2.697763138692735874e-01 1.905784550045142023e-01 2.557199325409674207e-01 2.319173186499225991e-01 2.388455826519970127e-01 2.288399966590698720e-01 1.080474365189454111e+05 9.346691900222148979e+04 7.607180651648312050e+04 5.702478761384532845e+04 6.559984799007742007e-01
3.670259336240460635e-01 6.389459976382074746e-01 7.422640366326999084e-01 2.836241178601037749e-01 3.461670411030013939e-01 2.334076191961010349e-01 2.979089599401607003e-01 1.399769479878087586e+05 1.237698574740345066e+05 7.424680990530760027e+04 3.526252132444996096e+04 3.114709352388000396e-01
4.630443557892296447e-01 5.296517728327803098e-01 6.481090117266812278e-01 4.852844427340011202e-01 3.394880638999716038e-01 4.594620289665922175e-01 3.531963951632748344e-01 1.363153580062959227e+05 1.005806346323130128e+05 7.696011515248801152e+04 6.712001894497615285e+04 3.203869896981006993e-01
3.960107638493859383e-01 5.467048034591506234e-01 6.468437226834974352e-01 3.745524099995270473e-01 1.654202787909876404e-01 4.281368087869231731e-01 3.113418596095034463e-01 1.181847349010805774e+05 1.001386513601481420e+05 7.381375379786948906e+04 4.395151500071066403e+04 3.905065010157598993e-01
4.099352203663185756e-01 7.067492199630804883e-01 4.796118074833479739e-01 3.851726108406831606e-01 3.951843441175612592e-01 4.639809031280481277e-01 3.423025586971783496e-01 1.378600116757139040e+05 1.196226726724983309e+05 7.558254904466187872e+04 4.746672065739856043e+04 3.337107438237340018e-01
7.194941882955742107e-01 5.337102212095752307e-01 5.054454339172951283e-01 2.813083366931248275e-01 3.328513020126848132e-01 4.095314642882482148e-01 3.569024212388072215e-01 2.330930501802716462e+05 2.073378375680881727e+05 7.404010525348376541e+04 4.440885816825976508e+04 2.929635015465461567e-01
3.827618377591203713e-01 7.056729299478089468e-01 6.131127434127809916e-01 4.425987685730712884e-01 3.297258204664852421e-01 4.159280467814900906e-01 3.645384816403515194e-01 1.284604617827246693e+05 1.037554761304836720e+05 8.073990129300284025e+04 6.965756349403224885e+04 3.057529435256835515e-01
4.521641905598665634e-01 5.962558155441062269e-01 3.859503818839849498e-01 4.528137326717346922e-01 2.811091319563535640e-01 4.610340695353755680e-01 3.407073421702790927e-01 1.071045705074880243e+05 9.067851262180600315e+04 7.257847421200927056e+04 7.796256023926388298e+04 3.097557664059487070e-01
4.715117644307522116e-01 6.015396920334074027e-01 6.489334752540453222e-01 4.224423417566715022e-01 3.602391378927635168e-01 4.448694726544633049e-01 4.184550435122027512e-01 1.185887901094107947e+05 1.242251545049883571e+05 7.477123612349365430e+04 6.744956192645983538e+04 3.615308428833448051e-01
4.794594449051173268e-01 6.502224182221568727e-01 4.371318816058723522e-01 5.229827721667008600e-01 3.765299371984765497e-01 4.195875749177496727e-01 3.848718595061692005e-01 1.323501581482032780e+05 1.240670659735408553e+05 7.878883364187435654e+04 6.441597864081394800e+04 3.926993915613836150e-01
4.599692978287651113e-01 6.053442269158773037e-01 5.511297431252212276e-01 4.355967225743654359e-01 3.082486748588966763e-01 4.508908742673235492e-01 3.260054980993450369e-01 1.369891493624896102e+05 1.284264761263424734e+05 7.958986003030612483e+04 5.637340258075138263e+04 3.598157046338467113e-01
3.001400419746673154e-01 6.386270673019529553e-01 6.401022837933942888e-01 -5.114169265645462231e-02 -1.581067725063388732e-02 9.941141200470385297e-02 8.684826963842068315e-02 7.077873706899424724e+04 5.365080434739778866e+04 9.331789686982888088e+04 1.573674119882780360e+04 3.214620339232709956e-01
5.299437153013368818e-01 5.308643707730673622e-01 6.615643563456313769e-01 4.159142733673263370e-01 3.887612858647722103e-01 5.349481678824963282e-01 6.167132147551442900e-01 6.358233623079657264e+04 4.570599799056429765e+04 9.135953259701542265e+04 9.928875575009970635e+04 5.686496171665100796e-01
5.620472768512851935e-01 6.903163308521799157e-01 5.845928177812119708e-01 7.404727852222964257e-01 4.460678769986097802e-01 5.508637630882367020e-01 4.681858432649889101e-01 2.614764529689762858e+05 2.195126144926683628e+05 7.967471812946361024e+04 1.397549271344930457e+05 4.347226426558807866e-01
4.483541466834130573e-01 6.163416021359853225e-01 5.938713451754455974e-01 3.369945885595710400e-01 3.669061067754746386e-01 4.767709925307574426e-01 2.690203143024704757e-01 1.340664381619247142e+05 1.204687156811970635e+05 6.754766731084452476e+04 7.582894289482578461e+04 2.942224575905364459e-01
3.467902530986218257e-01 6.450750426085408717e-01 8.803633694523477216e-02 4.098703763984026249e-01 2.120343978805424301e-01 4.118233590475590122e-01 2.429311764589558442e-01 1.483888481538088236e+05 1.290449879510812461e+05 7.550864088516775519e+04 3.373296230770085822e+04 2.656991744041302117e-01
5.021223513496707591e-01 4.751745107156633563e-01 3.984002121814085307e-01 3.758059861633617493e-01 3.735829821191671840e-01 4.344497680891328262e-01 4.033388733653379687e-01 1.337973327884707833e+05 1.339779278489963908e+05 7.664415538289614778e+04 5.095856682402022852e+04 3.675128137813949425e-01
3.458210163071404053e-01 6.522542530850639064e-01 7.686674236383389536e-01 3.710721086653663847e-01 3.439093437414142418e-01 4.088860088367435863e-01 3.222552158266573374e-01 1.755390244664381316e+05 1.498221470649277035e+05 7.709333826776317437e+04 3.956085897034786467e+04 3.311683504446319981e-01
3.631091131360747459e-01 4.609831575103348067e-01 3.486407252645804533e-01 3.509557784866195185e-01 2.874606868233458012e-01 4.070836512865236290e-01 2.879837222782026807e-01 1.754558007256172714e+05 1.513624127865919145e+05 7.604904684023582377e+04 4.629879778825092944e+04 2.695272572193569416e-01
4.773010976361776736e-01 5.701620477919298047e-01 5.686478026309578215e-01 1.850105476778275415e-01 3.494440765167488028e-01 4.435269090993617103e-01 3.676566642493480641e-01 1.915292706641611003e+05 1.144529383955817611e+05 8.671169562033627881e+04 6.656568075442434929e+04 4.040085902624503955e-01
7.262710466034937307e-01 4.584972760894110988e-01 5.076927312368419987e-01 2.597543253713548994e-01 3.047601808981287297e-01 4.688919224833190680e-01 3.897116024068152940e-01 1.360397414925470948e+05 1.114847616015374078e+05 7.996888181991112651e+04 6.928201405680613243e+04 4.333449437195375231e-01
6.053749601962661320e-01 5.700603697298892714e-01 6.629652677878743461e-01 4.165361648454081189e-01 3.612237331761510850e-01 4.113561251743195202e-01 3.759791753638488943e-01 1.147686276436449261e+05 1.058558506240153802e+05 7.204078783874561486e+04 5.126885435478555883e+04 3.778756146426680007e-01
5.459202328552653638e-01 6.789890370226905336e-01 7.873348387470207044e-01 4.777968690216767289e-01 4.595063121227853098e-01 5.602946730856213087e-01 5.266205911897157144e-01 2.607077349741253711e+05 1.800134308410978410e+05 9.653589316748410056e+04 1.601831904685376212e+05 4.393704252785518571e-01
3.163100889616606848e-01 6.265681731632724016e-01 3.287169590421575027e-02 6.837646547756932591e-01 1.855516747543496658e-01 3.926495591029037779e-01 2.143977925628815506e-01 7.674655568884732202e+04 6.744837691440997878e+04 7.490712817626907781e+04 2.792772270876073890e+04 5.594283632013293817e-01
4.076559308828895389e-01 5.018659178331474902e-01 2.760250475595276143e-01 4.743874245414821944e-01 3.820147763169440269e-01 6.427941430959223101e-01 2.698189618335862239e-01 1.463138294851936225e+05 9.349214277295987995e+04 7.510021340925678669e+04 7.645384911131448462e+04 3.562530634106920724e-01
3.682078712477753202e-01 3.825831823646625995e-01 2.657057497483937270e-01 3.339209182975039769e-01 2.510353849162420548e-01 3.935027890812156093e-01 2.598262239462153511e-01 1.684699405690784042e+05 1.463062962000578409e+05 7.549165321980118460e+04 3.904417769196477457e+04 2.701070968305349096e-01
4.933421865098759906e-01 5.825869851889668993e-01 5.228533752949132696e-01 4.799953436664518014e-01 3.469536451632782570e-01 3.612028585573093253e-01 4.314607402820370696e-01 1.278832050128084666e+05 1.339400463504455984e+05 7.642891552450446761e+04 6.173219235630538606e+04 4.360899983313473727e-01
8.045587959067782569e-01 5.804094833531489028e-01 6.181007445867728878e-01 5.580508301805309213e-01 4.489842968792494005e-01 5.536874273448308958e-01 4.812382607407170165e-01 1.134499233475514338e+05 8.875713335026415007e+04 8.289265820817823987e+04 5.495720401672888693e+04 6.025676180121228853e-01
4.992508894592503355e-01 4.595614454416223627e-01 5.384646473372129982e-01 4.129263083266856427e-01 2.998591980958773551e-01 4.750018802533156892e-01 3.537580785470978428e-01 1.560155853968794690e+05 1.157940298193531344e+05 7.920453354810741439e+04 8.469347387468541274e+04 3.553199279291011647e-01
4.808518459263377287e-01 4.925212203640521036e-01 6.305929278142445860e-01 3.822476171379407539e-01 4.321727117370202098e-01 4.599264138273431723e-01 3.865484693347150391e-01 1.453204774900946068e+05 7.527543882998643676e+04 7.653128907938218617e+04 5.569330146739545307e+04 3.969972883436457822e-01
4.137092645539521274e-01 5.585654299029365610e-01 6.384442673361117038e-01 3.744703329736674968e-01 3.184117317011438963e-01 4.751958247997673523e-01 3.728359829118052526e-01 1.327215929742036969e+05 1.219149005834194395e+05 7.813964068776930799e+04 5.072128200529293099e+04 4.099989053158465402e-01
3.849332984970405547e-01 6.472795206545931546e-01 7.569420213179527401e-01 3.659427910864536115e-01 2.870186994113444467e-01 3.160469234866769561e-01 3.139803397282855957e-01 1.179155614867438562e+05 1.012140098644504178e+05 7.654396547435964749e+04 4.086148353112736368e+04 3.151563020112201352e-01
3.831810696984468967e-01 6.363413765929150090e-01 5.856009364797111205e-01 3.934314134672580177e-01 3.307730689348410413e-01 3.869401720189998284e-01 4.000565710216019144e-01 1.414822542306805553e+05 1.003601575455412385e+05 7.753337978460238082e+04 5.771841446697727952e+04 4.257156892777069213e-01
6.935544668167875626e-01 4.990127415779062603e-01 5.241417652480017120e-01 3.388534718734162454e-01 3.800719493957272488e-01 5.069825060296179187e-01 3.786856492124461293e-01 1.220852103617694229e+05 9.578522856326568581e+04 8.126817577868125227e+04 8.158819419043426751e+04 6.219043502732446438e-01
5.910276983705332610e-01 5.939184910302323095e-01 6.559573976502615089e-01 4.690286805139911031e-01 4.385287784029842095e-01 5.574375546030886364e-01 6.653727290984812193e-01 2.282236989927837567e+05 1.854001173937715357e+05 8.078792989640873566e+04 1.382087818642224593e+05 4.205272355336491796e-01
3.447741655027573571e-01 6.521442481126635826e-01 7.493776596956724934e-01 2.391884006250645234e-01 1.924403043253882506e-01 4.241430596701898925e-01 2.368148319405941060e-01 1.127009115544353408e+05 9.105266327574697789e+04 8.121304897004333907e+04 4.089375286574007623e+04 2.556400042820790031e-01
5.122201415089989718e-01 5.561460133327600364e-01 5.279373116631674856e-01 4.911100081511504123e-01 3.634396720430618788e-01 4.423808378998157487e-01 3.733603365804571417e-01 1.071924042025005037e+05 1.179753625275984523e+05 7.894030274178355467e+04 7.813247687701982795e+04 3.857334320074468081e-01
4.676921119185313280e-01 6.232902367065612514e-01 8.118628689947364752e-01 4.266093241597472274e-01 3.798251482069170959e-01 4.388221787645883998e-01 2.701078580144832819e-01 1.703355946868936007e+05 1.340021288966608699e+05 7.885782417514476401e+04 6.341739530272313277e+04 3.049748361779698325e-01
2.780210803399341124e-01 4.187242527821321558e-01 5.713616520384604547e-01 2.145372862570485428e-01 2.421794839845606007e-01 2.326966694622835119e-01 4.159453910096204687e-01 6.691168862482327677e+04 5.866677758196504874e+04 7.518192522651988838e+04 1.461241988264947577e+04 5.450917511962168893e-01
4.170618635836663701e-01 6.853884778620303875e-01 7.871730170275044181e-01 3.906057969878078961e-01 3.894779251541715115e-01 4.388388235893632694e-01 3.441267959975916613e-01 1.217354047909146175e+05 1.049836182345659472e+05 7.600706084036355605e+04 4.566653840612870408e+04 3.231419344538837835e-01
4.644967409898597133e-01 5.653009338240725379e-01 6.606273564053017910e-01 3.151765486954481443e-01 3.171124892299856390e-01 4.596613376045105559e-01 3.471768592650360530e-01 1.351043832466133172e+05 1.140451867762237380e+05 8.162722648581162503e+04 7.324747966330028430e+04 3.826856666455489830e-01
6.909151769428268919e-01 3.266032270993348696e-01 5.464495235863346956e-01 3.758679244294759192e-01 2.637025974787873261e-01 4.818135780490555020e-01 3.820860293188458323e-01 6.344880471448441676e+04 5.247224191786262963e+04 7.943849411432679335e+04 6.404965463379331050e+04 6.230907507861624950e-01
6.221076559321699895e-01 6.267188994900032561e-01 6.681218524111091073e-01 4.400886204258753209e-01 4.475227570211138262e-01 5.256163728292926329e-01 5.356859827963073029e-01 1.716655325652077154e+05 1.137302427756611578e+05 9.912623366533035005e+04 7.769611802117369371e+04 3.919728905361868909e-01
4.107507196981263764e-01 3.309088936035864958e-01 1.993885995186068238e-01 2.764455906352866199e-01 2.500369104731477443e-01 4.168163278441540109e-01 2.513830315608847621e-01 1.557169621667109313e+05 1.352741397154597216e+05 7.550148384549703042e+04 4.046109743918745517e+04 2.836748896062488701e-01
5.174683613346134914e-01 6.811957153578787061e-01 3.797145981782242830e-01 6.304541176032115724e-01 3.340995463984709479e-01 5.372875385066728793e-01 3.618630057942157086e-01 2.573008968483629869e+05 2.063247766291049193e+05 8.351182146436136100e+04 1.198061250943162158e+05 3.990257893959877067e-01
4.127496102787127641e-01 5.325706732271849875e-01 4.754401307262269838e-01 5.247019891904878275e-01 3.924941692373810076e-01 4.694296172129147626e-01 3.904468678483480337e-01 1.644170384098397044e+05 1.005464963666417752e+05 7.606194247418221494e+04 5.214526231873071083e+04 3.725506450677563697e-01
3.233823985540609236e-01 5.892730141438931035e-01 7.106232012451616509e-01 2.239466979270222091e-01 1.815793126954109715e-01 2.388905504471735275e-01 1.958505202261422717e-01 8.374840016325090255e+04 7.360927474308710953e+04 7.483150097503740108e+04 3.555256991260094946e+04 6.262683023499274748e-01
4.532559293497665509e-01 3.039367545391263303e-01 2.952893138461842315e-01 2.243096441344439584e-01 2.047002803805956783e-01 2.525180883654418174e-01 2.176292427697515131e-01 5.147998528229984367e+04 4.797597583179621142e+04 7.019157633913497557e+04 1.495938174762202470e+04 3.416410874787818019e-01
7.615909259331214987e-01 4.637161063023830243e-01 5.903277545354245204e-01 4.748553694417254611e-01 4.051165696802996874e-01 5.556172232137608358e-01 4.484888002994692480e-01 1.915805243179680547e+05 1.206432236574697890e+05 1.054657272904203855e+05 1.618065567209398141e+05 6.838230593946829083e-01
3.874096494813608071e-01 6.584527516026659200e-01 4.472545801037728364e-01 7.220578795338155054e-01 3.481465230537417188e-01 4.340398294962756198e-01 3.071784356140757066e-01 1.498100941992930893e+05 1.314221717392456485e+05 7.468858768046367913e+04 4.259213400552188250e+04 3.234953052077165769e-01
8.606003409304381346e-01 8.196551062376474794e-01 7.272918465082821582e-01 8.921044982025096992e-01 9.399979871220035532e-01 8.817098629995661074e-01 9.162326435716391382e-01 8.624876854600681690e+04 7.197778422986039368e+04 7.908863128607757972e+04 6.092772855063588213e+04 7.997603383230065255e-01
5.974183700631633398e-01 6.400807224467581769e-01 6.993081733186277127e-01 4.337296091012657895e-01 8.779571488227680964e-01 5.271840498549835718e-01 7.261922216130156649e-01 1.700697567770228779e+05 1.461750163591584424e+05 7.629297075116638734e+04 3.579572703346423805e+04 3.113519489715632638e-01
1.406412823169000681e-01 7.325756957868607977e-02 2.158862256223976206e-01 2.880925198800816656e-01 7.567453073119988216e-02 -9.519356049510080409e-02 1.640854802609226504e-01 1.068213657553649391e+05 5.570361836885703087e+04 1.403547607017753471e+05 7.044163427806911386e+03 7.096446671319055211e-02
6.377751000088416333e-01 5.829623120915178314e-01 6.752523802304305489e-01 6.040712311462825834e-01 6.666403148973252257e-01 7.000694117286806462e-01 5.891179719649941582e-01 2.594099429965720337e+05 2.327405208133968990e+05 7.443300124212981609e+04 1.975163915446320607e+05 5.305527698846392859e-01
4.973611783971344513e-01 6.405886356784117330e-01 5.080327401232458406e-01 4.039431032589190229e-01 2.773404663644800094e-01 4.788343837307608708e-01 4.005801008496630566e-01 1.341171875298523519e+05 8.940853080418222817e+04 7.794044180335318379e+04 7.440451072430187196e+04 3.322126131280382366e-01
4.209576875607335955e-01 5.691072536638004387e-01 4.246732951914281018e-01 3.622816440601029919e-01 4.054221504952958965e-01 4.581890796095651752e-01 4.069816580351640067e-01 1.169437684435104893e+05 1.034783087060100515e+05 7.346118744396144757e+04 6.505527477348094544e+04 2.939588006731969627e-01
4.470670771921338438e-01 5.729750328083887956e-01 5.102558003115637009e-01 4.988579259162467250e-01 3.284295440017732659e-01 4.497792729984784188e-01 3.871471391909932502e-01 1.486535198006867140e+05 1.286393019873078592e+05 7.805681572367693298e+04 5.214987242826612055e+04 3.871963716024579005e-01
3.820026783865070885e-01 6.498014141017267598e-01 3.810006537172250241e-01 7.236635522076255711e-01 2.777122194440466152e-01 3.727650724496131551e-01 3.033653844742759120e-01 1.361015697836268228e+05 1.183318335838303901e+05 7.547924968537304085e+04 4.081941409114549606e+04 3.310910841347506350e-01
3.620454286128863552e-01 5.990466131660813209e-01 6.769296059533589371e-01 2.988178544013380122e-01 3.137575866706760475e-01 3.737455663771951375e-01 2.479630528539696621e-01 8.713737683979798749e+04 7.814505759931798093e+04 7.323712038566017873e+04 2.370555238664962963e+04 2.623241172976290003e-01
3.281500659751083182e-01 5.290413730023579841e-01 5.308250193862276145e-01 3.946114225061954639e-01 3.577799157076848591e-01 4.254680946563161315e-01 3.617309805452575966e-01 1.381419672533946577e+05 9.907218348685765523e+04 7.519062954128214915e+04 5.710507692266684171e+04 3.786255824532376302e-01
3.801950000981837996e-01 5.987319026572062164e-01 5.033947323894648607e-01 4.243545908686346957e-01 3.306994271312227451e-01 4.090329924014139418e-01 3.277699758289449594e-01 1.351799458441630995e+05 1.293109128713753453e+05 7.813534041116920707e+04 5.856246663214992441e+04 4.171768428168356468e-01
4.020201829736864130e-01 5.960592531787761716e-01 3.879057580924824555e-01 4.442169912279441690e-01 2.958763815642925787e-01 4.500004650433785947e-01 4.646729437160500020e-01 1.362841032559761661e+05 1.187426149397166446e+05 7.819982026490730641e+04 6.130508679340178060e+04 4.432326032921476977e-01
4.289522582020171004e-01 6.131469138713679934e-01 4.151566153489229527e-01 4.192730240252789398e-01 4.005088921615291286e-01 4.212503768757948630e-01 3.052639692922261561e-01 1.266370274791495904e+05 1.110907727908507804e+05 7.594676400612013822e+04 6.582367586467317597e+04 3.557122266887164375e-01
4.198027185160798092e-01 6.695208197535780226e-01 4.570268490450520305e-01 6.784728490013715030e-01 3.715438916295025762e-01 4.381194609048726374e-01 3.210323216752832831e-01 9.818895185157483502e+04 7.913190298747854831e+04 8.137318615870052599e+04 4.559509600113351917e+04 3.152740736307081959e-01
4.814694431611201697e-01 6.625364570741564263e-01 5.704416813522767971e-01 3.926283518594111399e-01 3.239668475031042272e-01 4.032061532734778075e-01 3.204214663255364748e-01 1.667673164436479565e+05 1.211787748810082558e+05 7.971661078360475949e+04 5.272253329803332599e+04 4.292588565504874554e-01
6.214736788092959374e-01 9.870027564789342067e-01 9.049872185326424123e-01 7.520159971447165637e-01 8.916217762908810185e-01 8.906151474149345271e-01 6.027193654377644982e-01 9.365160194980452070e+04 7.294141878584068036e+04 8.267890988721144095e+04 6.346692315415352641e+04 5.684517859587071564e-01
4.497806826248907375e-01 6.643222556874966989e-01 5.514222471959641103e-01 4.776685566529357829e-01 3.727165489408203469e-01 4.485877956160031488e-01 3.876167557910484840e-01 1.528015661233835854e+05 1.157558194223039027e+05 7.657216024173327605e+04 5.390781487186034792e+04 3.044007264763957665e-01
3.652770423238987929e-01 6.455794534687261388e-01 1.226064031798699931e-02 7.026570600476347295e-01 2.037325463216126398e-01 4.107461984123814691e-01 2.336144015179058842e-01 1.392763710333088820e+05 1.221555461036537454e+05 7.476003142009084695e+04 4.057787950460529100e+04 2.628392062423002273e-01
3.875252267005006024e-01 6.594831735797056504e-01 7.628762686498292700e-01 3.657667175722182917e-01 3.583830670595147261e-01 4.237319872849418245e-01 3.225168901317729819e-01 1.466587681304824655e+05 1.306277176689950138e+05 7.355664744144857104e+04 4.234200218657072401e+04 3.104002285380780823e-01
3.711435287146143680e-01 6.482685706499299316e-01 1.222403684624637742e-03 7.039851441694773282e-01 1.979628698035647283e-01 4.159492258652214280e-01 2.361790731111824138e-01 1.149690741454451781e+05 9.246504651946552622e+04 8.159509299023660424e+04 4.219003875676705502e+04 2.638256595988813236e-01
3.790039493991024244e-01 6.476195723625431944e-01 5.514501928121948726e-01 5.670216459237202855e-01 4.146785897783922259e-01 3.758686089717667711e-01 3.308943826474442518e-01 7.149380736695078667e+04 5.159095037633008906e+04 9.187182866695178382e+04 1.542366867207495379e+05 3.524382154487634145e-01
3.375988518223656532e-01 6.434067171846632460e-01 7.393056710041137070e-01 2.658639377403272941e-01 2.097506522919181660e-01 4.217373715429997283e-01 2.349702686235812243e-01 7.503324180788634112e+04 5.817339839453677996e+04 8.535090649911834043e+04 4.375992307651130250e+04 3.042255413188976743e-01
5.475585141893749563e-01 5.138082772131713494e-01 7.071087935075135444e-01 4.237807919869119866e-01 3.913319002969203875e-01 5.181236880143426093e-01 5.515519018425794062e-01 1.684350033375268395e+05 1.337970528768288495e+05 8.251759066632817849e+04 1.140862582245637896e+05 4.033905905582617080e-01
7.186931637482574242e-01 5.995452651478025974e-01 6.013624481626850260e-01 4.120251248599030580e-01 4.245972113866400277e-01 4.926539683973698014e-01 4.291327871596384846e-01 2.212261860342790314e+05 1.802690170546903973e+05 8.071116948004040751e+04 6.689261920868366724e+04 3.617040345894858566e-01
4.612100070845452371e-01 4.627784139287335341e-01 5.092862200255180438e-01 3.811164895122650664e-01 3.196544840276691057e-01 4.120740077666201762e-01 2.820293689518834079e-01 1.291039191770108446e+05 1.127797411362739222e+05 7.724528728032033541e+04 6.861703188369392592e+04 2.410510713006422945e-01
5.050480514948784139e-01 2.140184519021739729e-01 3.138321079441984685e-01 3.465711778581435643e-01 3.923520049818687294e-01 5.191112148340188970e-01 3.124742120092253161e-01 1.612451646336928243e+05 6.897853309991098649e+04 1.751602425460287486e+05 2.507324863810563693e+05 3.914192055690881022e-01
6.741385450031032178e-01 6.375584157398485052e-01 4.558995132784995907e-01 6.211491841115559520e-01 7.728823472011622231e-01 7.587389343482381365e-01 9.327896009437626201e-01 8.765415748440584866e+04 8.594304422108469589e+04 6.589720427819230827e+04 5.083837254216375004e+04 5.697554990313034029e-01
