3.316119181536489324e-01 6.251116099958844430e-01 7.205713261402499903e-01 3.136075620059928237e-01 3.488350613028272651e-01 4.263318622229037014e-01 3.122882554307995773e-01 1.618589470211665321e+05 1.403640374733189237e+05 7.574793001486589492e+04 3.411074317616240296e+04 2.910005107593381379e-01
3.432029722633770930e-01 6.481139812181411219e-01 7.443881954657325384e-01 2.477422845832158715e-01 2.027227031058619067e-01 4.103774683492518172e-01 2.363833677147795242e-01 1.381796826833815721e+05 1.213307582589549129e+05 7.465765514148217335e+04 3.873882208462052222e+04 2.545985781697513439e-01
4.057902823776434742e-01 6.666576064393519019e-01 7.753716381319075701e-01 3.859460998804813414e-01 3.698301356103435578e-01 4.329202551211179251e-01 3.429643610227466333e-01 1.792862417873730592e+05 1.533670449873416801e+05 7.703826495154936856e+04 4.958380013234963553e+04 3.231741965992266374e-01
3.913293074556016826e-01 6.627257458908314414e-01 7.670240280615976403e-01 3.677335457692494369e-01 3.641710178904534745e-01 4.313952829054472637e-01 3.231581630517101900e-01 1.036167586825766193e+05 8.394021106215220061e+04 8.087894095814008324e+04 4.340933437371696346e+04 3.149910509417020998e-01
4.741635169578273246e-01 6.177996599611862427e-01 6.343297537256513685e-01 4.446175023550012484e-01 3.791875268632300400e-01 4.399206983098475354e-01 3.720042204586993528e-01 1.487860383961990883e+05 1.364470260407913302e+05 7.622878667918225983e+04 6.108664607639721362e+04 3.708546376940810019e-01
4.100131203786551159e-01 6.731311907650120441e-01 7.712131640717234671e-01 3.836336547683643627e-01 3.720471594967776907e-01 4.498526210222815735e-01 3.668413178792196416e-01 1.198963840596174414e+05 1.039892124276025279e+05 7.575954827972466592e+04 4.578468140008642513e+04 3.253331411859394229e-01
3.865720858541250027e-01 6.451738311618787636e-01 7.506841718130005114e-01 2.511527122243086829e-01 3.471296012342501847e-01 4.321288552378327874e-01 3.116396312546874658e-01 1.188738454786559450e+05 1.027976613741177716e+05 7.596621365406348195e+04 3.958042312856607896e+04 2.210359341583443826e-01
4.634392257090053091e-01 6.225953234406873538e-01 6.138107199758683352e-01 3.858698724521619772e-01 3.105230050521371465e-01 3.728934706659572940e-01 3.509384332130385253e-01 1.846942299500780937e+05 1.097044229693394300e+05 8.229729918495443417e+04 4.693285999765576707e+04 3.770339554175130559e-01
3.369007930226978198e-01 6.492482031283272059e-01 7.391278946599146860e-01 2.351220493035238723e-01 1.821747505361078490e-01 2.401550269663999815e-01 2.235712444243178609e-01 1.554930390237336396e+05 1.354255110390726186e+05 7.552291530567908194e+04 3.505115044813983695e+04 2.778380567149845715e-01
4.458336037280278830e-01 6.617125569128732288e-01 6.903102692347037328e-01 4.017876821378674190e-01 3.953596470080084080e-01 4.669591376904139723e-01 3.557325103796704080e-01 1.426098080033303413e+05 1.229433103459826671e+05 7.646818552785049542e+04 5.284564819013231318e+04 3.649539501691319021e-01
3.805981987949406675e-01 6.557683865693043623e-01 7.589857923675823459e-01 3.592806945496747062e-01 3.544488534100817545e-01 4.238252581909341399e-01 3.158824164705825166e-01 1.207910273917836748e+05 1.046050433833092975e+05 7.567046849586252938e+04 4.158298910708638869e+04 3.096360644125919492e-01
4.343143538895363753e-01 6.399036068113960196e-01 7.020887714844320504e-01 4.200694335133423607e-01 3.335881559110689398e-01 5.620878524543525545e-01 3.408272320697520730e-01 1.457878402609369950e+05 1.042604073716473795e+05 7.317705934415994852e+04 4.706399701238595298e+04 3.160819608635138667e-01
4.418590098534317945e-01 6.580931754306399428e-01 6.543757079568429669e-01 4.401335935446940018e-01 4.282387655614364741e-01 3.972418315556633939e-01 3.333103377563933489e-01 1.252749753957093635e+05 9.410062166118886671e+04 8.193946814210624143e+04 5.507479866551500891e+04 3.117993299966360654e-01
5.243392656580043720e-01 6.200027793899829387e-01 7.366620475630790699e-01 4.698887621482505939e-01 3.467223657493561650e-01 4.135004314315643414e-01 3.129113366712003574e-01 7.008493237493364722e+04 1.307468850463308627e+05 8.075829207928053802e+04 5.583457567580987961e+04 2.219932798200327795e-01
4.575022737733849820e-01 7.124905475108462838e-01 6.726142468302129807e-01 4.441851186361598369e-01 3.036350178016072321e-01 4.136157103053351713e-01 3.181607333459089970e-01 1.246206578952310811e+05 1.129353850070082990e+05 6.973475511644160724e+04 3.806081503276630247e+04 3.732959437168253403e-01
4.349318482363472849e-01 5.611218018025979637e-01 6.090012027388176374e-01 3.851736102979126941e-01 3.195278111689902611e-01 4.691731206160410506e-01 3.228369215092100619e-01 1.065725437042761769e+05 1.144255727970389416e+05 7.949356165040830092e+04 3.154789025764507824e+04 3.723240551354149441e-01
3.670259336240460635e-01 6.389459976382074746e-01 7.422640366326999084e-01 2.836241178601037749e-01 3.461670411030013939e-01 2.334076191961010349e-01 2.979089599401607003e-01 1.399769479878087586e+05 1.237698574740345066e+05 7.424680990530760027e+04 3.526252132444996096e+04 3.114709352388000396e-01
3.458210163071404053e-01 6.522542530850639064e-01 7.686674236383389536e-01 3.710721086653663847e-01 3.439093437414142418e-01 4.088860088367435863e-01 3.222552158266573374e-01 1.755390244664381316e+05 1.498221470649277035e+05 7.709333826776317437e+04 3.956085897034786467e+04 3.311683504446319981e-01
6.053749601962661320e-01 5.700603697298892714e-01 6.629652677878743461e-01 4.165361648454081189e-01 3.612237331761510850e-01 4.113561251743195202e-01 3.759791753638488943e-01 1.147686276436449261e+05 1.058558506240153802e+05 7.204078783874561486e+04 5.126885435478555883e+04 3.778756146426680007e-01
3.849332984970405547e-01 6.472795206545931546e-01 7.569420213179527401e-01 3.659427910864536115e-01 2.870186994113444467e-01 3.160469234866769561e-01 3.139803397282855957e-01 1.179155614867438562e+05 1.012140098644504178e+05 7.654396547435964749e+04 4.086148353112736368e+04 3.151563020112201352e-01
3.447741655027573571e-01 6.521442481126635826e-01 7.493776596956724934e-01 2.391884006250645234e-01 1.924403043253882506e-01 4.241430596701898925e-01 2.368148319405941060e-01 1.127009115544353408e+05 9.105266327574697789e+04 8.121304897004333907e+04 4.089375286574007623e+04 2.556400042820790031e-01
4.676921119185313280e-01 6.232902367065612514e-01 8.118628689947364752e-01 4.266093241597472274e-01 3.798251482069170959e-01 4.388221787645883998e-01 2.701078580144832819e-01 1.703355946868936007e+05 1.340021288966608699e+05 7.885782417514476401e+04 6.341739530272313277e+04 3.049748361779698325e-01
4.170618635836663701e-01 6.853884778620303875e-01 7.871730170275044181e-01 3.906057969878078961e-01 3.894779251541715115e-01 4.388388235893632694e-01 3.441267959975916613e-01 1.217354047909146175e+05 1.049836182345659472e+05 7.600706084036355605e+04 4.566653840612870408e+04 3.231419344538837835e-01
5.974183700631633398e-01 6.400807224467581769e-01 6.993081733186277127e-01 4.337296091012657895e-01 8.779571488227680964e-01 5.271840498549835718e-01 7.261922216130156649e-01 1.700697567770228779e+05 1.461750163591584424e+05 7.629297075116638734e+04 3.579572703346423805e+04 3.113519489715632638e-01
3.875252267005006024e-01 6.594831735797056504e-01 7.628762686498292700e-01 3.657667175722182917e-01 3.583830670595147261e-01 4.237319872849418245e-01 3.225168901317729819e-01 1.466587681304824655e+05 1.306277176689950138e+05 7.355664744144857104e+04 4.234200218657072401e+04 3.104002285380780823e-01
