1.300000000000000000e+01
2.000000000000000000e+01
3.800000000000000000e+01
6.100000000000000000e+01
7.000000000000000000e+01
7.700000000000000000e+01
7.800000000000000000e+01
8.100000000000000000e+01
9.000000000000000000e+01
9.600000000000000000e+01
1.020000000000000000e+02
1.270000000000000000e+02
1.320000000000000000e+02
1.330000000000000000e+02
1.390000000000000000e+02
1.760000000000000000e+02
1.800000000000000000e+02
1.960000000000000000e+02
2.000000000000000000e+02
2.100000000000000000e+02
2.140000000000000000e+02
2.160000000000000000e+02
2.180000000000000000e+02
2.300000000000000000e+02
2.470000000000000000e+02
