3.939164398027213410e-01 6.470182904888807096e-01 4.169413124921683145e-01 5.146418955968212749e-01 3.484887366566987166e-01 4.155658265418253339e-01 2.971408465392744169e-01 1.259503991396985803e+05 1.098283994150039362e+05 7.518709654095998849e+04 3.952860407028766349e+04 2.925736550784964751e-01
3.316119181536489324e-01 6.251116099958844430e-01 7.205713261402499903e-01 3.136075620059928237e-01 3.488350613028272651e-01 4.263318622229037014e-01 3.122882554307995773e-01 1.618589470211665321e+05 1.403640374733189237e+05 7.574793001486589492e+04 3.411074317616240296e+04 2.910005107593381379e-01
4.011455098565570587e-01 6.481417544184965296e-01 5.835951030556622010e-01 3.761559511648252530e-01 3.458943707970547621e-01 3.981614771887355686e-01 3.416162879653731332e-01 1.023173919461186451e+05 8.916817868993138836e+04 7.927218642813102633e+04 5.648205920403527125e+04 3.001835806046607158e-01
3.855253969533793401e-01 6.478223753588582268e-01 3.171615875966205533e-01 5.713599540497356077e-01 3.482078335573603467e-01 4.364596063142903160e-01 2.654149100040354425e-01 1.209041030766815675e+05 9.985341951668490947e+04 7.972407689053408103e+04 3.954999237574940344e+04 3.063483385033592965e-01
3.432029722633770930e-01 6.481139812181411219e-01 7.443881954657325384e-01 2.477422845832158715e-01 2.027227031058619067e-01 4.103774683492518172e-01 2.363833677147795242e-01 1.381796826833815721e+05 1.213307582589549129e+05 7.465765514148217335e+04 3.873882208462052222e+04 2.545985781697513439e-01
3.952135182969330196e-01 6.517437265540523272e-01 5.597780355976432753e-01 6.912251198118659623e-01 3.519410222105366359e-01 4.452208108561186428e-01 3.132417368670902813e-01 1.312350220325950067e+05 1.130121341651472758e+05 7.637186283644336800e+04 4.413737676332238334e+04 2.409567710104633387e-01
4.057902823776434742e-01 6.666576064393519019e-01 7.753716381319075701e-01 3.859460998804813414e-01 3.698301356103435578e-01 4.329202551211179251e-01 3.429643610227466333e-01 1.792862417873730592e+05 1.533670449873416801e+05 7.703826495154936856e+04 4.958380013234963553e+04 3.231741965992266374e-01
3.978831209257093215e-01 6.635699027942103534e-01 4.502962038087244268e-01 7.202590525656333842e-01 3.606396282770449324e-01 4.371512888598861890e-01 3.115578507634949035e-01 1.166119672941707686e+05 9.869223707909509540e+04 7.742867330432181188e+04 4.307408529279438517e+04 3.203531797902345879e-01
3.754081053138458857e-01 6.561835702116796121e-01 4.342156139326465158e-01 5.121879146514671799e-01 3.540256806479895046e-01 4.323523737785695542e-01 3.139282732465890069e-01 1.821302341954601579e+05 1.585808841379714431e+05 7.534123293238921906e+04 3.842805518832953385e+04 3.250149724154237640e-01
3.562360177003992545e-01 6.039205717579876342e-01 5.140637053641028409e-01 3.355819554593319487e-01 3.404386786435747991e-01 4.879018271723804534e-01 4.050777217371754890e-01 1.449747099730936752e+05 8.987916994113633700e+04 7.997971198167771217e+04 6.255773337638228986e+04 3.383372419382374985e-01
5.108008422353741418e-01 6.001044463540154972e-01 5.341281498667445060e-01 3.628511283749268346e-01 3.391475318193044597e-01 4.046244235138813372e-01 3.725207473654946200e-01 1.306658569895881083e+05 1.229780912557537667e+05 7.977405340715133934e+04 5.494711438555942732e+04 3.899764572487674497e-01
3.913293074556016826e-01 6.627257458908314414e-01 7.670240280615976403e-01 3.677335457692494369e-01 3.641710178904534745e-01 4.313952829054472637e-01 3.231581630517101900e-01 1.036167586825766193e+05 8.394021106215220061e+04 8.087894095814008324e+04 4.340933437371696346e+04 3.149910509417020998e-01
4.377892864173407728e-01 6.859040496786107388e-01 5.671357633404136012e-01 5.885270775765606421e-01 3.982292203576512923e-01 4.674287318375334732e-01 3.457030122519519355e-01 1.143553801919209363e+05 9.029357486793556018e+04 8.367658669986933819e+04 6.408336115731165046e+04 3.457822464330502221e-01
3.600952682216490008e-01 6.630671336610363120e-01 1.113546508803333890e-01 6.951184958819286441e-01 2.553274488418162680e-02 4.076361685416736713e-01 3.143028308407795901e-01 1.396674683435802581e+05 1.233817820387419488e+05 7.542294602142032818e+04 3.954232780445484968e+04 2.464977851801783693e-01
4.741635169578273246e-01 6.177996599611862427e-01 6.343297537256513685e-01 4.446175023550012484e-01 3.791875268632300400e-01 4.399206983098475354e-01 3.720042204586993528e-01 1.487860383961990883e+05 1.364470260407913302e+05 7.622878667918225983e+04 6.108664607639721362e+04 3.708546376940810019e-01
3.104399758219604788e-01 6.344586411523417402e-01 5.541392842600371127e-01 5.690695893732700128e-01 3.750705154230806748e-01 4.693971101815868074e-01 3.749933255794967724e-01 1.687008571325794328e+05 1.342291868797617499e+05 8.189108134250651347e+04 4.513783851107527153e+04 3.793718415264444310e-01
4.100131203786551159e-01 6.731311907650120441e-01 7.712131640717234671e-01 3.836336547683643627e-01 3.720471594967776907e-01 4.498526210222815735e-01 3.668413178792196416e-01 1.198963840596174414e+05 1.039892124276025279e+05 7.575954827972466592e+04 4.578468140008642513e+04 3.253331411859394229e-01
3.865720858541250027e-01 6.451738311618787636e-01 7.506841718130005114e-01 2.511527122243086829e-01 3.471296012342501847e-01 4.321288552378327874e-01 3.116396312546874658e-01 1.188738454786559450e+05 1.027976613741177716e+05 7.596621365406348195e+04 3.958042312856607896e+04 2.210359341583443826e-01
4.512306520181363911e-01 6.535323584436976141e-01 4.993053378868430037e-01 3.825708322428579833e-01 3.346187477398141485e-01 4.444253451496360530e-01 4.212925746953524730e-01 1.447858067591824511e+05 1.231018439150969643e+05 7.842573097310708545e+04 6.108471597737668344e+04 3.211176410260083158e-01
4.634392257090053091e-01 6.225953234406873538e-01 6.138107199758683352e-01 3.858698724521619772e-01 3.105230050521371465e-01 3.728934706659572940e-01 3.509384332130385253e-01 1.846942299500780937e+05 1.097044229693394300e+05 8.229729918495443417e+04 4.693285999765576707e+04 3.770339554175130559e-01
4.263525284935846815e-01 6.788671515618736052e-01 4.720606644161463583e-01 6.948342615946836442e-01 3.870128068679817845e-01 4.548433959185737008e-01 3.343721000147419908e-01 1.371474124640338996e+05 1.192883575561284233e+05 7.535471565431603813e+04 4.825543980878367438e+04 3.267672126927825826e-01
4.610943548565692995e-01 5.327237387135411728e-01 5.285196680127688396e-01 3.069890430450568086e-01 3.507263064654069229e-01 3.195080071363520791e-01 4.675911209897469223e-01 1.278748421925032162e+05 1.124664255368550512e+05 7.464330712811542617e+04 2.623338243701298416e+04 3.269010717405896327e-01
5.694841142957123292e-01 6.414160660925533053e-01 4.414996879487859127e-01 6.873512643467304395e-01 4.155567556353729763e-01 4.336313645769245273e-01 3.299903185243834303e-01 1.486569162807405228e+05 1.288165156166956731e+05 7.595394136494821578e+04 3.585524810079739109e+04 3.286662526075471713e-01
3.369007930226978198e-01 6.492482031283272059e-01 7.391278946599146860e-01 2.351220493035238723e-01 1.821747505361078490e-01 2.401550269663999815e-01 2.235712444243178609e-01 1.554930390237336396e+05 1.354255110390726186e+05 7.552291530567908194e+04 3.505115044813983695e+04 2.778380567149845715e-01
4.458336037280278830e-01 6.617125569128732288e-01 6.903102692347037328e-01 4.017876821378674190e-01 3.953596470080084080e-01 4.669591376904139723e-01 3.557325103796704080e-01 1.426098080033303413e+05 1.229433103459826671e+05 7.646818552785049542e+04 5.284564819013231318e+04 3.649539501691319021e-01
3.805981987949406675e-01 6.557683865693043623e-01 7.589857923675823459e-01 3.592806945496747062e-01 3.544488534100817545e-01 4.238252581909341399e-01 3.158824164705825166e-01 1.207910273917836748e+05 1.046050433833092975e+05 7.567046849586252938e+04 4.158298910708638869e+04 3.096360644125919492e-01
4.710363340385652631e-01 5.593131939469980773e-01 5.788783128304276770e-01 4.786374979131774454e-01 2.749098803439134486e-01 4.086769320645414760e-01 3.591694903693723462e-01 1.394842964796292363e+05 1.125835990596892661e+05 7.951868488012891612e+04 4.156569470980076585e+04 4.188396491356914386e-01
4.432728015282340062e-01 5.778147592255524767e-01 5.306573687578264309e-01 4.433333087727463484e-01 3.486350327628175982e-01 4.180161913731090806e-01 3.109543851856350627e-01 1.381531529266965808e+05 1.148902805679167795e+05 8.008400898948516988e+04 5.589864003327427781e+04 3.394144970552653851e-01
4.564729529013943354e-01 5.608591753125066193e-01 4.902573785717517230e-01 3.724483377218551494e-01 3.451638023541292455e-01 3.915841469570777167e-01 3.744606926649912126e-01 1.541912003161903995e+05 1.143484500846539740e+05 7.847992699187240214e+04 3.800630849752637005e+04 3.765127005355798917e-01
4.727414019213027618e-01 6.196132750897794805e-01 4.919415974301730166e-01 3.457918728247051376e-01 3.200874001029251348e-01 4.477650673786387481e-01 4.272608853256181227e-01 1.521886057292181067e+05 1.085568223919100565e+05 7.915121085382500314e+04 4.431789006751200941e+04 3.113406073355848847e-01
4.343143538895363753e-01 6.399036068113960196e-01 7.020887714844320504e-01 4.200694335133423607e-01 3.335881559110689398e-01 5.620878524543525545e-01 3.408272320697520730e-01 1.457878402609369950e+05 1.042604073716473795e+05 7.317705934415994852e+04 4.706399701238595298e+04 3.160819608635138667e-01
4.418590098534317945e-01 6.580931754306399428e-01 6.543757079568429669e-01 4.401335935446940018e-01 4.282387655614364741e-01 3.972418315556633939e-01 3.333103377563933489e-01 1.252749753957093635e+05 9.410062166118886671e+04 8.193946814210624143e+04 5.507479866551500891e+04 3.117993299966360654e-01
5.243392656580043720e-01 6.200027793899829387e-01 7.366620475630790699e-01 4.698887621482505939e-01 3.467223657493561650e-01 4.135004314315643414e-01 3.129113366712003574e-01 7.008493237493364722e+04 1.307468850463308627e+05 8.075829207928053802e+04 5.583457567580987961e+04 2.219932798200327795e-01
3.967310347723390085e-01 5.500224000951895453e-01 6.138792184797732254e-01 5.079406684472993483e-01 3.626668415054277173e-01 4.122559967907677980e-01 3.162377296331186360e-01 1.156205343535764550e+05 1.122286586832325411e+05 7.981257546047968208e+04 3.703048928268690361e+04 3.955293953802542228e-01
4.260318556144550572e-01 6.243084153796347735e-01 5.822879021485303230e-01 3.703364814840793273e-01 3.329840178286510022e-01 4.538965629519872702e-01 2.671881158271039447e-01 1.180354741515085916e+05 1.061169184883231355e+05 7.765147958527319133e+04 4.349775493318690133e+04 3.519837111027644960e-01
4.575022737733849820e-01 7.124905475108462838e-01 6.726142468302129807e-01 4.441851186361598369e-01 3.036350178016072321e-01 4.136157103053351713e-01 3.181607333459089970e-01 1.246206578952310811e+05 1.129353850070082990e+05 6.973475511644160724e+04 3.806081503276630247e+04 3.732959437168253403e-01
3.912613885072267483e-01 6.571098691072786435e-01 4.384169324999361850e-01 7.346023926281187721e-01 3.314599563409483807e-01 4.463622933426987793e-01 3.099894854354357521e-01 1.065575353055217856e+05 8.216375501160572458e+04 8.518227650302842085e+04 4.482156297255963000e+04 3.273394009127450488e-01
3.731427627352196796e-01 6.332772228307570472e-01 4.925210255097991485e-01 3.463170770872198156e-01 4.334869975225902339e-01 4.234343499234315411e-01 2.349585350461492472e-01 1.403113282596538484e+05 1.274929885622302827e+05 7.818012720810742758e+04 5.775237996561935870e+04 3.680474476403615136e-01
4.076888597806112013e-01 6.150817735375208040e-01 5.339750983501041492e-01 3.979550172574603528e-01 3.384003153159632626e-01 3.926918875912502327e-01 2.872276265679515328e-01 1.359656221034907212e+05 1.251694319590781379e+05 7.750495719106936303e+04 5.050715275465847662e+04 3.348458017079258275e-01
4.138751537204270470e-01 6.887259125142315419e-01 4.615738454385557854e-01 3.772682208307889806e-01 3.854448247118200666e-01 4.553894560276410819e-01 3.320264115069745392e-01 1.065036252742451179e+05 8.630964499112303020e+04 8.098450576403620653e+04 4.667537709484452353e+04 3.180410047485425218e-01
4.352804084132594897e-01 5.751042481483886748e-01 4.540630869870097563e-01 3.883294246037886088e-01 3.766935800123319411e-01 4.366583392080245485e-01 3.735912309421929867e-01 1.171502452949809085e+05 1.107546306294142414e+05 8.073488400811726751e+04 4.830130736368954240e+04 3.911252776544841270e-01
4.505309676223207549e-01 5.976091735617695688e-01 5.841089614899280802e-01 4.887232449224270248e-01 3.549225489177283976e-01 4.275381847606980479e-01 3.773326099442320669e-01 1.279008291793655953e+05 1.176580171164583444e+05 7.579222078280120331e+04 4.478753458179911831e+04 3.219587491269825241e-01
4.766697887761802144e-01 6.129873647200861919e-01 4.889513896765494971e-01 4.595066252506657123e-01 3.336904987792375654e-01 4.033991830220427510e-01 3.542365356331876325e-01 1.297631056861037505e+05 1.062136297057493939e+05 8.023028438715309312e+04 3.682854946368352103e+04 3.021771765049194314e-01
3.881832991908165664e-01 6.390584652624066164e-01 4.261894220535786260e-01 5.465791579308841852e-01 2.796371818968049761e-01 2.544579785103368574e-01 2.881320367136869787e-01 1.226027198505009146e+05 1.042882518675518950e+05 7.746025780714119901e+04 3.846829184901806730e+04 3.054595434319400393e-01
3.490156887693565135e-01 6.346273459510579640e-01 4.008847008256655187e-02 5.939261879705294289e-01 1.867002612526867666e-01 2.183303886501939406e-01 2.064973429109601688e-01 1.261070969241880666e+05 1.107974069382025336e+05 7.472833763744011230e+04 3.491104029592322331e+04 2.816709358829866394e-01
4.349318482363472849e-01 5.611218018025979637e-01 6.090012027388176374e-01 3.851736102979126941e-01 3.195278111689902611e-01 4.691731206160410506e-01 3.228369215092100619e-01 1.065725437042761769e+05 1.144255727970389416e+05 7.949356165040830092e+04 3.154789025764507824e+04 3.723240551354149441e-01
3.452352817912081595e-01 5.560196773844057194e-01 5.788338993637114349e-01 4.595867009311108142e-01 3.632708129746158865e-01 4.625731884240850689e-01 4.184539989022882378e-01 1.262976141266058985e+05 1.006654184155629046e+05 7.298473741531485575e+04 4.072124402458186523e+04 3.801883866675440649e-01
3.670259336240460635e-01 6.389459976382074746e-01 7.422640366326999084e-01 2.836241178601037749e-01 3.461670411030013939e-01 2.334076191961010349e-01 2.979089599401607003e-01 1.399769479878087586e+05 1.237698574740345066e+05 7.424680990530760027e+04 3.526252132444996096e+04 3.114709352388000396e-01
4.099352203663185756e-01 7.067492199630804883e-01 4.796118074833479739e-01 3.851726108406831606e-01 3.951843441175612592e-01 4.639809031280481277e-01 3.423025586971783496e-01 1.378600116757139040e+05 1.196226726724983309e+05 7.558254904466187872e+04 4.746672065739856043e+04 3.337107438237340018e-01
4.794594449051173268e-01 6.502224182221568727e-01 4.371318816058723522e-01 5.229827721667008600e-01 3.765299371984765497e-01 4.195875749177496727e-01 3.848718595061692005e-01 1.323501581482032780e+05 1.240670659735408553e+05 7.878883364187435654e+04 6.441597864081394800e+04 3.926993915613836150e-01
4.599692978287651113e-01 6.053442269158773037e-01 5.511297431252212276e-01 4.355967225743654359e-01 3.082486748588966763e-01 4.508908742673235492e-01 3.260054980993450369e-01 1.369891493624896102e+05 1.284264761263424734e+05 7.958986003030612483e+04 5.637340258075138263e+04 3.598157046338467113e-01
3.467902530986218257e-01 6.450750426085408717e-01 8.803633694523477216e-02 4.098703763984026249e-01 2.120343978805424301e-01 4.118233590475590122e-01 2.429311764589558442e-01 1.483888481538088236e+05 1.290449879510812461e+05 7.550864088516775519e+04 3.373296230770085822e+04 2.656991744041302117e-01
3.458210163071404053e-01 6.522542530850639064e-01 7.686674236383389536e-01 3.710721086653663847e-01 3.439093437414142418e-01 4.088860088367435863e-01 3.222552158266573374e-01 1.755390244664381316e+05 1.498221470649277035e+05 7.709333826776317437e+04 3.956085897034786467e+04 3.311683504446319981e-01
6.053749601962661320e-01 5.700603697298892714e-01 6.629652677878743461e-01 4.165361648454081189e-01 3.612237331761510850e-01 4.113561251743195202e-01 3.759791753638488943e-01 1.147686276436449261e+05 1.058558506240153802e+05 7.204078783874561486e+04 5.126885435478555883e+04 3.778756146426680007e-01
3.849332984970405547e-01 6.472795206545931546e-01 7.569420213179527401e-01 3.659427910864536115e-01 2.870186994113444467e-01 3.160469234866769561e-01 3.139803397282855957e-01 1.179155614867438562e+05 1.012140098644504178e+05 7.654396547435964749e+04 4.086148353112736368e+04 3.151563020112201352e-01
3.447741655027573571e-01 6.521442481126635826e-01 7.493776596956724934e-01 2.391884006250645234e-01 1.924403043253882506e-01 4.241430596701898925e-01 2.368148319405941060e-01 1.127009115544353408e+05 9.105266327574697789e+04 8.121304897004333907e+04 4.089375286574007623e+04 2.556400042820790031e-01
4.676921119185313280e-01 6.232902367065612514e-01 8.118628689947364752e-01 4.266093241597472274e-01 3.798251482069170959e-01 4.388221787645883998e-01 2.701078580144832819e-01 1.703355946868936007e+05 1.340021288966608699e+05 7.885782417514476401e+04 6.341739530272313277e+04 3.049748361779698325e-01
4.170618635836663701e-01 6.853884778620303875e-01 7.871730170275044181e-01 3.906057969878078961e-01 3.894779251541715115e-01 4.388388235893632694e-01 3.441267959975916613e-01 1.217354047909146175e+05 1.049836182345659472e+05 7.600706084036355605e+04 4.566653840612870408e+04 3.231419344538837835e-01
3.874096494813608071e-01 6.584527516026659200e-01 4.472545801037728364e-01 7.220578795338155054e-01 3.481465230537417188e-01 4.340398294962756198e-01 3.071784356140757066e-01 1.498100941992930893e+05 1.314221717392456485e+05 7.468858768046367913e+04 4.259213400552188250e+04 3.234953052077165769e-01
5.974183700631633398e-01 6.400807224467581769e-01 6.993081733186277127e-01 4.337296091012657895e-01 8.779571488227680964e-01 5.271840498549835718e-01 7.261922216130156649e-01 1.700697567770228779e+05 1.461750163591584424e+05 7.629297075116638734e+04 3.579572703346423805e+04 3.113519489715632638e-01
4.470670771921338438e-01 5.729750328083887956e-01 5.102558003115637009e-01 4.988579259162467250e-01 3.284295440017732659e-01 4.497792729984784188e-01 3.871471391909932502e-01 1.486535198006867140e+05 1.286393019873078592e+05 7.805681572367693298e+04 5.214987242826612055e+04 3.871963716024579005e-01
3.820026783865070885e-01 6.498014141017267598e-01 3.810006537172250241e-01 7.236635522076255711e-01 2.777122194440466152e-01 3.727650724496131551e-01 3.033653844742759120e-01 1.361015697836268228e+05 1.183318335838303901e+05 7.547924968537304085e+04 4.081941409114549606e+04 3.310910841347506350e-01
4.289522582020171004e-01 6.131469138713679934e-01 4.151566153489229527e-01 4.192730240252789398e-01 4.005088921615291286e-01 4.212503768757948630e-01 3.052639692922261561e-01 1.266370274791495904e+05 1.110907727908507804e+05 7.594676400612013822e+04 6.582367586467317597e+04 3.557122266887164375e-01
4.198027185160798092e-01 6.695208197535780226e-01 4.570268490450520305e-01 6.784728490013715030e-01 3.715438916295025762e-01 4.381194609048726374e-01 3.210323216752832831e-01 9.818895185157483502e+04 7.913190298747854831e+04 8.137318615870052599e+04 4.559509600113351917e+04 3.152740736307081959e-01
4.497806826248907375e-01 6.643222556874966989e-01 5.514222471959641103e-01 4.776685566529357829e-01 3.727165489408203469e-01 4.485877956160031488e-01 3.876167557910484840e-01 1.528015661233835854e+05 1.157558194223039027e+05 7.657216024173327605e+04 5.390781487186034792e+04 3.044007264763957665e-01
3.652770423238987929e-01 6.455794534687261388e-01 1.226064031798699931e-02 7.026570600476347295e-01 2.037325463216126398e-01 4.107461984123814691e-01 2.336144015179058842e-01 1.392763710333088820e+05 1.221555461036537454e+05 7.476003142009084695e+04 4.057787950460529100e+04 2.628392062423002273e-01
3.875252267005006024e-01 6.594831735797056504e-01 7.628762686498292700e-01 3.657667175722182917e-01 3.583830670595147261e-01 4.237319872849418245e-01 3.225168901317729819e-01 1.466587681304824655e+05 1.306277176689950138e+05 7.355664744144857104e+04 4.234200218657072401e+04 3.104002285380780823e-01
3.711435287146143680e-01 6.482685706499299316e-01 1.222403684624637742e-03 7.039851441694773282e-01 1.979628698035647283e-01 4.159492258652214280e-01 2.361790731111824138e-01 1.149690741454451781e+05 9.246504651946552622e+04 8.159509299023660424e+04 4.219003875676705502e+04 2.638256595988813236e-01
