2.735955868645889022e-01 6.333334073808825071e-01 1.536947261035523926e-01 4.646180864983775471e-01 1.854953859165285601e-01 3.094771138550801992e-01 2.713874637958433311e-01 1.387426738718291745e+05 1.129495492031064641e+05 8.045895849781182187e+04 4.274896742388753046e+04 2.449709189394232434e-01
2.969628033094725006e-01 5.993832097900848588e-01 2.689436312495289694e-01 5.234857433485247125e-01 1.472538493710809637e-01 3.372368895755744056e-01 3.047872133339382117e-01 1.378062577028933156e+05 1.008774864646497008e+05 9.066563361772720236e+04 1.509858466325471818e+05 2.624486978829836392e-01
3.310917105331268595e-01 5.514931852786425504e-01 5.550173079468924131e-01 4.959833399584805402e-01 2.063290812317756240e-01 3.635874082068884516e-01 3.735980234882045337e-01 1.084511500936098164e+05 9.402210951149149332e+04 9.035572135051898658e+04 8.562702384684636490e+04 3.299312396229241995e-01
3.329071732207471990e-01 6.006758580896215394e-01 6.190959135683146153e-01 4.022998679909825515e-01 1.781219570435104704e-01 3.235034831342661343e-01 2.781098881802107070e-01 1.064545219980134425e+05 8.460740512344992021e+04 8.227226723268067872e+04 7.880998487950158597e+04 4.609515360954529184e-01
3.285819841072035730e-01 5.283719057129837582e-01 3.462253412861898139e-01 5.588651777379060048e-01 2.460488739312707285e-01 2.828345224879903475e-01 8.221826598091511173e-02 8.308839846042747376e+04 6.855667713704657217e+04 8.064618313246291655e+04 7.507160110524548509e+04 4.791728331556500131e-01
7.836897337318374790e-01 5.600994489539189436e-01 -8.396695873855605091e-03 6.357030313596351290e-01 6.315957021551650286e-01 3.203091125157003227e-01 3.224418722319091768e-01 1.035254697192584863e+05 7.962353508836717810e+04 8.338108952980797039e+04 5.187438007893988834e+04 2.405152706286417807e-01
4.400614473756966349e-01 3.934633678009868407e-01 2.500160311766074228e-01 3.436216334502947278e-01 2.336343475060176644e-01 3.470566037216193944e-01 3.182229865588702133e-01 8.830597328788413142e+04 7.046416023040932487e+04 8.198577400702111481e+04 8.458458120010822313e+04 4.152826968079071368e-01
2.624098881747030654e-01 6.287510520360823918e-01 6.098403890359208601e-01 3.793870845673061876e-01 1.687085684663491569e-01 3.125654965084771475e-01 2.665510865463388002e-01 1.367031809300531168e+05 1.111018312982011557e+05 8.060725713627011282e+04 4.055589670141415263e+04 2.385854312995753790e-01
2.982068672870100690e-01 3.791057359249841441e-01 1.914699064278591323e-01 3.564529569286002397e-01 2.382370133458668326e-01 3.361874394594028814e-01 2.980890496607739859e-01 1.492266267783257645e+05 1.102502361920088588e+05 8.889090118792967405e+04 5.887602728146184381e+04 2.681052375982545533e-01
4.107072252411739233e-01 5.534489425113396921e-01 3.015515747392434887e-01 4.780179487790251480e-01 2.344770891831731152e-01 4.079444942872766933e-01 3.396388531562777313e-01 1.486429739203091594e+05 8.950425209609085869e+04 8.830971480550832348e+04 1.107834659133647074e+05 2.669740576492812267e-01
3.151534653520505769e-01 4.753945310115157974e-01 3.472783210764759931e-01 3.859632916752652187e-01 2.463509433953369743e-01 3.537804582942603582e-01 3.237863788075556748e-01 1.399092904445877357e+05 1.096836767386753054e+05 8.449386759181115485e+04 1.137687105074546125e+05 3.095340445391790429e-01
2.825329187126452979e-01 4.899484435512221348e-01 5.315102734154412145e-01 3.708447359577365376e-01 1.896370743104008882e-01 3.363293391778645058e-01 4.169661159722087840e-01 1.227263735319480620e+05 9.962277829603412829e+04 7.480737790572569065e+04 1.074213850789465068e+05 3.217032536352902872e-01
3.336667031940783734e-01 4.812356809773619681e-01 3.844970640740489887e-01 4.555291849565658580e-01 3.008418815752434972e-01 2.639578357402355691e-01 4.013583987518177243e-01 1.549992898196249153e+05 1.077318335812279547e+05 8.792748903645535756e+04 7.566723088041835581e+04 3.846954371822807195e-01
4.573400340447193457e-01 4.700592708749234405e-01 3.132377334188662377e-01 2.286532222262417924e-01 2.460029418796279288e-01 3.230552252260896484e-01 4.336967816107397122e-01 9.780154322571952071e+04 7.846490343904051406e+04 8.097991402219638985e+04 4.578973652349189069e+04 2.455730638288435574e-01
3.789147035075710601e-01 5.153090401445169499e-01 3.967899828471301293e-01 5.057026108275287646e-01 2.524502118625303604e-01 3.757496890239982457e-01 3.910421011295550642e-01 1.445678415993250092e+05 9.927527448181237560e+04 7.906346550692121673e+04 5.096267578184355807e+04 3.011011308426805866e-01
2.677728128096873439e-01 6.293419674573325073e-01 3.334360071338790532e-01 6.454131994956046059e-01 2.203807123408292046e-01 3.051543123930096635e-01 2.694083193649573493e-01 1.371909208829928539e+05 1.116095092182165390e+05 8.053171523400837032e+04 4.326594364651489741e+04 2.420577927343275648e-01
3.356510881577575156e-01 4.069232117065013643e-01 6.083447481609320917e-01 4.301809813811977579e-01 2.604844612606906917e-01 3.816726585878587041e-01 3.390304491545800269e-01 1.530434271614702011e+05 1.128004117192974081e+05 8.862195214074032265e+04 8.708246701003852650e+04 2.943340884689127912e-01
4.492558228591072012e-01 5.826641164209509505e-01 3.966756642572854541e-01 3.694345844531021772e-01 2.553021449658486319e-01 3.306240563532613641e-01 4.817759551037629207e-01 1.207340840300727141e+05 1.090582875587130402e+05 8.508966220270136546e+04 4.647286508680084808e+04 3.523211728852002067e-01
3.175307193609813172e-01 5.158431478809271109e-01 4.566941511179482549e-01 3.737942045703920302e-01 2.041770659514784425e-01 3.523608099662771109e-01 3.239512593053759382e-01 1.251509707815102302e+05 1.034170144355411030e+05 8.005529130082177289e+04 2.857257590354649437e+04 3.051092856675187703e-01
2.633409910354913008e-01 6.143088360461449460e-01 2.688331542893711568e-01 6.337653056024986631e-01 2.250051396626648048e-01 2.868949176122068123e-01 2.624751995982109731e-01 1.018729812386516132e+05 8.334322813215503993e+04 8.009626741767510248e+04 4.597772965524877509e+04 2.372908992134765693e-01
3.728832159487071030e-01 5.115205615800025862e-01 2.952585050833160252e-01 4.773273533411595548e-01 2.442295477265472026e-01 3.996483945681855166e-01 3.972982265172039229e-01 1.149648786677955795e+05 1.170225244851869938e+05 8.596908115495834500e+04 1.003774731502063223e+05 3.539137902211775821e-01
2.544130588257053627e-01 5.692573231746317353e-01 5.948145485090586826e-01 3.712637409063867522e-01 1.698045110939497004e-01 2.885615945348847800e-01 2.428711665969484068e-01 8.214461074359052873e+04 6.884187813717030804e+04 7.785328763033005816e+04 6.123633113110556587e+04 5.679520701570200947e-01
4.295668651049400766e-01 5.641166697947881392e-01 3.144480524406907396e-01 4.221884735850621739e-01 2.857009512833820764e-01 4.405660743247618583e-01 3.363495159754339991e-01 7.797613596490502823e+04 9.776018134718685178e+04 7.815716501137308660e+04 4.606165433650553314e+04 4.212032420197426297e-01
4.214563095598842790e-01 2.154194801789875713e-01 2.119824318921104123e-01 3.590482630548715304e-01 2.332120231071611316e-01 3.581741695565295869e-01 3.156717572995710874e-01 1.027238140015776153e+05 8.174496579870507412e+04 8.189453836795652751e+04 9.458496021487432881e+04 2.412055710786558671e-01
3.241784767118059407e-01 6.430169804130752009e-01 5.990969906571989023e-01 4.265942924058094277e-01 3.378862545166444464e-01 4.976429994410485613e-01 4.748403782533926476e-01 1.359333285093094164e+05 1.063474739119860023e+05 8.368141761784288974e+04 5.835512906077704974e+04 2.803612577390413030e-01
4.775042511117995048e-01 3.824373017601305769e-01 2.184862157100852520e-01 3.915475845445643421e-01 2.466380817906852485e-01 3.583993257284990297e-01 3.191869038236334610e-01 1.390102238424290845e+05 1.067150545845225570e+05 8.529090722968601040e+04 7.559078373577268212e+04 2.833163482761281160e-01
2.793040713402428765e-01 6.297567079052397432e-01 2.977816750707679705e-01 6.415225730570450757e-01 2.384600540805933699e-01 3.282136699306845151e-01 2.840922776006633566e-01 1.352475390344641055e+05 1.036415439775564882e+05 8.558473505365136953e+04 5.688162585161077004e+04 2.526746300533757039e-01
3.881597684681322713e-01 4.401171850010381914e-01 4.933454532059222131e-01 4.351318477819298147e-01 2.152490117210950626e-01 3.449083432472886401e-01 3.915146719614685522e-01 1.429246449187398830e+05 1.059393698293097841e+05 8.316520461672822421e+04 5.246082995734209544e+04 3.644482906570600811e-01
4.220932255346566131e-01 6.221861184762262909e-01 1.847583586045189463e-01 4.281034697290880819e-01 1.894636428497820657e-01 3.461739666060171250e-01 2.880097691716247410e-01 1.408399984816644574e+05 1.101846030603918480e+05 8.375339672242777306e+04 4.977213313192757050e+04 2.429068854535165745e-01
3.272722618979909126e-01 5.144511789933310375e-01 3.452987617217139760e-01 4.281116595305910488e-01 2.033390395903419412e-01 3.565666430364808348e-01 3.505286779605348291e-01 1.377363700466974406e+05 1.185469900330496748e+05 8.850522880617766350e+04 7.426947000352361647e+04 2.851566763339733468e-01
3.320882973433921803e-01 5.831729230298389188e-01 4.901331788440883575e-01 4.360914331486961948e-01 2.737834397296276534e-01 3.202650103864922437e-01 3.626690578463964698e-01 1.590076032839466352e+05 9.800276399427241995e+04 8.399604741593141807e+04 6.828267897024334525e+04 3.171471222687633484e-01
4.047430369992828236e-01 3.056708537626388611e-01 1.514212963100670661e-01 2.793442406358344621e-01 1.926685874238865392e-01 2.647328088206465369e-01 2.489716472627241106e-01 1.110440068964275852e+05 9.219101973789575277e+04 7.883716029598133173e+04 3.937869042571895989e+04 2.331108319356507974e-01
2.936447825427990765e-01 4.289813862659441757e-01 5.414229336412552662e-01 5.054967441440973985e-01 2.452937032244015547e-01 2.969488468244645407e-01 3.972501337588524861e-01 1.596613519175284309e+05 9.721387903720987379e+04 7.732934230331426079e+04 9.195096352608647430e+04 3.476898222350755518e-01
2.798546629181546397e-01 6.379567761672919612e-01 6.285197604319132658e-01 4.007380936100255475e-01 1.847127687133892637e-01 3.418531484373646956e-01 2.854650441274790285e-01 1.344901136527981726e+05 1.042614184802799136e+05 8.456432525717966200e+04 5.651888104372657108e+04 2.541921900651138433e-01
3.056484595069005050e-01 5.650348364555526359e-01 4.598583419877531608e-01 5.397238182223031977e-01 3.016374130848802904e-01 3.884985645385394815e-01 3.248404044935278012e-01 1.154263214535865409e+05 1.138889000165398174e+05 7.923920963052818843e+04 5.029946732887232065e+04 1.667320036759901980e-01
5.365941455075861066e-01 6.021232335788424539e-01 2.371901638294805492e-01 5.757328270061922160e-01 1.582404347634422670e-01 3.861306625662069836e-01 3.349944497279722655e-01 1.587548471577823511e+05 1.161771947359196784e+05 8.556713478740370192e+04 6.347509860300745640e+04 3.678506317359695466e-01
3.763358721745996838e-01 5.147655261558087281e-01 3.233241555503084674e-01 3.459053365998374652e-01 2.376329051305360318e-01 3.729363027449750234e-01 3.727298818768517985e-01 1.459087357153890189e+05 1.130165689835490775e+05 7.924280336322913354e+04 5.906366519524153409e+04 3.538075052553155131e-01
3.554599686705735007e-01 5.205165794570029147e-01 3.906500436581515356e-01 5.252758806458708296e-01 2.764503341541733050e-01 3.315369703668893941e-01 3.631181706703125456e-01 1.354128783790069865e+05 1.040144025383787957e+05 9.038187201223422016e+04 8.387543798616687127e+04 3.037122648480973242e-01
3.131693731438646711e-01 5.157742426389497759e-01 3.860273652513279141e-01 4.280892441319507080e-01 1.956567629770516736e-01 3.218119296272452523e-01 2.952404265835963382e-01 1.226693917586631578e+05 1.260981968319777516e+05 8.550286648171667184e+04 8.754823444942774950e+04 3.674916158220037921e-01
3.758343948215930874e-01 5.577412458709811727e-01 3.937669866771970062e-01 3.907225629792934196e-01 2.207687222810626460e-01 3.601853363904600758e-01 3.600200391064694583e-01 1.425358577973344363e+05 1.024461902988981310e+05 8.562088454941917735e+04 8.052179448835033691e+04 3.171513086728239839e-01
4.059735471511634053e-01 5.384664026825345395e-01 4.421787899729672788e-01 4.271548456353109202e-01 2.368792343891257812e-01 3.613349731737933168e-01 4.203207791308695151e-01 1.488751501064104668e+05 8.747788055810992955e+04 8.324772737962388783e+04 1.058540196127413947e+05 2.824043835439432604e-01
3.826546350163575472e-01 5.890167309753779890e-01 3.248512247307903111e-01 4.395641840650538756e-01 2.355207017298074357e-01 3.386491538223916353e-01 4.162223080023612631e-01 1.191675016134753241e+05 1.031477032066612301e+05 8.561356186550830898e+04 8.201863043257524259e+04 3.310768720325577008e-01
3.086361402896053985e-01 5.069627626279613608e-01 3.853065452517636658e-01 4.333242933209848768e-01 2.601900005122932957e-01 2.208842783446582636e-01 4.192580806010600680e-01 1.272472970121043036e+05 1.044368873910932598e+05 8.017029659995315887e+04 8.905674379257092369e+04 3.007941884295073365e-01
3.360159772763154917e-01 3.738367867998100280e-01 4.576213483174531582e-01 4.487185792233341908e-01 2.432199241586950889e-01 3.187223678320257325e-01 4.223230615645502395e-01 1.044371056000884855e+05 1.009165732537357253e+05 8.895671897511366114e+04 5.326790558500993939e+04 3.417268349757082158e-01
2.860704991499030680e-01 6.139001151474242635e-01 5.545966822808049423e-01 3.492846433495393477e-01 1.932705980026293291e-01 3.389151657757007441e-01 2.676209679815482745e-01 1.272647924811166595e+05 1.025951501955187996e+05 8.119227163774894143e+04 4.387192055451174383e+04 2.200589386213038789e-01
3.784903091295765409e-01 6.074352748268395663e-01 4.221047697087327855e-01 4.624000317410926209e-01 2.089346585821318381e-01 3.960555972669816960e-01 3.170836008184692023e-01 1.242897789126103016e+05 1.001108390556091035e+05 8.762319913877517683e+04 9.125692502813790634e+04 2.001107554706000324e-01
6.148935485528942424e-01 2.230587913702223868e-01 2.803110747573804296e-01 -5.431279425556245419e-03 2.440348875910311466e-01 3.579372201336703530e-01 3.101229565285855694e-01 1.035975757086758531e+05 7.976468656613254279e+04 8.420519660593058506e+04 8.749665386412317457e+04 2.515850187698351337e-01
2.885079734951871977e-01 3.379895849181467904e-01 1.653937357011770748e-01 3.549101696087095248e-01 2.240900668711491850e-01 3.057055871613101328e-01 2.789889597379273112e-01 1.057095339314673329e+05 8.564603255851106951e+04 8.086393792024889262e+04 5.604793433474251651e+04 2.569446729436239418e-01
3.285829321787641089e-01 4.926457852302912888e-01 4.204291519502537100e-01 3.904558904107587880e-01 2.899318237005009680e-01 3.851171700438266732e-01 3.669808465523635155e-01 1.245231706129923696e+05 9.866627081312332302e+04 8.403189114919990243e+04 7.896626300888856349e+04 3.597707819305250854e-01
3.664862853228892936e-01 5.648851722733840841e-01 3.679892301832260459e-01 5.145387786691876242e-01 2.630162578111383542e-01 3.392472818105315979e-01 4.136272634439164819e-01 1.105703230238027172e+05 1.215016693504477735e+05 8.042786163810561993e+04 9.343982977814486367e+04 2.973902961275259327e-01
2.715935227507546013e-01 5.105279765470003284e-01 3.827123179485948934e-01 4.668141523808745919e-01 1.879392424058610178e-01 3.683414397260578732e-01 3.401085394357258318e-01 1.345478159062780906e+05 1.038709208827852417e+05 7.552153650633487268e+04 6.594191689831290569e+04 2.812465312256965388e-01
3.752646589354109996e-01 5.610213198283571234e-01 4.807191124922606806e-01 4.299363705581795703e-01 2.745674055516837964e-01 3.607733999517852563e-01 3.177263527821782563e-01 1.241326795385928708e+05 9.458310932362021413e+04 8.718456744205538416e+04 5.741999577376777597e+04 3.942289939888198314e-01
3.027188048048154445e-01 4.899946386049202629e-01 4.253677269098197766e-01 5.136436035425624436e-01 1.472674020406829209e-01 3.968658647077893953e-01 2.733317505600210140e-01 1.430648507092016807e+05 1.110176175197196135e+05 9.025819339064249652e+04 3.973336284460360912e+04 1.558646721155051429e-01
6.388249466870266069e-01 6.269530684590975955e-01 2.912103412945985514e-01 6.448058536189961165e-01 5.481396097793002076e-01 3.689054564782811019e-01 3.728852524030245030e-01 1.184995790299010114e+05 9.585332518141047331e+04 8.088773399749542295e+04 4.956457493440244434e+04 2.598803205609809819e-01
3.374174949743148355e-01 4.021485300815425545e-01 3.717869910408950207e-01 4.467521622245305690e-01 2.944044403304865165e-01 5.589221770874575057e-01 3.667499300831755238e-01 1.520118552228540648e+05 1.152747459706316004e+05 8.664566573982300179e+04 8.163600543551462761e+04 6.508286481615318531e-01
2.987234915357335208e-01 4.833905133417815692e-01 3.630445139218493877e-01 4.801071867180812802e-01 2.343118710432083307e-01 3.506823945391257524e-01 2.972555691844909753e-01 1.383523712992710643e+05 1.060327076203582401e+05 8.447605865783976333e+04 7.413951397748143063e+04 3.073547580067660934e-01
3.711748805436266840e-01 5.461576770170859518e-01 3.687681717873488307e-01 3.840310820939096259e-01 2.662374367338148362e-01 3.575476296168116352e-01 3.548460511382042770e-01 1.546668963322689815e+05 1.009155936860548682e+05 8.359494905731479230e+04 8.079711551461814088e+04 2.824128723577720157e-01
3.957191458236011261e-01 5.187223167917942579e-01 4.060659103904161737e-01 4.300459226653585709e-01 2.446037503242642630e-01 3.431639841499756205e-01 3.603472692004085487e-01 1.367895036784085969e+05 1.178499460634031129e+05 8.875563691905925225e+04 9.829774848669308994e+04 2.933727212576531240e-01
3.483515931176191516e-01 5.267217036865132762e-01 3.946900843479532184e-01 4.961917110913231510e-01 2.791720525934351382e-01 3.224983206774523770e-01 3.367507267332200405e-01 1.270194481630161754e+05 8.368874658161836851e+04 8.829992021259140165e+04 6.272664897450647550e+04 3.328907513540856900e-01
4.516063352522962648e-01 5.438781426476604342e-01 4.410499938491877492e-01 4.282854438493244875e-01 3.603634624204905545e-01 4.299938905070068706e-01 4.733470138131113947e-01 1.380895458211271325e+05 9.997814910654386040e+04 9.057419779544920311e+04 1.279724791162291222e+05 3.422447202641300534e-01
3.375539526909938082e-01 5.582581249043627736e-01 4.696392444573594949e-01 4.689737525633028703e-01 2.153283963412897239e-01 3.767753645470290347e-01 2.972855447191771194e-01 1.430020702092694410e+05 1.042289373209318583e+05 8.668188935344810307e+04 8.817233372165136097e+04 3.403786139509322184e-01
2.600083732106916456e-01 6.177013339705129669e-01 2.584465956477444148e-01 4.917058980359448883e-01 2.496180400431962376e-01 3.365859827183031450e-01 2.757766003681871858e-01 1.275269137192111957e+05 9.859124709069155506e+04 8.692841664484854846e+04 8.129368890791252488e+04 3.071309769722183614e-01
3.110104494623374682e-01 5.889221763304629542e-01 4.872489175505188563e-01 4.515270529338553107e-01 2.571342498666220333e-01 3.529870490338764544e-01 2.868332386376377663e-01 1.550864276732805010e+05 1.042865322903790511e+05 8.297013970761565724e+04 9.836073251862032339e+04 3.514158894417379053e-01
2.749943635225623462e-01 6.338712794601003564e-01 6.046200867881625918e-01 4.058931147851853050e-01 1.348039777509440762e-01 -1.193058218790529756e-01 2.218270121949657836e-01 1.181948180716052448e+05 9.337474928470978921e+04 8.134255074517003959e+04 4.695264104797640175e+04 2.257411764401279775e-01
3.407587135499644537e-01 5.459257743628534998e-01 4.198305485733322961e-01 4.164442696749610096e-01 2.322587203480564466e-01 3.697794043486296034e-01 2.902993253638506688e-01 1.392934867847236746e+05 1.020735962313750642e+05 8.335697330660416628e+04 9.569939612932375167e+04 1.825237512996545075e-01
2.560268252813215906e-01 6.118137896157191946e-01 1.920767152264582223e-01 4.368119481994460207e-01 1.936640013745174471e-01 2.350307723918644565e-01 2.640334827910065241e-01 1.088899738660422008e+05 8.865120749555615475e+04 8.044514242349565029e+04 4.584081525466766470e+04 2.428518279144534775e-01
3.909226396952640847e-01 5.797715399811003145e-01 3.313095860845068907e-01 3.918758998425860285e-01 2.670892626372884937e-01 3.460092932803966459e-01 4.146121373549102040e-01 9.691378933947984478e+04 9.545547704992655781e+04 8.888676820014177065e+04 9.150087645299651194e+04 3.224861674248430954e-01
3.075488833096567398e-01 4.860211649578440318e-01 3.947254851742044712e-01 4.357304567458083477e-01 1.848287335442521939e-01 3.483650873775528956e-01 2.906750654195370265e-01 1.484745006041976740e+05 1.013578885282977863e+05 8.275192142301236163e+04 6.627086736207042122e+04 3.745123027616841238e-01
3.491609615543323497e-01 6.087624159969347026e-01 4.311746561067509864e-01 5.083991848721156614e-01 2.851699488971374263e-01 3.094050422283343149e-01 3.465533260552636774e-01 1.508165069205072650e+05 9.627516003368477686e+04 9.019705172415464767e+04 9.216974435562049621e+04 2.553845068558428522e-01
3.405470480257292709e-01 5.173538075507354561e-01 4.038549829250240308e-01 3.458592552958779098e-01 2.775304048262841605e-01 3.493428589770315451e-01 2.598396656833981688e-01 1.632398859162377485e+05 1.119433161679549667e+05 8.206372200458792213e+04 4.043254220940862433e+04 3.221654524038294332e-01
3.155165723954656554e-01 5.556060536262424909e-01 1.607841942497669763e-01 4.561341443190333744e-01 1.836025050016723281e-01 3.081820293104072794e-01 2.548883057098697558e-01 8.909241382547937974e+04 7.337847682517855719e+04 7.931875909733976005e+04 6.543739118470497488e+04 5.736906464231744662e-01
2.828549485182581535e-01 5.807280273391438596e-01 4.871612366527376392e-01 3.724960225158951976e-01 2.870510753673691240e-01 3.232314413469927761e-01 3.152168586665075600e-01 1.326864218174418202e+05 1.136648920994805958e+05 9.007621272629115265e+04 8.548515040602142108e+04 4.091345464923427655e-01
3.783126258399222563e-01 3.793959676326986719e-01 3.303392227862598229e-01 4.124118148204672929e-01 2.540218919607472592e-01 3.842780819900109002e-01 2.754662804540959908e-01 1.191637507650492335e+05 1.139161099304490926e+05 8.913009314674802590e+04 5.692613681461176020e+04 2.299906363489228334e-01
3.652991642512051773e-01 5.398031679884480738e-01 3.804324583223471223e-01 4.355949927389431986e-01 2.335737966578749769e-01 3.542084366579859034e-01 3.685760794326167766e-01 1.159393387346238014e+05 1.116166924784264411e+05 8.798318527242226992e+04 7.662778781135032477e+04 3.702868964893105685e-01
3.101205591421703489e-01 5.931625067758011793e-01 4.736910923151131936e-01 4.445349512548906201e-01 2.257515334222563175e-01 3.018813248822512785e-01 3.002736427488064130e-01 1.331136738721349975e+05 1.065926433690408012e+05 8.473365667133338866e+04 8.473575726640237554e+04 2.626438597410430953e-01
3.303383138377944395e-01 5.907629439102640712e-01 3.432785920122673473e-01 4.710911356064488853e-01 2.138429819245408481e-01 3.792792908826640441e-01 2.821577780958065551e-01 1.375199168473414320e+05 1.095842588475217344e+05 7.980636920063516300e+04 8.860811478274143883e+04 3.067749970637428936e-01
3.194947643626915301e-01 5.545892411090745933e-01 3.294396772776384541e-01 4.200859899067571623e-01 1.973108050851651862e-01 3.074361948340992301e-01 3.343612541355733270e-01 1.286346113389349921e+05 1.097522414315783099e+05 8.879443006530374987e+04 7.766768633707448316e+04 3.476896496463517394e-01
3.113820629473388890e-01 4.921993273597154439e-01 3.762636348641001938e-01 4.669887905151055008e-01 2.719351703368136919e-01 3.380479300103644835e-01 3.366226971642348742e-01 1.406296609089911508e+05 1.016133036348195019e+05 8.791414586878547561e+04 6.816110401185213414e+04 2.999211073421673701e-01
3.546284230542682270e-01 5.500154335399620731e-01 4.543483175146423858e-01 4.209750077073126651e-01 2.539777589764413701e-01 3.996279110527475864e-01 3.179485270383494711e-01 1.432021526532820426e+05 1.012509413069080911e+05 8.575812122642417671e+04 7.201703732637930079e+04 3.631890474993346163e-01
3.615181817715513723e-01 6.510817597809789303e-01 3.897407092720653332e-01 4.034130792950761935e-01 2.371586416111658158e-01 3.064714834987649628e-01 3.358311895558145355e-01 1.357677828021114401e+05 9.055860092746512964e+04 8.565558411128331500e+04 5.921969020305637969e+04 2.896905359490256626e-01
3.813341863093882012e-01 4.092708182838593611e-01 2.650980601156530114e-01 4.564559675745185618e-01 2.989811935684563160e-01 3.710063620236185300e-01 3.846654665544988472e-01 1.455758416593480215e+05 1.016366714485612756e+05 7.990347831603047962e+04 3.998881416733102378e+04 3.005743727307296775e-01
3.466358904836651655e-01 4.664581648296518557e-01 4.756209631604546018e-01 3.816436338325914224e-01 2.740340264939148396e-01 3.922413126126922389e-01 3.696734517958531474e-01 1.312400395842026628e+05 9.257196161093555565e+04 8.279626936893485254e+04 1.043957745704389527e+05 3.578684426509664562e-01
2.926158094497873785e-01 5.552743211235326992e-01 4.902619695544298550e-01 4.209237662096619870e-01 3.082773083180929685e-01 4.221812408970003205e-01 4.083368264287803306e-01 1.514221533062217641e+05 1.080326293096216832e+05 7.891444847524604120e+04 8.665766622624194133e+04 3.302237043745733791e-01
3.404495293774638665e-01 4.706808937006212723e-01 5.675145165017152493e-01 4.661716650970280096e-01 2.664438272379210382e-01 4.192364738295544235e-01 3.656008764154792812e-01 1.368754634477810469e+05 1.097348883179808763e+05 8.596740325582034711e+04 8.889542898903859896e+04 3.415315579861988304e-01
2.895739215757184848e-01 4.978812806611535580e-01 4.287394261801901751e-01 4.371757869598329460e-01 1.986689730718418090e-01 3.541242617307859830e-01 3.343404326874441224e-01 1.296817289951521088e+05 1.049917955644070316e+05 7.970335832633334212e+04 5.526269329586770618e+04 2.731272190239287800e-01
3.112033846840496221e-01 5.673326024767696429e-01 4.762978382108171704e-01 5.022338869411353546e-01 2.557311025268289573e-01 3.522144285414207099e-01 3.299143822310475760e-01 1.355068375023044646e+05 9.308109391965814575e+04 8.063353308789336006e+04 6.246095841346163070e+04 3.072319332926487512e-01
3.718054303116980486e-01 5.009639731630881609e-01 4.024493805997043649e-01 4.452037672894447740e-01 2.242388219613649925e-01 3.246034142153045310e-01 4.034303665681085449e-01 1.385805187733631465e+05 1.087164923753977200e+05 8.057217547670198837e+04 9.245982932898181025e+04 3.346142177228981773e-01
3.353084389175465807e-01 5.303242672869755703e-01 3.638254744385436834e-01 4.378753611874692808e-01 2.462306487959224632e-01 3.187865565090973186e-01 3.421866273051770158e-01 1.299156474840678711e+05 1.014880293083032593e+05 8.979511995087275864e+04 6.306737219535990880e+04 2.539673212651923362e-01
5.298437470144550243e-01 7.172166798837806834e-01 5.878171653731003587e-01 5.870673939622337301e-01 8.767357017720948109e-01 5.192417189307626524e-01 5.668210158590628600e-01 7.831754062816187798e+04 6.281541506969794864e+04 8.188143606695449853e+04 5.215288760363336041e+04 4.692628836822182459e-01
3.742312414527989017e-01 6.093877047081007747e-01 4.423276793318731692e-01 4.725744214727703452e-01 3.022023459298410764e-01 3.254182390827484173e-01 3.782168639647925934e-01 1.233722738010697503e+05 1.001766841606085945e+05 8.181341474076117447e+04 6.277868781023840711e+04 2.589667062614209314e-01
3.684927602594962326e-01 5.233418824504690869e-01 3.842671863347668637e-01 4.304013110534410380e-01 1.838188000940090827e-01 3.304280659795242325e-01 3.754208296477981599e-01 1.494539530920486723e+05 1.004631751007597486e+05 8.401242494493044796e+04 4.508213705626864248e+04 3.249920479009535956e-01
3.388488846902801277e-01 4.797530464789706017e-01 5.927938166693718092e-01 4.341392504417426190e-01 2.141773954368967059e-01 3.560887866848235217e-01 3.169907815785151239e-01 1.417137174880690582e+05 1.128220621930607012e+05 8.458249741600471316e+04 1.158735378665213357e+05 4.026204787144511132e-01
4.201393782997822623e-01 4.971769392285985689e-01 3.808480666570042139e-01 5.014091096697254057e-01 2.423294465337914316e-01 3.787217881180416912e-01 3.396194957317659191e-01 1.227621531704278459e+05 8.684083128911370295e+04 8.365976314464934694e+04 8.973539063058931788e+04 2.905703060401062521e-01
3.085933762817150705e-01 5.183045728157454901e-01 4.406433964940482118e-01 4.652681488202874416e-01 2.405982878828188676e-01 3.383267871145767547e-01 3.937665051432419072e-01 1.334840777716120647e+05 9.601708111642168660e+04 8.199735271474318870e+04 5.762703077611128538e+04 2.546763875281301548e-01
4.084653738817553559e-01 6.105600570270038885e-01 5.342948453286557875e-01 5.654260709669238771e-01 1.823832090839550557e-01 3.549131439591933779e-01 3.459444829035648872e-01 1.302097407302234933e+05 1.161666432510183804e+05 8.511352810391965613e+04 9.180558183925572666e+04 2.808663978636088965e-01
4.547748823651639460e-01 2.963307230401471259e-01 2.973879323407345732e-01 4.163928538114831102e-01 2.401189072358596854e-01 4.016988832719012859e-01 3.466861627645257959e-01 1.185846378065916651e+05 9.187849750045260589e+04 8.453374934205730096e+04 1.348937419733146089e+05 6.161192820410392734e-01
3.797473187582085519e-01 5.110795228020866832e-01 4.130373240272827151e-01 4.190156361014232278e-01 2.307633207126783270e-01 3.591994074243311519e-01 3.564481785122438073e-01 1.595019922192005906e+05 1.080437823641092400e+05 8.692264934644362074e+04 7.121970742988053826e+04 2.552192378949739160e-01
3.305717555237580041e-01 5.794034657938499366e-01 4.572462087399875030e-01 5.275723677750266960e-01 2.087225095764470573e-01 3.404774898852484522e-01 3.160482754588100351e-01 1.430060153003205487e+05 1.101530039776928752e+05 8.544269907481323753e+04 6.794605871783134353e+04 3.103445946483180395e-01
3.328282064844090282e-01 3.075629651519919405e-01 3.593676143039148951e-01 4.097377600798240982e-01 2.449249365050580329e-01 3.963783066118301557e-01 3.395397427281015013e-01 1.430070989809663733e+05 1.112625827485462505e+05 8.405354939821828157e+04 1.580049206761899695e+05 6.235937241272818676e-01
2.483698967548065295e-01 5.982830941459611473e-01 2.217001161104907025e-01 5.057507301136846545e-01 1.945779801662285979e-01 2.521904017101039286e-01 2.385347960959889879e-01 7.491996742691476538e+04 6.253963306152784935e+04 7.831211052058682253e+04 3.948454072622812237e+04 5.030568131946663302e-01
3.318064920518032368e-01 5.422162290796569417e-01 1.800147596231756741e-01 4.242562121911367945e-01 1.995001132779516684e-01 3.403993747379152612e-01 3.232035551083285996e-01 1.624194847091515840e+05 1.225470446771953575e+05 8.891537494672696630e+04 3.359946544293189072e+04 1.869474995783459992e-01
2.372916022507565725e-01 4.875311115824686459e-01 3.877879408139600081e-01 4.611243039978958902e-01 2.787528843495902242e-01 3.395914482705222337e-01 3.447431086980159987e-01 1.263071773760187061e+05 9.991659697453230910e+04 7.855778776606044266e+04 6.327856049635381351e+04 3.374894342852606810e-01
3.711559516555323901e-01 4.797455751762511600e-01 4.326584395310314468e-01 4.901254896582624143e-01 3.006712934221252298e-01 3.322564076393219046e-01 3.546551519652797468e-01 1.458251361249499314e+05 1.084833300610926963e+05 8.552593940170959104e+04 8.357471791292853595e+04 3.168670744031860109e-01
3.535666153187189131e-01 5.649302562412191753e-01 4.074764947772057111e-01 4.671972554907136144e-01 2.329842365642705027e-01 3.667230317498111902e-01 3.996914853344988305e-01 1.651880996133346634e+05 9.444075386560149491e+04 8.424428870930806443e+04 6.512152528987544792e+04 3.193952281157870776e-01
3.848455104674899929e-01 4.724828342998504405e-01 2.738187717961073075e-01 3.712616525669589218e-01 2.814203972487532845e-01 3.920372678023342217e-01 3.259084777134449440e-01 1.335379234412675432e+05 1.128459626741644315e+05 8.615113276179591776e+04 8.342774308591803128e+04 2.638176877570028722e-01
2.955564105408828857e-01 2.887950836120242726e-01 1.559532623729529832e-01 3.446241517094555395e-01 1.983607211014821459e-01 3.070480737391540482e-01 2.695617110136181993e-01 8.673473580949380994e+04 7.175998047472868348e+04 7.898449557716550771e+04 8.910151491383387474e+04 5.804426790598909980e-01
2.760670642852640633e-01 6.455461084811630057e-01 1.801252210688521760e-01 3.489599576705796347e-01 1.882972036534656946e-01 2.974771831941346312e-01 2.651937445327986476e-01 1.012664261455551896e+05 8.278689491235656897e+04 8.015205371155052853e+04 4.863035713260537887e+04 2.437893496872736154e-01
3.688982469166820488e-01 5.498611604969859679e-01 4.467682038141210787e-01 4.664123253956897752e-01 2.748700752400598524e-01 3.455935275170551324e-01 2.924217082096338682e-01 1.582400540118681965e+05 1.032356403697544156e+05 8.836619862756367365e+04 9.133711063776785159e+04 3.109206104502114099e-01
4.028313015534327191e-01 5.455621774090192444e-01 3.238457326418736071e-01 4.687947067790967370e-01 2.444415922952720976e-01 3.278624120077274218e-01 3.532881086562016937e-01 1.315250510127359012e+05 1.077666645895648253e+05 8.920751886061244295e+04 7.169800010771292727e+04 3.118803361116586625e-01
3.038748922307625278e-01 5.448875285214771491e-01 3.967599522693793790e-01 4.232128851826943428e-01 2.477137681711915063e-01 3.063581847017119997e-01 2.429894081211083634e-01 1.462309327932345041e+05 1.002599800278628099e+05 8.389098758338447078e+04 5.645641004138543212e+04 3.747406528608961396e-01
3.519237858053312906e-01 5.360600826194895641e-01 3.232449017176998174e-01 3.987985566797461190e-01 1.838334940351382119e-01 3.591373734695348374e-01 3.060400398653997933e-01 1.765252750747677346e+05 1.019395461545532598e+05 8.019546017031063093e+04 9.391449616658290324e+04 3.463774247204993162e-01
2.640240595916226729e-01 6.281616878889114686e-01 5.244206216874582882e-01 5.256837635470383852e-01 2.200097964127590566e-01 3.619986350698804478e-01 3.606020432351569327e-01 1.354645297818353283e+05 9.179409346727370576e+04 8.495321745934445062e+04 6.223276060348948522e+04 2.974284969203061513e-01
3.235151677189639918e-01 5.302379471355513907e-01 3.702011237615083217e-01 4.230208140747893086e-01 1.957775317124036407e-01 3.300109477201360053e-01 2.814001523708279939e-01 1.432063022971572645e+05 1.098193166185512382e+05 8.353062250604984001e+04 8.000212788030036609e+04 2.836643326000796717e-01
3.557278158205505747e-01 5.552979642230666535e-01 3.945769243710221530e-01 3.947228041818371391e-01 2.182663886680002441e-01 3.489622467781504089e-01 4.675239515392939360e-01 1.222419220194607187e+05 1.067515783860376105e+05 8.548274296518840129e+04 9.385674703909071104e+04 3.326546292805453442e-01
2.351979129034644234e-01 4.630692250267707255e-01 4.270020796029224130e-01 4.986088731289289311e-01 2.656736476470004660e-01 3.646068465599274222e-01 2.935728796158117992e-01 1.306908858128349675e+05 7.909666001326066907e+04 8.404595181020470045e+04 9.031371972400233790e+04 2.748314880724198606e-01
3.427047862968176650e-01 4.785676584606853301e-01 4.155432130122915790e-01 3.902534742271977497e-01 2.678249429022763750e-01 3.444265025065665342e-01 4.260387999762328959e-01 1.274746039360021969e+05 9.865023001916646899e+04 8.187276179594313726e+04 4.919281372828780877e+04 2.753728763322564888e-01
3.694367130607931760e-01 5.073797722441923952e-01 3.747447323448417356e-01 4.267256478170539102e-01 2.602667898296926463e-01 3.606018547753690462e-01 3.692255093241358366e-01 1.155711020315225178e+05 8.524041380506283895e+04 8.448618772262003040e+04 6.787926572520467744e+04 3.016061956758043783e-01
2.404462160365998247e-01 4.658505119053843457e-01 3.138815394977529927e-01 4.572064790674271184e-01 2.269297853445640389e-01 3.710708279007558508e-01 3.944602323959581214e-01 1.496570104220527865e+05 1.105753312950240506e+05 8.195431057747542218e+04 9.794245619549631374e+04 2.678653386611704601e-01
2.446999677838292697e-01 5.198104750074363789e-01 4.310693075941354202e-01 4.087662982192072914e-01 2.522336689662856291e-01 3.534888270705106028e-01 3.916762866102425078e-01 1.665978640055779251e+05 1.016171179093916289e+05 7.847723306447138020e+04 6.972987192109016178e+04 2.930637929415886300e-01
3.915510834288056796e-01 5.150639369462122197e-01 3.873563990217965824e-01 4.603483443152926458e-01 1.471277748678207764e-01 4.063673805420687235e-01 3.980768457721015618e-01 1.323545249640569964e+05 1.003031596974218701e+05 9.020448175735757104e+04 9.178232713085318392e+04 3.834236642467952483e-01
3.498810535262384946e-01 4.584071464089185532e-01 4.354860004704256826e-01 3.315087546556558240e-01 1.708485924263786204e-01 3.090788061871203585e-01 4.475428152587948016e-01 1.706816638435948698e+05 1.073455293158117565e+05 8.260228095258284884e+04 9.348930129947485693e+04 3.174424028634160178e-01
3.759621552871941219e-01 4.795403188618097556e-01 3.529225423603943312e-01 5.325950299293793488e-01 1.997299670193045662e-01 3.549670316020587801e-01 3.374208117495443582e-01 1.510081150454290037e+05 8.139064081236346101e+04 8.608119762281363364e+04 4.822919935787475697e+04 3.625354320154968724e-01
3.383081574308054451e-01 4.910014701133851855e-01 4.158516650697673400e-01 4.430133584974345062e-01 2.794327180762005147e-01 3.517221308404924196e-01 2.978704725700050959e-01 1.435442318486257282e+05 9.838989637696291902e+04 8.759793226989166578e+04 7.638310134314006427e+04 2.934086478944015197e-01
3.382821555754070286e-01 3.277897509492426753e-01 3.564997828974020289e-01 3.978166920828795639e-01 2.494868334006256627e-01 3.706264154891252272e-01 3.510940967372535026e-01 1.476906492797368264e+05 1.138827657459959883e+05 8.489362468388458365e+04 1.496135437179216824e+05 3.770532804694374240e-01
3.585895580820014361e-01 5.615605239941771076e-01 3.759977689204061502e-01 3.675834948253197121e-01 2.918788939460790210e-01 3.599192447567733932e-01 2.950355793932530890e-01 1.324002967717171123e+05 1.117091141354023857e+05 8.305382769428008760e+04 3.856481636132751737e+04 2.843047204353033597e-01
4.183588541571250929e-01 5.229510096295858501e-01 5.168203908371711286e-01 4.724050567721891358e-01 2.907698533912249639e-01 3.427441360610969934e-01 4.346393561344350509e-01 1.219860140421201359e+05 9.673590475132345455e+04 8.137912493448985333e+04 9.659143561482969380e+04 3.257658406788205840e-01
3.563556535348662013e-01 4.941219246407228538e-01 3.301148344903475640e-01 4.264771021135912443e-01 2.753008172088313166e-01 3.374555014186874646e-01 4.140666487938846063e-01 1.332148051030070928e+05 1.033845117904627841e+05 8.589492879702897335e+04 7.184663827043864876e+04 2.963608452614348576e-01
3.633121700395276488e-01 5.068198445565048615e-01 3.681945164287068195e-01 4.333793720637991731e-01 2.111640544606352143e-01 3.443674481384160768e-01 3.973296800977235699e-01 1.681207342381770140e+05 9.525762562045945378e+04 7.926145706151019840e+04 4.846869547682535631e+04 3.481375623849931600e-01
3.660768479017489363e-01 6.192713921905287355e-01 4.144176456972576972e-01 4.535072880226440062e-01 1.987924095501147626e-01 3.357834562849799087e-01 4.214758330094546257e-01 1.466689411220047332e+05 8.983815074262028793e+04 8.583495853722227912e+04 6.730695749635905668e+04 3.328944681666368144e-01
3.128327711672914679e-01 6.490925441667495521e-01 3.465521775508376146e-01 4.043953905699697038e-01 2.540325635865722242e-01 3.456351458174632407e-01 3.136751855831870772e-01 1.259412673044664989e+05 1.104047933246199827e+05 7.898764774699149712e+04 8.573112943746948440e+04 2.596006170576509176e-01
3.064107505723810965e-01 4.749964248315705628e-01 4.868325593642239824e-01 4.282536092831685237e-01 2.393488226791853635e-01 3.444393836901161743e-01 4.199883774776102530e-01 1.474370118883471587e+05 1.066573357505651802e+05 8.714319098232797114e+04 7.709811330461522448e+04 3.082714416942249902e-01
2.589437740527998910e-01 6.166622352156960751e-01 6.053559332272829829e-01 3.729069391069875783e-01 1.792493739919369389e-01 2.925236637952454699e-01 2.582399283555754099e-01 9.943036192662984831e+04 8.140921096600804594e+04 8.002198541058333649e+04 4.406761747706268216e+04 2.327416795926203763e-01
4.209005263359603677e-01 4.428491029015458325e-01 4.831781757987415049e-01 3.903279385053999295e-01 2.722831614914259513e-01 3.915328381056571994e-01 4.610086050776328603e-01 1.872132452745884948e+05 9.766776529875854612e+04 8.082766028706748330e+04 1.097944028671169799e+05 3.317701791642412856e-01
3.808974454321853442e-01 5.195880272286129697e-01 4.253604305926818596e-01 4.454342576549238930e-01 2.442808044988049321e-01 3.208674162409295150e-01 2.907540057691336832e-01 1.328607919174823619e+05 1.158304785706847179e+05 8.850898164100048598e+04 9.817582152799230244e+04 2.781977690316727037e-01
3.500075658103025122e-01 5.432182196604246061e-01 3.923706127514947628e-01 4.557759910825652239e-01 2.391674464702186198e-01 3.838674012439902694e-01 2.389823155146455491e-01 1.336873712066152366e+05 1.100327853801537713e+05 9.007646854651099420e+04 7.977273240845152759e+04 3.681302698258378525e-01
4.187373821727322643e-01 5.530955105810397843e-01 5.299988344558421716e-01 3.761574748609510244e-01 2.622869870798582026e-01 2.825881521073455582e-01 3.654175905757985343e-01 1.652772277217443334e+05 1.119101960328483256e+05 8.464548425315454369e+04 4.184074466166066850e+04 3.223329599817070790e-01
2.916107340747293164e-01 4.868435299416397077e-01 4.661841448552073164e-01 4.865947685096688180e-01 1.976897244015163313e-01 3.943454293183619730e-01 2.311768274524539923e-01 1.462404830204657046e+05 1.096581641967429168e+05 8.761927312023899867e+04 5.465038372454611817e+04 3.794754752080175542e-01
5.103162712990685357e-01 5.620678467968461822e-01 3.663040388588014729e-01 3.932608001991599878e-01 3.255012668483338034e-01 3.861279453319271804e-01 4.520247184483682790e-01 1.309389813912534737e+05 1.020153898794975830e+05 8.391782284120643453e+04 7.014320360255273408e+04 2.889788961032231374e-01
3.154352706718257515e-01 5.546546141945314368e-01 2.957706010904360139e-01 4.214786442525149668e-01 2.536506368338494743e-01 2.848393127831689853e-01 3.591320628660131797e-01 1.598289638897189579e+05 1.178140610770239000e+05 8.502011858821177157e+04 6.971098306566519022e+04 2.959418180443047497e-01
2.919992571725559816e-01 3.552582463782660294e-01 1.697354046745106204e-01 3.638111647340992461e-01 2.310513725783008288e-01 3.278212833951523741e-01 2.853413314978711091e-01 1.427499624374690757e+05 1.148333322021183994e+05 8.141769567973809899e+04 5.244297309088631300e+04 2.601423707865891943e-01
3.302519554891666931e-01 5.693121533242923027e-01 4.761948348208825399e-01 5.208157362424120640e-01 2.125936523405760892e-01 3.439263045497672477e-01 4.008503286972920909e-01 1.008697097467178246e+05 9.521498982165461348e+04 7.909437962494236126e+04 7.349807459926330193e+04 2.693275838511049458e-01
3.427007978278953648e-01 5.217088462581443986e-01 3.462310911026398319e-01 4.673064501362989009e-01 2.046919255148458572e-01 3.070764388852856297e-01 4.548273736096324349e-01 1.298744708252399723e+05 1.012307786425821541e+05 8.650786570110802131e+04 6.952139490898077202e+04 2.785949370656035651e-01
3.807909789961073099e-01 5.333157648550388430e-01 3.287782276525335612e-01 4.853865900079777917e-01 2.908276863672261681e-01 3.589278420556724081e-01 4.311869914314911401e-01 1.408863113860958547e+05 7.584892800649147830e+04 8.315601707666784932e+04 7.849618022405986267e+04 3.200725978022609941e-01
4.147515791278709729e-01 5.735730852024467641e-01 5.265690504249314063e-01 4.366628011370541351e-01 5.479072159100160100e-01 5.521676247151804384e-01 6.768383426467938779e-01 9.419503752331626310e+04 7.537799770371768682e+04 7.617351085311787028e+04 8.899963640971986752e+04 5.163072678162240470e-01
4.984952284700271963e-01 4.807181138921308161e-01 3.465748049351259352e-01 6.288825073642269059e-01 3.303246636459858387e-01 5.013162232958914277e-01 3.140146795811545877e-01 1.180926056601526361e+05 9.821840844570565969e+04 9.051563357298586925e+04 6.005634182023532776e+04 3.160648645394616985e-01
3.485695146271560185e-01 4.845067443564661236e-01 4.495636489042471595e-01 4.439719758805419914e-01 2.751934062391809821e-01 3.714276888599513105e-01 3.532745603226036257e-01 1.276910555092780705e+05 1.075973226273082255e+05 8.732099118434060074e+04 9.089702169644474634e+04 2.758355389089519605e-01
2.979168267539548665e-01 5.014308471004683687e-01 4.317222343672760809e-01 5.066843478531533052e-01 2.068249818930878448e-01 2.797047001173049718e-01 3.426509232752381617e-01 1.430729461761203711e+05 1.075781131382995227e+05 8.627206186916833394e+04 7.022362927316474088e+04 2.786541315172912370e-01
2.568423186844296935e-01 6.149337773688985376e-01 5.918695409402539021e-01 2.689565275512436071e-01 1.699195967500734816e-01 2.161178648632929855e-01 2.549115345317101711e-01 1.167449534291228047e+05 9.567107894725352526e+04 7.988409927087220422e+04 3.806887113712292921e+04 2.279622421298344581e-01
4.097657464020922347e-01 5.365801497918808449e-01 5.611149018990869708e-01 4.064915534261027141e-01 2.177406026820636609e-01 4.031349050881047891e-01 3.458870371910308106e-01 1.375029281893198495e+05 1.272123207710459246e+05 8.396883401202908135e+04 5.123379387783551647e+04 1.654202197686505116e-01
2.879815028518606379e-01 5.172865375598262316e-01 4.850951271598973324e-01 4.106586651833322166e-01 1.568896852340771475e-01 3.806775634012780629e-01 2.788936934825172465e-01 1.415365264902987110e+05 8.370402043824095745e+04 8.081337916081985168e+04 3.743820523514557863e+04 2.275186171822808079e-01
3.129906939616428074e-01 4.709589974363554421e-01 3.783208707355511513e-01 4.551094546568607013e-01 2.367450613462247222e-01 3.282995580183092899e-01 3.228601539439574508e-01 1.425804453840861970e+05 1.016977686284341034e+05 8.276497606301322230e+04 7.833564745166065404e+04 2.651817547705078160e-01
3.192165756898582840e-01 5.370822673529580538e-01 3.612973098625755775e-01 4.176211449703307599e-01 2.923405306362346634e-01 3.227620242357027713e-01 3.709529516851761133e-01 1.208505137766889238e+05 8.328696228550502565e+04 8.636535517541802255e+04 6.531847580412021489e+04 3.593498685746673305e-01
4.030141486612677793e-01 4.897301921998761798e-01 3.948149949563234951e-01 4.347763842998651485e-01 2.590808629384830919e-01 3.875830375347410484e-01 3.562731436897086934e-01 1.553020484893964313e+05 1.010294922204305039e+05 8.783849317643916584e+04 2.881391688575279841e+04 3.115191780336080130e-01
5.275641604134659879e-01 6.119730773231620846e-01 5.604595896074494599e-01 4.952630657774853562e-01 8.869437040996949184e-01 6.133712677583674777e-01 6.910226049645387114e-01 1.275661214565650153e+05 1.012206454560853599e+05 8.264605674231130979e+04 5.310973328680052509e+04 3.166479706386349791e-01
3.369580111240122466e-01 5.287497759410194620e-01 4.259717391740370229e-01 3.749284656677418504e-01 2.442777603405505427e-01 3.081295226472345328e-01 3.113716535077848402e-01 1.458032574818800495e+05 9.569094151185418013e+04 8.066086356997511757e+04 9.406830462770664599e+04 3.248547954174755281e-01
3.652693626086094270e-01 5.559656882209370599e-01 4.251466914015633591e-01 4.683035197585955767e-01 2.370658516016485584e-01 3.829113660224509053e-01 2.268758282969774165e-01 1.792213379806181474e+05 9.634226398770626110e+04 8.879659108961719903e+04 8.129073684176339884e+04 3.298212326882699608e-01
3.436931185640569320e-01 5.536067324339182250e-01 3.728552430693003461e-01 4.476751154344562611e-01 2.565545803166422445e-01 3.740805053232374999e-01 3.824389938961635371e-01 1.186083540208449704e+05 9.437777667012216989e+04 8.323488284821092384e+04 5.684709757232550328e+04 2.714058986532700279e-01
3.574295612650784659e-01 5.601853189105042707e-01 3.195151729293123077e-01 4.164461924159455486e-01 1.691110709104076126e-01 3.635156094541010519e-01 3.202273382305305116e-01 1.209456959873997548e+05 9.848561536146722210e+04 8.292703573823838087e+04 6.478837793977621186e+04 2.781056583635094781e-01
3.356081779353259908e-01 5.694632701321160617e-01 3.821633170544220248e-01 4.522990277181635488e-01 2.804213344248493445e-01 3.251647526813403188e-01 3.650913665348407000e-01 1.417091127038822160e+05 1.155046339013553225e+05 8.776572131285379874e+04 8.192295306611787237e+04 3.044643220639613457e-01
3.504332615341990698e-01 5.573300916828058948e-01 5.089253385341929725e-01 4.683480463902857660e-01 2.429931681910009189e-01 3.199546338655545608e-01 2.969729493365720341e-01 1.313283387572333741e+05 8.578131693095406808e+04 8.863537098362116376e+04 6.851677309045515722e+04 3.112059235793083189e-01
5.641182841353136190e-01 5.949270100256655036e-01 4.146736401394434668e-01 4.302092881603176711e-01 3.845939724461293618e-01 4.000638575049645373e-01 4.100954133510993915e-01 1.523161940861105686e+05 1.145557572148084582e+05 8.705114794520137366e+04 8.923888457022067450e+04 3.118013113504920497e-01
3.626540978212333677e-01 6.573192986228645340e-01 5.366095051956392137e-01 4.446436457393668218e-01 3.284110267877389799e-01 3.467477008410781436e-01 3.922696709303725715e-01 1.049488585994556779e+05 1.150785816150859609e+05 8.315737286318565020e+04 6.012690888529494259e+04 2.728403715830402532e-01
5.358876888669406036e-01 6.274638042562452611e-01 5.578920779863403290e-01 4.755899755442687948e-01 8.686261895605262850e-01 3.360570402701644199e-01 6.724810632578411829e-01 1.283420274761540641e+05 1.022599903292456293e+05 8.210301136599865276e+04 4.819562786801478069e+04 2.997126920885749279e-01
