2.735955868645889022e-01 6.333334073808825071e-01 1.536947261035523926e-01 4.646180864983775471e-01 1.854953859165285601e-01 3.094771138550801992e-01 2.713874637958433311e-01 1.387426738718291745e+05 1.129495492031064641e+05 8.045895849781182187e+04 4.274896742388753046e+04 2.449709189394232434e-01
7.836897337318374790e-01 5.600994489539189436e-01 -8.396695873855605091e-03 6.357030313596351290e-01 6.315957021551650286e-01 3.203091125157003227e-01 3.224418722319091768e-01 1.035254697192584863e+05 7.962353508836717810e+04 8.338108952980797039e+04 5.187438007893988834e+04 2.405152706286417807e-01
2.624098881747030654e-01 6.287510520360823918e-01 6.098403890359208601e-01 3.793870845673061876e-01 1.687085684663491569e-01 3.125654965084771475e-01 2.665510865463388002e-01 1.367031809300531168e+05 1.111018312982011557e+05 8.060725713627011282e+04 4.055589670141415263e+04 2.385854312995753790e-01
2.982068672870100690e-01 3.791057359249841441e-01 1.914699064278591323e-01 3.564529569286002397e-01 2.382370133458668326e-01 3.361874394594028814e-01 2.980890496607739859e-01 1.492266267783257645e+05 1.102502361920088588e+05 8.889090118792967405e+04 5.887602728146184381e+04 2.681052375982545533e-01
4.573400340447193457e-01 4.700592708749234405e-01 3.132377334188662377e-01 2.286532222262417924e-01 2.460029418796279288e-01 3.230552252260896484e-01 4.336967816107397122e-01 9.780154322571952071e+04 7.846490343904051406e+04 8.097991402219638985e+04 4.578973652349189069e+04 2.455730638288435574e-01
3.789147035075710601e-01 5.153090401445169499e-01 3.967899828471301293e-01 5.057026108275287646e-01 2.524502118625303604e-01 3.757496890239982457e-01 3.910421011295550642e-01 1.445678415993250092e+05 9.927527448181237560e+04 7.906346550692121673e+04 5.096267578184355807e+04 3.011011308426805866e-01
2.677728128096873439e-01 6.293419674573325073e-01 3.334360071338790532e-01 6.454131994956046059e-01 2.203807123408292046e-01 3.051543123930096635e-01 2.694083193649573493e-01 1.371909208829928539e+05 1.116095092182165390e+05 8.053171523400837032e+04 4.326594364651489741e+04 2.420577927343275648e-01
4.492558228591072012e-01 5.826641164209509505e-01 3.966756642572854541e-01 3.694345844531021772e-01 2.553021449658486319e-01 3.306240563532613641e-01 4.817759551037629207e-01 1.207340840300727141e+05 1.090582875587130402e+05 8.508966220270136546e+04 4.647286508680084808e+04 3.523211728852002067e-01
3.175307193609813172e-01 5.158431478809271109e-01 4.566941511179482549e-01 3.737942045703920302e-01 2.041770659514784425e-01 3.523608099662771109e-01 3.239512593053759382e-01 1.251509707815102302e+05 1.034170144355411030e+05 8.005529130082177289e+04 2.857257590354649437e+04 3.051092856675187703e-01
2.633409910354913008e-01 6.143088360461449460e-01 2.688331542893711568e-01 6.337653056024986631e-01 2.250051396626648048e-01 2.868949176122068123e-01 2.624751995982109731e-01 1.018729812386516132e+05 8.334322813215503993e+04 8.009626741767510248e+04 4.597772965524877509e+04 2.372908992134765693e-01
3.241784767118059407e-01 6.430169804130752009e-01 5.990969906571989023e-01 4.265942924058094277e-01 3.378862545166444464e-01 4.976429994410485613e-01 4.748403782533926476e-01 1.359333285093094164e+05 1.063474739119860023e+05 8.368141761784288974e+04 5.835512906077704974e+04 2.803612577390413030e-01
4.775042511117995048e-01 3.824373017601305769e-01 2.184862157100852520e-01 3.915475845445643421e-01 2.466380817906852485e-01 3.583993257284990297e-01 3.191869038236334610e-01 1.390102238424290845e+05 1.067150545845225570e+05 8.529090722968601040e+04 7.559078373577268212e+04 2.833163482761281160e-01
2.793040713402428765e-01 6.297567079052397432e-01 2.977816750707679705e-01 6.415225730570450757e-01 2.384600540805933699e-01 3.282136699306845151e-01 2.840922776006633566e-01 1.352475390344641055e+05 1.036415439775564882e+05 8.558473505365136953e+04 5.688162585161077004e+04 2.526746300533757039e-01
3.881597684681322713e-01 4.401171850010381914e-01 4.933454532059222131e-01 4.351318477819298147e-01 2.152490117210950626e-01 3.449083432472886401e-01 3.915146719614685522e-01 1.429246449187398830e+05 1.059393698293097841e+05 8.316520461672822421e+04 5.246082995734209544e+04 3.644482906570600811e-01
4.220932255346566131e-01 6.221861184762262909e-01 1.847583586045189463e-01 4.281034697290880819e-01 1.894636428497820657e-01 3.461739666060171250e-01 2.880097691716247410e-01 1.408399984816644574e+05 1.101846030603918480e+05 8.375339672242777306e+04 4.977213313192757050e+04 2.429068854535165745e-01
3.272722618979909126e-01 5.144511789933310375e-01 3.452987617217139760e-01 4.281116595305910488e-01 2.033390395903419412e-01 3.565666430364808348e-01 3.505286779605348291e-01 1.377363700466974406e+05 1.185469900330496748e+05 8.850522880617766350e+04 7.426947000352361647e+04 2.851566763339733468e-01
3.320882973433921803e-01 5.831729230298389188e-01 4.901331788440883575e-01 4.360914331486961948e-01 2.737834397296276534e-01 3.202650103864922437e-01 3.626690578463964698e-01 1.590076032839466352e+05 9.800276399427241995e+04 8.399604741593141807e+04 6.828267897024334525e+04 3.171471222687633484e-01
4.047430369992828236e-01 3.056708537626388611e-01 1.514212963100670661e-01 2.793442406358344621e-01 1.926685874238865392e-01 2.647328088206465369e-01 2.489716472627241106e-01 1.110440068964275852e+05 9.219101973789575277e+04 7.883716029598133173e+04 3.937869042571895989e+04 2.331108319356507974e-01
2.798546629181546397e-01 6.379567761672919612e-01 6.285197604319132658e-01 4.007380936100255475e-01 1.847127687133892637e-01 3.418531484373646956e-01 2.854650441274790285e-01 1.344901136527981726e+05 1.042614184802799136e+05 8.456432525717966200e+04 5.651888104372657108e+04 2.541921900651138433e-01
3.056484595069005050e-01 5.650348364555526359e-01 4.598583419877531608e-01 5.397238182223031977e-01 3.016374130848802904e-01 3.884985645385394815e-01 3.248404044935278012e-01 1.154263214535865409e+05 1.138889000165398174e+05 7.923920963052818843e+04 5.029946732887232065e+04 1.667320036759901980e-01
5.365941455075861066e-01 6.021232335788424539e-01 2.371901638294805492e-01 5.757328270061922160e-01 1.582404347634422670e-01 3.861306625662069836e-01 3.349944497279722655e-01 1.587548471577823511e+05 1.161771947359196784e+05 8.556713478740370192e+04 6.347509860300745640e+04 3.678506317359695466e-01
3.763358721745996838e-01 5.147655261558087281e-01 3.233241555503084674e-01 3.459053365998374652e-01 2.376329051305360318e-01 3.729363027449750234e-01 3.727298818768517985e-01 1.459087357153890189e+05 1.130165689835490775e+05 7.924280336322913354e+04 5.906366519524153409e+04 3.538075052553155131e-01
3.360159772763154917e-01 3.738367867998100280e-01 4.576213483174531582e-01 4.487185792233341908e-01 2.432199241586950889e-01 3.187223678320257325e-01 4.223230615645502395e-01 1.044371056000884855e+05 1.009165732537357253e+05 8.895671897511366114e+04 5.326790558500993939e+04 3.417268349757082158e-01
2.860704991499030680e-01 6.139001151474242635e-01 5.545966822808049423e-01 3.492846433495393477e-01 1.932705980026293291e-01 3.389151657757007441e-01 2.676209679815482745e-01 1.272647924811166595e+05 1.025951501955187996e+05 8.119227163774894143e+04 4.387192055451174383e+04 2.200589386213038789e-01
2.885079734951871977e-01 3.379895849181467904e-01 1.653937357011770748e-01 3.549101696087095248e-01 2.240900668711491850e-01 3.057055871613101328e-01 2.789889597379273112e-01 1.057095339314673329e+05 8.564603255851106951e+04 8.086393792024889262e+04 5.604793433474251651e+04 2.569446729436239418e-01
2.715935227507546013e-01 5.105279765470003284e-01 3.827123179485948934e-01 4.668141523808745919e-01 1.879392424058610178e-01 3.683414397260578732e-01 3.401085394357258318e-01 1.345478159062780906e+05 1.038709208827852417e+05 7.552153650633487268e+04 6.594191689831290569e+04 2.812465312256965388e-01
3.027188048048154445e-01 4.899946386049202629e-01 4.253677269098197766e-01 5.136436035425624436e-01 1.472674020406829209e-01 3.968658647077893953e-01 2.733317505600210140e-01 1.430648507092016807e+05 1.110176175197196135e+05 9.025819339064249652e+04 3.973336284460360912e+04 1.558646721155051429e-01
6.388249466870266069e-01 6.269530684590975955e-01 2.912103412945985514e-01 6.448058536189961165e-01 5.481396097793002076e-01 3.689054564782811019e-01 3.728852524030245030e-01 1.184995790299010114e+05 9.585332518141047331e+04 8.088773399749542295e+04 4.956457493440244434e+04 2.598803205609809819e-01
2.987234915357335208e-01 4.833905133417815692e-01 3.630445139218493877e-01 4.801071867180812802e-01 2.343118710432083307e-01 3.506823945391257524e-01 2.972555691844909753e-01 1.383523712992710643e+05 1.060327076203582401e+05 8.447605865783976333e+04 7.413951397748143063e+04 3.073547580067660934e-01
3.483515931176191516e-01 5.267217036865132762e-01 3.946900843479532184e-01 4.961917110913231510e-01 2.791720525934351382e-01 3.224983206774523770e-01 3.367507267332200405e-01 1.270194481630161754e+05 8.368874658161836851e+04 8.829992021259140165e+04 6.272664897450647550e+04 3.328907513540856900e-01
2.749943635225623462e-01 6.338712794601003564e-01 6.046200867881625918e-01 4.058931147851853050e-01 1.348039777509440762e-01 -1.193058218790529756e-01 2.218270121949657836e-01 1.181948180716052448e+05 9.337474928470978921e+04 8.134255074517003959e+04 4.695264104797640175e+04 2.257411764401279775e-01
2.560268252813215906e-01 6.118137896157191946e-01 1.920767152264582223e-01 4.368119481994460207e-01 1.936640013745174471e-01 2.350307723918644565e-01 2.640334827910065241e-01 1.088899738660422008e+05 8.865120749555615475e+04 8.044514242349565029e+04 4.584081525466766470e+04 2.428518279144534775e-01
3.405470480257292709e-01 5.173538075507354561e-01 4.038549829250240308e-01 3.458592552958779098e-01 2.775304048262841605e-01 3.493428589770315451e-01 2.598396656833981688e-01 1.632398859162377485e+05 1.119433161679549667e+05 8.206372200458792213e+04 4.043254220940862433e+04 3.221654524038294332e-01
3.783126258399222563e-01 3.793959676326986719e-01 3.303392227862598229e-01 4.124118148204672929e-01 2.540218919607472592e-01 3.842780819900109002e-01 2.754662804540959908e-01 1.191637507650492335e+05 1.139161099304490926e+05 8.913009314674802590e+04 5.692613681461176020e+04 2.299906363489228334e-01
3.113820629473388890e-01 4.921993273597154439e-01 3.762636348641001938e-01 4.669887905151055008e-01 2.719351703368136919e-01 3.380479300103644835e-01 3.366226971642348742e-01 1.406296609089911508e+05 1.016133036348195019e+05 8.791414586878547561e+04 6.816110401185213414e+04 2.999211073421673701e-01
3.615181817715513723e-01 6.510817597809789303e-01 3.897407092720653332e-01 4.034130792950761935e-01 2.371586416111658158e-01 3.064714834987649628e-01 3.358311895558145355e-01 1.357677828021114401e+05 9.055860092746512964e+04 8.565558411128331500e+04 5.921969020305637969e+04 2.896905359490256626e-01
3.813341863093882012e-01 4.092708182838593611e-01 2.650980601156530114e-01 4.564559675745185618e-01 2.989811935684563160e-01 3.710063620236185300e-01 3.846654665544988472e-01 1.455758416593480215e+05 1.016366714485612756e+05 7.990347831603047962e+04 3.998881416733102378e+04 3.005743727307296775e-01
2.895739215757184848e-01 4.978812806611535580e-01 4.287394261801901751e-01 4.371757869598329460e-01 1.986689730718418090e-01 3.541242617307859830e-01 3.343404326874441224e-01 1.296817289951521088e+05 1.049917955644070316e+05 7.970335832633334212e+04 5.526269329586770618e+04 2.731272190239287800e-01
3.112033846840496221e-01 5.673326024767696429e-01 4.762978382108171704e-01 5.022338869411353546e-01 2.557311025268289573e-01 3.522144285414207099e-01 3.299143822310475760e-01 1.355068375023044646e+05 9.308109391965814575e+04 8.063353308789336006e+04 6.246095841346163070e+04 3.072319332926487512e-01
3.353084389175465807e-01 5.303242672869755703e-01 3.638254744385436834e-01 4.378753611874692808e-01 2.462306487959224632e-01 3.187865565090973186e-01 3.421866273051770158e-01 1.299156474840678711e+05 1.014880293083032593e+05 8.979511995087275864e+04 6.306737219535990880e+04 2.539673212651923362e-01
3.742312414527989017e-01 6.093877047081007747e-01 4.423276793318731692e-01 4.725744214727703452e-01 3.022023459298410764e-01 3.254182390827484173e-01 3.782168639647925934e-01 1.233722738010697503e+05 1.001766841606085945e+05 8.181341474076117447e+04 6.277868781023840711e+04 2.589667062614209314e-01
3.684927602594962326e-01 5.233418824504690869e-01 3.842671863347668637e-01 4.304013110534410380e-01 1.838188000940090827e-01 3.304280659795242325e-01 3.754208296477981599e-01 1.494539530920486723e+05 1.004631751007597486e+05 8.401242494493044796e+04 4.508213705626864248e+04 3.249920479009535956e-01
3.085933762817150705e-01 5.183045728157454901e-01 4.406433964940482118e-01 4.652681488202874416e-01 2.405982878828188676e-01 3.383267871145767547e-01 3.937665051432419072e-01 1.334840777716120647e+05 9.601708111642168660e+04 8.199735271474318870e+04 5.762703077611128538e+04 2.546763875281301548e-01
3.797473187582085519e-01 5.110795228020866832e-01 4.130373240272827151e-01 4.190156361014232278e-01 2.307633207126783270e-01 3.591994074243311519e-01 3.564481785122438073e-01 1.595019922192005906e+05 1.080437823641092400e+05 8.692264934644362074e+04 7.121970742988053826e+04 2.552192378949739160e-01
3.305717555237580041e-01 5.794034657938499366e-01 4.572462087399875030e-01 5.275723677750266960e-01 2.087225095764470573e-01 3.404774898852484522e-01 3.160482754588100351e-01 1.430060153003205487e+05 1.101530039776928752e+05 8.544269907481323753e+04 6.794605871783134353e+04 3.103445946483180395e-01
3.318064920518032368e-01 5.422162290796569417e-01 1.800147596231756741e-01 4.242562121911367945e-01 1.995001132779516684e-01 3.403993747379152612e-01 3.232035551083285996e-01 1.624194847091515840e+05 1.225470446771953575e+05 8.891537494672696630e+04 3.359946544293189072e+04 1.869474995783459992e-01
2.372916022507565725e-01 4.875311115824686459e-01 3.877879408139600081e-01 4.611243039978958902e-01 2.787528843495902242e-01 3.395914482705222337e-01 3.447431086980159987e-01 1.263071773760187061e+05 9.991659697453230910e+04 7.855778776606044266e+04 6.327856049635381351e+04 3.374894342852606810e-01
3.535666153187189131e-01 5.649302562412191753e-01 4.074764947772057111e-01 4.671972554907136144e-01 2.329842365642705027e-01 3.667230317498111902e-01 3.996914853344988305e-01 1.651880996133346634e+05 9.444075386560149491e+04 8.424428870930806443e+04 6.512152528987544792e+04 3.193952281157870776e-01
2.760670642852640633e-01 6.455461084811630057e-01 1.801252210688521760e-01 3.489599576705796347e-01 1.882972036534656946e-01 2.974771831941346312e-01 2.651937445327986476e-01 1.012664261455551896e+05 8.278689491235656897e+04 8.015205371155052853e+04 4.863035713260537887e+04 2.437893496872736154e-01
4.028313015534327191e-01 5.455621774090192444e-01 3.238457326418736071e-01 4.687947067790967370e-01 2.444415922952720976e-01 3.278624120077274218e-01 3.532881086562016937e-01 1.315250510127359012e+05 1.077666645895648253e+05 8.920751886061244295e+04 7.169800010771292727e+04 3.118803361116586625e-01
3.038748922307625278e-01 5.448875285214771491e-01 3.967599522693793790e-01 4.232128851826943428e-01 2.477137681711915063e-01 3.063581847017119997e-01 2.429894081211083634e-01 1.462309327932345041e+05 1.002599800278628099e+05 8.389098758338447078e+04 5.645641004138543212e+04 3.747406528608961396e-01
2.640240595916226729e-01 6.281616878889114686e-01 5.244206216874582882e-01 5.256837635470383852e-01 2.200097964127590566e-01 3.619986350698804478e-01 3.606020432351569327e-01 1.354645297818353283e+05 9.179409346727370576e+04 8.495321745934445062e+04 6.223276060348948522e+04 2.974284969203061513e-01
3.427047862968176650e-01 4.785676584606853301e-01 4.155432130122915790e-01 3.902534742271977497e-01 2.678249429022763750e-01 3.444265025065665342e-01 4.260387999762328959e-01 1.274746039360021969e+05 9.865023001916646899e+04 8.187276179594313726e+04 4.919281372828780877e+04 2.753728763322564888e-01
3.694367130607931760e-01 5.073797722441923952e-01 3.747447323448417356e-01 4.267256478170539102e-01 2.602667898296926463e-01 3.606018547753690462e-01 3.692255093241358366e-01 1.155711020315225178e+05 8.524041380506283895e+04 8.448618772262003040e+04 6.787926572520467744e+04 3.016061956758043783e-01
2.446999677838292697e-01 5.198104750074363789e-01 4.310693075941354202e-01 4.087662982192072914e-01 2.522336689662856291e-01 3.534888270705106028e-01 3.916762866102425078e-01 1.665978640055779251e+05 1.016171179093916289e+05 7.847723306447138020e+04 6.972987192109016178e+04 2.930637929415886300e-01
3.759621552871941219e-01 4.795403188618097556e-01 3.529225423603943312e-01 5.325950299293793488e-01 1.997299670193045662e-01 3.549670316020587801e-01 3.374208117495443582e-01 1.510081150454290037e+05 8.139064081236346101e+04 8.608119762281363364e+04 4.822919935787475697e+04 3.625354320154968724e-01
3.383081574308054451e-01 4.910014701133851855e-01 4.158516650697673400e-01 4.430133584974345062e-01 2.794327180762005147e-01 3.517221308404924196e-01 2.978704725700050959e-01 1.435442318486257282e+05 9.838989637696291902e+04 8.759793226989166578e+04 7.638310134314006427e+04 2.934086478944015197e-01
3.585895580820014361e-01 5.615605239941771076e-01 3.759977689204061502e-01 3.675834948253197121e-01 2.918788939460790210e-01 3.599192447567733932e-01 2.950355793932530890e-01 1.324002967717171123e+05 1.117091141354023857e+05 8.305382769428008760e+04 3.856481636132751737e+04 2.843047204353033597e-01
3.563556535348662013e-01 4.941219246407228538e-01 3.301148344903475640e-01 4.264771021135912443e-01 2.753008172088313166e-01 3.374555014186874646e-01 4.140666487938846063e-01 1.332148051030070928e+05 1.033845117904627841e+05 8.589492879702897335e+04 7.184663827043864876e+04 2.963608452614348576e-01
3.633121700395276488e-01 5.068198445565048615e-01 3.681945164287068195e-01 4.333793720637991731e-01 2.111640544606352143e-01 3.443674481384160768e-01 3.973296800977235699e-01 1.681207342381770140e+05 9.525762562045945378e+04 7.926145706151019840e+04 4.846869547682535631e+04 3.481375623849931600e-01
3.660768479017489363e-01 6.192713921905287355e-01 4.144176456972576972e-01 4.535072880226440062e-01 1.987924095501147626e-01 3.357834562849799087e-01 4.214758330094546257e-01 1.466689411220047332e+05 8.983815074262028793e+04 8.583495853722227912e+04 6.730695749635905668e+04 3.328944681666368144e-01
3.064107505723810965e-01 4.749964248315705628e-01 4.868325593642239824e-01 4.282536092831685237e-01 2.393488226791853635e-01 3.444393836901161743e-01 4.199883774776102530e-01 1.474370118883471587e+05 1.066573357505651802e+05 8.714319098232797114e+04 7.709811330461522448e+04 3.082714416942249902e-01
2.589437740527998910e-01 6.166622352156960751e-01 6.053559332272829829e-01 3.729069391069875783e-01 1.792493739919369389e-01 2.925236637952454699e-01 2.582399283555754099e-01 9.943036192662984831e+04 8.140921096600804594e+04 8.002198541058333649e+04 4.406761747706268216e+04 2.327416795926203763e-01
4.187373821727322643e-01 5.530955105810397843e-01 5.299988344558421716e-01 3.761574748609510244e-01 2.622869870798582026e-01 2.825881521073455582e-01 3.654175905757985343e-01 1.652772277217443334e+05 1.119101960328483256e+05 8.464548425315454369e+04 4.184074466166066850e+04 3.223329599817070790e-01
5.103162712990685357e-01 5.620678467968461822e-01 3.663040388588014729e-01 3.932608001991599878e-01 3.255012668483338034e-01 3.861279453319271804e-01 4.520247184483682790e-01 1.309389813912534737e+05 1.020153898794975830e+05 8.391782284120643453e+04 7.014320360255273408e+04 2.889788961032231374e-01
3.154352706718257515e-01 5.546546141945314368e-01 2.957706010904360139e-01 4.214786442525149668e-01 2.536506368338494743e-01 2.848393127831689853e-01 3.591320628660131797e-01 1.598289638897189579e+05 1.178140610770239000e+05 8.502011858821177157e+04 6.971098306566519022e+04 2.959418180443047497e-01
2.919992571725559816e-01 3.552582463782660294e-01 1.697354046745106204e-01 3.638111647340992461e-01 2.310513725783008288e-01 3.278212833951523741e-01 2.853413314978711091e-01 1.427499624374690757e+05 1.148333322021183994e+05 8.141769567973809899e+04 5.244297309088631300e+04 2.601423707865891943e-01
3.302519554891666931e-01 5.693121533242923027e-01 4.761948348208825399e-01 5.208157362424120640e-01 2.125936523405760892e-01 3.439263045497672477e-01 4.008503286972920909e-01 1.008697097467178246e+05 9.521498982165461348e+04 7.909437962494236126e+04 7.349807459926330193e+04 2.693275838511049458e-01
3.427007978278953648e-01 5.217088462581443986e-01 3.462310911026398319e-01 4.673064501362989009e-01 2.046919255148458572e-01 3.070764388852856297e-01 4.548273736096324349e-01 1.298744708252399723e+05 1.012307786425821541e+05 8.650786570110802131e+04 6.952139490898077202e+04 2.785949370656035651e-01
3.807909789961073099e-01 5.333157648550388430e-01 3.287782276525335612e-01 4.853865900079777917e-01 2.908276863672261681e-01 3.589278420556724081e-01 4.311869914314911401e-01 1.408863113860958547e+05 7.584892800649147830e+04 8.315601707666784932e+04 7.849618022405986267e+04 3.200725978022609941e-01
4.984952284700271963e-01 4.807181138921308161e-01 3.465748049351259352e-01 6.288825073642269059e-01 3.303246636459858387e-01 5.013162232958914277e-01 3.140146795811545877e-01 1.180926056601526361e+05 9.821840844570565969e+04 9.051563357298586925e+04 6.005634182023532776e+04 3.160648645394616985e-01
2.979168267539548665e-01 5.014308471004683687e-01 4.317222343672760809e-01 5.066843478531533052e-01 2.068249818930878448e-01 2.797047001173049718e-01 3.426509232752381617e-01 1.430729461761203711e+05 1.075781131382995227e+05 8.627206186916833394e+04 7.022362927316474088e+04 2.786541315172912370e-01
2.568423186844296935e-01 6.149337773688985376e-01 5.918695409402539021e-01 2.689565275512436071e-01 1.699195967500734816e-01 2.161178648632929855e-01 2.549115345317101711e-01 1.167449534291228047e+05 9.567107894725352526e+04 7.988409927087220422e+04 3.806887113712292921e+04 2.279622421298344581e-01
4.097657464020922347e-01 5.365801497918808449e-01 5.611149018990869708e-01 4.064915534261027141e-01 2.177406026820636609e-01 4.031349050881047891e-01 3.458870371910308106e-01 1.375029281893198495e+05 1.272123207710459246e+05 8.396883401202908135e+04 5.123379387783551647e+04 1.654202197686505116e-01
2.879815028518606379e-01 5.172865375598262316e-01 4.850951271598973324e-01 4.106586651833322166e-01 1.568896852340771475e-01 3.806775634012780629e-01 2.788936934825172465e-01 1.415365264902987110e+05 8.370402043824095745e+04 8.081337916081985168e+04 3.743820523514557863e+04 2.275186171822808079e-01
3.192165756898582840e-01 5.370822673529580538e-01 3.612973098625755775e-01 4.176211449703307599e-01 2.923405306362346634e-01 3.227620242357027713e-01 3.709529516851761133e-01 1.208505137766889238e+05 8.328696228550502565e+04 8.636535517541802255e+04 6.531847580412021489e+04 3.593498685746673305e-01
4.030141486612677793e-01 4.897301921998761798e-01 3.948149949563234951e-01 4.347763842998651485e-01 2.590808629384830919e-01 3.875830375347410484e-01 3.562731436897086934e-01 1.553020484893964313e+05 1.010294922204305039e+05 8.783849317643916584e+04 2.881391688575279841e+04 3.115191780336080130e-01
5.275641604134659879e-01 6.119730773231620846e-01 5.604595896074494599e-01 4.952630657774853562e-01 8.869437040996949184e-01 6.133712677583674777e-01 6.910226049645387114e-01 1.275661214565650153e+05 1.012206454560853599e+05 8.264605674231130979e+04 5.310973328680052509e+04 3.166479706386349791e-01
3.436931185640569320e-01 5.536067324339182250e-01 3.728552430693003461e-01 4.476751154344562611e-01 2.565545803166422445e-01 3.740805053232374999e-01 3.824389938961635371e-01 1.186083540208449704e+05 9.437777667012216989e+04 8.323488284821092384e+04 5.684709757232550328e+04 2.714058986532700279e-01
3.574295612650784659e-01 5.601853189105042707e-01 3.195151729293123077e-01 4.164461924159455486e-01 1.691110709104076126e-01 3.635156094541010519e-01 3.202273382305305116e-01 1.209456959873997548e+05 9.848561536146722210e+04 8.292703573823838087e+04 6.478837793977621186e+04 2.781056583635094781e-01
3.504332615341990698e-01 5.573300916828058948e-01 5.089253385341929725e-01 4.683480463902857660e-01 2.429931681910009189e-01 3.199546338655545608e-01 2.969729493365720341e-01 1.313283387572333741e+05 8.578131693095406808e+04 8.863537098362116376e+04 6.851677309045515722e+04 3.112059235793083189e-01
3.626540978212333677e-01 6.573192986228645340e-01 5.366095051956392137e-01 4.446436457393668218e-01 3.284110267877389799e-01 3.467477008410781436e-01 3.922696709303725715e-01 1.049488585994556779e+05 1.150785816150859609e+05 8.315737286318565020e+04 6.012690888529494259e+04 2.728403715830402532e-01
5.358876888669406036e-01 6.274638042562452611e-01 5.578920779863403290e-01 4.755899755442687948e-01 8.686261895605262850e-01 3.360570402701644199e-01 6.724810632578411829e-01 1.283420274761540641e+05 1.022599903292456293e+05 8.210301136599865276e+04 4.819562786801478069e+04 2.997126920885749279e-01
