2.735955868645889022e-01 6.333334073808825071e-01 1.536947261035523926e-01 4.646180864983775471e-01 1.854953859165285601e-01 3.094771138550801992e-01 2.713874637958433311e-01 1.387426738718291745e+05 1.129495492031064641e+05 8.045895849781182187e+04 4.274896742388753046e+04 2.449709189394232434e-01
7.836897337318374790e-01 5.600994489539189436e-01 -8.396695873855605091e-03 6.357030313596351290e-01 6.315957021551650286e-01 3.203091125157003227e-01 3.224418722319091768e-01 1.035254697192584863e+05 7.962353508836717810e+04 8.338108952980797039e+04 5.187438007893988834e+04 2.405152706286417807e-01
2.624098881747030654e-01 6.287510520360823918e-01 6.098403890359208601e-01 3.793870845673061876e-01 1.687085684663491569e-01 3.125654965084771475e-01 2.665510865463388002e-01 1.367031809300531168e+05 1.111018312982011557e+05 8.060725713627011282e+04 4.055589670141415263e+04 2.385854312995753790e-01
2.677728128096873439e-01 6.293419674573325073e-01 3.334360071338790532e-01 6.454131994956046059e-01 2.203807123408292046e-01 3.051543123930096635e-01 2.694083193649573493e-01 1.371909208829928539e+05 1.116095092182165390e+05 8.053171523400837032e+04 4.326594364651489741e+04 2.420577927343275648e-01
4.492558228591072012e-01 5.826641164209509505e-01 3.966756642572854541e-01 3.694345844531021772e-01 2.553021449658486319e-01 3.306240563532613641e-01 4.817759551037629207e-01 1.207340840300727141e+05 1.090582875587130402e+05 8.508966220270136546e+04 4.647286508680084808e+04 3.523211728852002067e-01
3.175307193609813172e-01 5.158431478809271109e-01 4.566941511179482549e-01 3.737942045703920302e-01 2.041770659514784425e-01 3.523608099662771109e-01 3.239512593053759382e-01 1.251509707815102302e+05 1.034170144355411030e+05 8.005529130082177289e+04 2.857257590354649437e+04 3.051092856675187703e-01
2.633409910354913008e-01 6.143088360461449460e-01 2.688331542893711568e-01 6.337653056024986631e-01 2.250051396626648048e-01 2.868949176122068123e-01 2.624751995982109731e-01 1.018729812386516132e+05 8.334322813215503993e+04 8.009626741767510248e+04 4.597772965524877509e+04 2.372908992134765693e-01
3.241784767118059407e-01 6.430169804130752009e-01 5.990969906571989023e-01 4.265942924058094277e-01 3.378862545166444464e-01 4.976429994410485613e-01 4.748403782533926476e-01 1.359333285093094164e+05 1.063474739119860023e+05 8.368141761784288974e+04 5.835512906077704974e+04 2.803612577390413030e-01
2.793040713402428765e-01 6.297567079052397432e-01 2.977816750707679705e-01 6.415225730570450757e-01 2.384600540805933699e-01 3.282136699306845151e-01 2.840922776006633566e-01 1.352475390344641055e+05 1.036415439775564882e+05 8.558473505365136953e+04 5.688162585161077004e+04 2.526746300533757039e-01
4.220932255346566131e-01 6.221861184762262909e-01 1.847583586045189463e-01 4.281034697290880819e-01 1.894636428497820657e-01 3.461739666060171250e-01 2.880097691716247410e-01 1.408399984816644574e+05 1.101846030603918480e+05 8.375339672242777306e+04 4.977213313192757050e+04 2.429068854535165745e-01
2.798546629181546397e-01 6.379567761672919612e-01 6.285197604319132658e-01 4.007380936100255475e-01 1.847127687133892637e-01 3.418531484373646956e-01 2.854650441274790285e-01 1.344901136527981726e+05 1.042614184802799136e+05 8.456432525717966200e+04 5.651888104372657108e+04 2.541921900651138433e-01
3.056484595069005050e-01 5.650348364555526359e-01 4.598583419877531608e-01 5.397238182223031977e-01 3.016374130848802904e-01 3.884985645385394815e-01 3.248404044935278012e-01 1.154263214535865409e+05 1.138889000165398174e+05 7.923920963052818843e+04 5.029946732887232065e+04 1.667320036759901980e-01
5.365941455075861066e-01 6.021232335788424539e-01 2.371901638294805492e-01 5.757328270061922160e-01 1.582404347634422670e-01 3.861306625662069836e-01 3.349944497279722655e-01 1.587548471577823511e+05 1.161771947359196784e+05 8.556713478740370192e+04 6.347509860300745640e+04 3.678506317359695466e-01
2.860704991499030680e-01 6.139001151474242635e-01 5.545966822808049423e-01 3.492846433495393477e-01 1.932705980026293291e-01 3.389151657757007441e-01 2.676209679815482745e-01 1.272647924811166595e+05 1.025951501955187996e+05 8.119227163774894143e+04 4.387192055451174383e+04 2.200589386213038789e-01
6.388249466870266069e-01 6.269530684590975955e-01 2.912103412945985514e-01 6.448058536189961165e-01 5.481396097793002076e-01 3.689054564782811019e-01 3.728852524030245030e-01 1.184995790299010114e+05 9.585332518141047331e+04 8.088773399749542295e+04 4.956457493440244434e+04 2.598803205609809819e-01
2.749943635225623462e-01 6.338712794601003564e-01 6.046200867881625918e-01 4.058931147851853050e-01 1.348039777509440762e-01 -1.193058218790529756e-01 2.218270121949657836e-01 1.181948180716052448e+05 9.337474928470978921e+04 8.134255074517003959e+04 4.695264104797640175e+04 2.257411764401279775e-01
2.560268252813215906e-01 6.118137896157191946e-01 1.920767152264582223e-01 4.368119481994460207e-01 1.936640013745174471e-01 2.350307723918644565e-01 2.640334827910065241e-01 1.088899738660422008e+05 8.865120749555615475e+04 8.044514242349565029e+04 4.584081525466766470e+04 2.428518279144534775e-01
3.615181817715513723e-01 6.510817597809789303e-01 3.897407092720653332e-01 4.034130792950761935e-01 2.371586416111658158e-01 3.064714834987649628e-01 3.358311895558145355e-01 1.357677828021114401e+05 9.055860092746512964e+04 8.565558411128331500e+04 5.921969020305637969e+04 2.896905359490256626e-01
3.742312414527989017e-01 6.093877047081007747e-01 4.423276793318731692e-01 4.725744214727703452e-01 3.022023459298410764e-01 3.254182390827484173e-01 3.782168639647925934e-01 1.233722738010697503e+05 1.001766841606085945e+05 8.181341474076117447e+04 6.277868781023840711e+04 2.589667062614209314e-01
3.318064920518032368e-01 5.422162290796569417e-01 1.800147596231756741e-01 4.242562121911367945e-01 1.995001132779516684e-01 3.403993747379152612e-01 3.232035551083285996e-01 1.624194847091515840e+05 1.225470446771953575e+05 8.891537494672696630e+04 3.359946544293189072e+04 1.869474995783459992e-01
2.760670642852640633e-01 6.455461084811630057e-01 1.801252210688521760e-01 3.489599576705796347e-01 1.882972036534656946e-01 2.974771831941346312e-01 2.651937445327986476e-01 1.012664261455551896e+05 8.278689491235656897e+04 8.015205371155052853e+04 4.863035713260537887e+04 2.437893496872736154e-01
2.640240595916226729e-01 6.281616878889114686e-01 5.244206216874582882e-01 5.256837635470383852e-01 2.200097964127590566e-01 3.619986350698804478e-01 3.606020432351569327e-01 1.354645297818353283e+05 9.179409346727370576e+04 8.495321745934445062e+04 6.223276060348948522e+04 2.974284969203061513e-01
3.585895580820014361e-01 5.615605239941771076e-01 3.759977689204061502e-01 3.675834948253197121e-01 2.918788939460790210e-01 3.599192447567733932e-01 2.950355793932530890e-01 1.324002967717171123e+05 1.117091141354023857e+05 8.305382769428008760e+04 3.856481636132751737e+04 2.843047204353033597e-01
3.660768479017489363e-01 6.192713921905287355e-01 4.144176456972576972e-01 4.535072880226440062e-01 1.987924095501147626e-01 3.357834562849799087e-01 4.214758330094546257e-01 1.466689411220047332e+05 8.983815074262028793e+04 8.583495853722227912e+04 6.730695749635905668e+04 3.328944681666368144e-01
2.589437740527998910e-01 6.166622352156960751e-01 6.053559332272829829e-01 3.729069391069875783e-01 1.792493739919369389e-01 2.925236637952454699e-01 2.582399283555754099e-01 9.943036192662984831e+04 8.140921096600804594e+04 8.002198541058333649e+04 4.406761747706268216e+04 2.327416795926203763e-01
4.187373821727322643e-01 5.530955105810397843e-01 5.299988344558421716e-01 3.761574748609510244e-01 2.622869870798582026e-01 2.825881521073455582e-01 3.654175905757985343e-01 1.652772277217443334e+05 1.119101960328483256e+05 8.464548425315454369e+04 4.184074466166066850e+04 3.223329599817070790e-01
2.568423186844296935e-01 6.149337773688985376e-01 5.918695409402539021e-01 2.689565275512436071e-01 1.699195967500734816e-01 2.161178648632929855e-01 2.549115345317101711e-01 1.167449534291228047e+05 9.567107894725352526e+04 7.988409927087220422e+04 3.806887113712292921e+04 2.279622421298344581e-01
5.275641604134659879e-01 6.119730773231620846e-01 5.604595896074494599e-01 4.952630657774853562e-01 8.869437040996949184e-01 6.133712677583674777e-01 6.910226049645387114e-01 1.275661214565650153e+05 1.012206454560853599e+05 8.264605674231130979e+04 5.310973328680052509e+04 3.166479706386349791e-01
3.626540978212333677e-01 6.573192986228645340e-01 5.366095051956392137e-01 4.446436457393668218e-01 3.284110267877389799e-01 3.467477008410781436e-01 3.922696709303725715e-01 1.049488585994556779e+05 1.150785816150859609e+05 8.315737286318565020e+04 6.012690888529494259e+04 2.728403715830402532e-01
5.358876888669406036e-01 6.274638042562452611e-01 5.578920779863403290e-01 4.755899755442687948e-01 8.686261895605262850e-01 3.360570402701644199e-01 6.724810632578411829e-01 1.283420274761540641e+05 1.022599903292456293e+05 8.210301136599865276e+04 4.819562786801478069e+04 2.997126920885749279e-01
