2.624098881747030654e-01 6.287510520360823918e-01 6.098403890359208601e-01 3.793870845673061876e-01 1.687085684663491569e-01 3.125654965084771475e-01 2.665510865463388002e-01 1.367031809300531168e+05 1.111018312982011557e+05 8.060725713627011282e+04 4.055589670141415263e+04 2.385854312995753790e-01
3.175307193609813172e-01 5.158431478809271109e-01 4.566941511179482549e-01 3.737942045703920302e-01 2.041770659514784425e-01 3.523608099662771109e-01 3.239512593053759382e-01 1.251509707815102302e+05 1.034170144355411030e+05 8.005529130082177289e+04 2.857257590354649437e+04 3.051092856675187703e-01
3.241784767118059407e-01 6.430169804130752009e-01 5.990969906571989023e-01 4.265942924058094277e-01 3.378862545166444464e-01 4.976429994410485613e-01 4.748403782533926476e-01 1.359333285093094164e+05 1.063474739119860023e+05 8.368141761784288974e+04 5.835512906077704974e+04 2.803612577390413030e-01
2.798546629181546397e-01 6.379567761672919612e-01 6.285197604319132658e-01 4.007380936100255475e-01 1.847127687133892637e-01 3.418531484373646956e-01 2.854650441274790285e-01 1.344901136527981726e+05 1.042614184802799136e+05 8.456432525717966200e+04 5.651888104372657108e+04 2.541921900651138433e-01
2.860704991499030680e-01 6.139001151474242635e-01 5.545966822808049423e-01 3.492846433495393477e-01 1.932705980026293291e-01 3.389151657757007441e-01 2.676209679815482745e-01 1.272647924811166595e+05 1.025951501955187996e+05 8.119227163774894143e+04 4.387192055451174383e+04 2.200589386213038789e-01
2.749943635225623462e-01 6.338712794601003564e-01 6.046200867881625918e-01 4.058931147851853050e-01 1.348039777509440762e-01 -1.193058218790529756e-01 2.218270121949657836e-01 1.181948180716052448e+05 9.337474928470978921e+04 8.134255074517003959e+04 4.695264104797640175e+04 2.257411764401279775e-01
3.742312414527989017e-01 6.093877047081007747e-01 4.423276793318731692e-01 4.725744214727703452e-01 3.022023459298410764e-01 3.254182390827484173e-01 3.782168639647925934e-01 1.233722738010697503e+05 1.001766841606085945e+05 8.181341474076117447e+04 6.277868781023840711e+04 2.589667062614209314e-01
2.640240595916226729e-01 6.281616878889114686e-01 5.244206216874582882e-01 5.256837635470383852e-01 2.200097964127590566e-01 3.619986350698804478e-01 3.606020432351569327e-01 1.354645297818353283e+05 9.179409346727370576e+04 8.495321745934445062e+04 6.223276060348948522e+04 2.974284969203061513e-01
2.589437740527998910e-01 6.166622352156960751e-01 6.053559332272829829e-01 3.729069391069875783e-01 1.792493739919369389e-01 2.925236637952454699e-01 2.582399283555754099e-01 9.943036192662984831e+04 8.140921096600804594e+04 8.002198541058333649e+04 4.406761747706268216e+04 2.327416795926203763e-01
4.187373821727322643e-01 5.530955105810397843e-01 5.299988344558421716e-01 3.761574748609510244e-01 2.622869870798582026e-01 2.825881521073455582e-01 3.654175905757985343e-01 1.652772277217443334e+05 1.119101960328483256e+05 8.464548425315454369e+04 4.184074466166066850e+04 3.223329599817070790e-01
2.568423186844296935e-01 6.149337773688985376e-01 5.918695409402539021e-01 2.689565275512436071e-01 1.699195967500734816e-01 2.161178648632929855e-01 2.549115345317101711e-01 1.167449534291228047e+05 9.567107894725352526e+04 7.988409927087220422e+04 3.806887113712292921e+04 2.279622421298344581e-01
5.275641604134659879e-01 6.119730773231620846e-01 5.604595896074494599e-01 4.952630657774853562e-01 8.869437040996949184e-01 6.133712677583674777e-01 6.910226049645387114e-01 1.275661214565650153e+05 1.012206454560853599e+05 8.264605674231130979e+04 5.310973328680052509e+04 3.166479706386349791e-01
3.626540978212333677e-01 6.573192986228645340e-01 5.366095051956392137e-01 4.446436457393668218e-01 3.284110267877389799e-01 3.467477008410781436e-01 3.922696709303725715e-01 1.049488585994556779e+05 1.150785816150859609e+05 8.315737286318565020e+04 6.012690888529494259e+04 2.728403715830402532e-01
5.358876888669406036e-01 6.274638042562452611e-01 5.578920779863403290e-01 4.755899755442687948e-01 8.686261895605262850e-01 3.360570402701644199e-01 6.724810632578411829e-01 1.283420274761540641e+05 1.022599903292456293e+05 8.210301136599865276e+04 4.819562786801478069e+04 2.997126920885749279e-01
