7.064693040846090621e-01 -2.112196046508211522e-01 6.939943239415838350e-02 5.740486499867404335e-01 8.096652119606814191e-01 6.104723185673397445e-01 5.863841395919017208e-01 -2.679430170758878347e+06 2.342351128071946150e+05 3.373872754355732468e+04 -2.088776609739208827e+06 -1.377465043009072909e-01
3.497913900389869601e-01 6.700797675284901889e-01 2.909808458461372038e-01 4.032687317981793473e-01 1.949372947140415868e-01 3.348398402373192195e-01 2.617516511393391254e-01 1.065583881333194731e+05 9.893916977362560283e+04 7.079698847902526904e+04 5.377010233535577572e+04 2.214944195304618946e-01
5.297148728791302164e-01 3.870447904718690157e-01 3.561865791696470218e-01 4.285510601270652864e-01 4.380097075597547684e-01 2.361218839520580204e-01 2.989072909763512143e-01 6.631531150119121594e+04 6.113585822391359397e+04 7.056629691296390956e+04 2.914896249758099293e+04 4.117230361875905409e-01
5.670788518154400437e-01 6.177665941099348412e-01 3.157114975510794119e-01 6.148701503215776576e-01 2.444929091709479030e-01 3.449589873344096058e-01 3.130608114126962049e-01 1.588950445826264040e+05 1.387584151958079310e+05 7.550054442610983097e+04 7.905885087907576235e+04 3.836069926659997908e-01
4.612853988874699440e-01 6.365453150137734273e-01 5.215347516481114720e-01 5.724902390556292353e-01 2.605157545563909771e-01 3.455919534619452671e-01 3.215607357732556681e-01 2.560747495018670743e+05 2.055092230123417103e+05 8.338397039503065753e+04 1.304849060492475546e+05 5.458880919926066833e-01
3.328125780094207120e-01 5.918989713353698390e-01 6.936120772693332714e-01 2.484647751185699027e-01 1.999528984386991226e-01 2.561827872714201870e-01 2.084018955355980696e-01 6.590253077314516122e+04 6.045484907296628808e+04 7.178965952659409959e+04 3.625410741423838044e+04 3.147568088286143428e-01
7.365246332596713241e-01 4.300354844433365020e-01 4.628952312509318490e-01 4.380638140288645177e-01 2.820897713226294679e-01 3.650620211131099802e-01 4.093593987521502719e-01 6.905415432923482149e+04 6.019255870511478133e+04 7.533403394746950653e+04 9.073399613123717427e+04 5.003527504103477686e-01
5.876480368338683480e-01 -3.569994694431835591e-01 7.880387815248041106e-01 4.612661085943401407e-01 9.168982383247125112e-01 4.814262540975297600e-01 4.780017190079607903e-01 7.908276715149055235e+04 6.454705731999153068e+04 7.321981813594483538e+04 4.865570686554376152e+04 2.658020397873186447e-01
6.377361807626712453e-01 4.773591624944069078e-01 6.467254608448053110e-01 4.772926267558296742e-01 3.815896595845367778e-01 4.815584251325720766e-01 6.137773129305121866e-01 2.026175443895342178e+05 1.801105267513335857e+05 7.391977366037394677e+04 1.824773229914912663e+05 4.023641267655861942e-01
6.983473624232771071e-01 4.821249841776166778e-01 4.997482014079557278e-01 5.114956078953791785e-01 3.381463638014440831e-01 4.352469980831379370e-01 4.321776784908147317e-01 1.925223933724962990e+05 1.200438013060343073e+05 1.054768174607027322e+05 1.923218495100625732e+05 5.843102166159797051e-01
3.620886298137627191e-01 3.334350807070377010e-01 1.885787936580622937e-01 3.477119125371648800e-01 2.605756921884761490e-01 2.494239538429342262e-01 2.627801179911349871e-01 8.303045823213396943e+04 5.959101766310076346e+04 9.096338795379834482e+04 5.601469295367710583e+04 3.028662294593926219e-01
4.204169867068357491e-01 6.290610251942659881e-01 7.115362577624864127e-01 4.136566767260444477e-01 2.408811550800019352e-01 3.120643879878477467e-01 2.920080993653596524e-01 1.612109225276909128e+05 1.413283439805177622e+05 7.498244477197089873e+04 9.039236585988808656e+04 3.862809987497282660e-01
5.921788181949745322e-01 4.167366432757569905e-01 3.984483003667622647e-01 4.265618807792103118e-01 2.905196165670433373e-01 3.782265582134952675e-01 3.631018179264116075e-01 1.476559956471904879e+05 1.214886548361181776e+05 7.983418286798137706e+04 1.291991594986168056e+05 4.453504589138384540e-01
4.756685855606712643e-01 4.340031899875048671e-01 4.163998228862680895e-01 3.367227939255548197e-01 3.325994134080524356e-01 4.892913417911565199e-01 5.966413246799985304e-01 1.156642412070577993e+05 8.993527148410544032e+04 8.392864267095585819e+04 2.459323803532439342e+05 3.347626195587758424e-01
5.477170071684172026e-01 1.658310677824887946e-01 3.009182670640042634e-01 5.111352276959264529e-01 3.016967845851759589e-01 4.917008494016634756e-01 3.451611764161897633e-01 8.660398428085085470e+04 7.731136665091916802e+04 7.372441300794504059e+04 9.010908383339231659e+04 6.387735963800944550e-01
5.732675946296175162e-01 6.178383990962215133e-01 3.908711372428454456e-01 6.146025885685556522e-01 2.789411323225634010e-01 3.799196555913857964e-01 3.359608354493848759e-01 1.488792309183902689e+05 9.326062896218370588e+04 1.038592212011679658e+05 1.196133833939584001e+05 5.285836155777962064e-01
5.662065411346911548e-01 5.558801488920045442e-01 5.765696039425255437e-01 2.741799325733047521e-01 3.482740268827794750e-01 3.638386505289251671e-01 3.321855444831341431e-01 1.396437622986352071e+05 1.151860758800910844e+05 7.827008072443951096e+04 9.101459214798953326e+04 3.679964986656140136e-01
6.879489326672469929e-01 5.329072107169203765e-01 6.668345062728535666e-01 5.073476481978241859e-01 3.819777302056374668e-01 4.972006791260379366e-01 6.327646839474784235e-01 1.360498979523908638e+05 7.824107126161400811e+04 1.141886832674437319e+05 2.177396595022150141e+05 5.206834743018385891e-01
3.151409833465535493e-01 5.903302952171514129e-01 2.055822130931569680e-01 4.305438164265849021e-01 2.254220380702506854e-01 2.872929621605184169e-01 2.513818521456189226e-01 1.392318687427071563e+05 1.321213515391496767e+05 6.921340041513506731e+04 4.405010497892455169e+04 2.147304917571180027e-01
6.595630086914467949e-01 4.342995450167838056e-01 5.013946169474127190e-01 4.597296020951974760e-01 3.113268576099799123e-01 4.277085676629089894e-01 4.638962871036739766e-01 7.636861014883594180e+04 4.684742860973651841e+04 1.068190765735572058e+05 1.395438802243089594e+05 4.898286035585954212e-01
5.228266657195290712e-01 6.291026059772334422e-01 7.212114290950334405e-01 3.703372374945916867e-01 2.204015511960841778e-01 3.225624401373501926e-01 2.847386275580740533e-01 1.236539532924675732e+05 1.075761993266718782e+05 7.591601580190894310e+04 6.141659017115213646e+04 3.107435524847798058e-01
4.217060982547382042e-01 4.261107959695811243e-01 7.856017711314400298e-01 4.417571587939007061e-01 3.126865502967030586e-01 2.551734665480235309e-01 3.295870720065968151e-01 9.455102664525453292e+04 7.382059594813438889e+04 8.575776581384602468e+04 9.801536073285201564e+04 2.963990102043214669e-01
5.416883219748829248e-01 5.311927288188728058e-01 5.591389367070075389e-01 4.889765173243420526e-01 3.986770646202011381e-01 6.512756802305672554e-01 4.205084258109154649e-01 1.360087035374350671e+05 9.700515012792112248e+04 9.168587094146379968e+04 1.572643411277130072e+05 4.769275257042733251e-01
2.950257912980729924e-01 5.073315487671163915e-01 5.151252906113569230e-01 4.720489951169140608e-01 1.732422145637675381e-01 3.535200900454587014e-01 4.768561964168314682e-01 1.118022805121159327e+05 1.185956298747506808e+05 7.290700994474966137e+04 6.788830440364283277e+04 3.205823119158532353e-01
9.981204863152125517e-01 1.678404965880867239e-01 6.864760032460792694e-01 7.916655316659774178e-01 2.411848245798240975e-01 4.882624597270481259e-01 6.046706947509534746e-01 1.342894395465021662e+05 1.112173931378683628e+05 8.117741214496831526e+04 1.704778091549983656e+05 3.998881326842993467e-01
4.901618862455183745e-01 6.494364082409258554e-01 4.492668472279796044e-01 4.723297822366723242e-01 2.781612479366061819e-01 3.675430172063215428e-01 3.920496257249277416e-01 1.105693624980939785e+05 1.101169701061058004e+05 6.964524625301046763e+04 5.813008773642656161e+04 2.195622840828744538e-01
4.638096528363627180e-01 6.204428435885283033e-01 6.553338742536705119e-01 3.854601005004748560e-01 7.640489186972410085e-01 4.083315159992125243e-01 4.957180820531547627e-01 1.350531132874395407e+05 1.282878088636641041e+05 6.899884412545958185e+04 4.790943371303413005e+04 2.107515905913739940e-01
3.267085099584954855e-01 4.398813562871884408e-01 2.397601089547429509e-01 3.875902068207988660e-01 2.211631101602116733e-01 3.661370857093980136e-01 2.319979696651178480e-01 6.875128645555530966e+04 6.379700311461690580e+04 7.106178729258719250e+04 4.169383886021097715e+04 5.014205761792049909e-01
5.826312502126252957e-01 6.337118337357182662e-01 7.258613912363568454e-01 4.795714122212166863e-01 2.908701628518312043e-01 3.661030748745014995e-01 3.436473806112848584e-01 1.624950726778680400e+05 9.854077250981864927e+04 1.079599127595357568e+05 1.430434195829380187e+05 5.703439655670641262e-01
4.937030592479857982e-01 5.353914806726001174e-01 4.747907592027615920e-01 4.729817167297847846e-01 2.512795039370871453e-01 3.571070435815860700e-01 2.610290500930201318e-01 1.151696277680040948e+05 9.333218094584766368e+04 7.097985164240001177e+04 9.483381378597700677e+04 4.083433081657417141e-01
4.215882400564399113e-01 1.448971810013083561e-01 8.941567919681822629e-02 4.914078670288129502e-01 5.635584988437759568e-01 2.733343473287959055e-02 4.390792758758758629e-01 2.603443198589563253e+05 2.572022892075227282e+05 6.644975306625844678e+04 2.620072821739850915e+05 1.581900932282137573e-01
5.048617043991094899e-01 4.518012119958227935e-01 5.139077510935835535e-01 2.843486376783973535e-01 2.563815796687644588e-01 3.203421450850901797e-01 5.659190263076550043e-01 6.608655266070055950e+04 5.953931488310333953e+04 7.317929821857808565e+04 5.204949370384889335e+04 2.992252932702881285e-01
6.631520680882521113e-01 5.760429448502386585e-01 7.202319572839935846e-01 5.042219026215246647e-01 4.009343256015814871e-01 5.031460456096941147e-01 6.220161058403088639e-01 2.316235497491682181e+05 1.341784568154663139e+05 1.143219174490237056e+05 2.296429432126150932e+05 4.689155362667608018e-01
3.285387067464152766e-01 5.926979046404290408e-01 1.815210919440110870e-01 6.641613565236029748e-01 2.077092613933697596e-01 2.577938826011526019e-01 2.476116459385142854e-01 1.577780048228844535e+05 1.511134457381030661e+05 6.847104918052392895e+04 4.155642883011766389e+04 2.113121612263462734e-01
6.088408346032957441e-01 4.848503077275872486e-01 6.626739283578426676e-01 4.469020616583463945e-01 3.562428185709938799e-01 4.906466334298882903e-01 6.382377481240247841e-01 6.900645999852294335e+04 4.734129963356619555e+04 9.568570521640704828e+04 1.723008117957341310e+05 4.258617299837667014e-01
4.165789072565100892e-01 3.925431776460902022e-01 7.088487300154331372e-01 -5.405060259594252764e-02 2.599519829305285135e-01 3.000923214311279619e-01 3.509412402154893362e-01 1.481549267590515083e+05 1.344429024002427468e+05 7.338335190825862810e+04 8.872950666368192469e+04 2.757924008265036919e-01
6.090885683020720309e-01 6.270553059204236890e-01 6.444587656983741253e-01 5.772078787549590473e-01 3.750482109655264851e-01 4.877007336380293490e-01 5.832223410021553089e-01 2.024659986962420808e+05 1.417592001039542665e+05 9.400984975534889963e+04 1.820802280441579933e+05 4.339635123601690569e-01
6.549208176265330916e-01 4.674922807628831833e-01 4.941707131654383134e-01 4.115612070657153621e-01 4.132422286503030784e-01 5.010474547899016473e-01 5.022024315110000803e-01 1.354731110346619389e+05 1.198955588521169120e+05 7.490182046063078451e+04 1.035838667254892498e+05 3.012496231869847829e-01
5.755523325363499643e-01 -6.917191738993744288e-02 1.460744689009184916e-01 3.770909714938429635e-01 6.702692566671298868e-01 4.771031346366221282e-01 4.391791943553370325e-01 2.619493762667575211e+05 2.580187647187210387e+05 6.655270924776865286e+04 2.616419403299304831e+05 -1.037015204545703798e-02
3.315724292996681810e-01 6.032826440073169039e-01 2.202645132324987376e-01 4.886887565599676853e-01 2.208085091265499234e-01 2.779831638881332112e-01 2.524686064000368213e-01 8.607782859297549294e+04 7.400527688351577672e+04 7.707524035801725404e+04 4.552386277911774232e+04 2.204773107143777333e-01
6.509773175680629853e-01 4.970229197582045622e-01 5.831583466549552508e-01 2.261051303207289032e-01 3.209921727587780049e-01 4.246583654132161656e-01 5.409569165502776666e-01 8.776194699915483943e+04 6.894655506293449434e+04 8.475864210292226926e+04 1.140913083462317882e+05 2.995350791433069593e-01
4.017658724689563421e-01 5.795758075161873135e-01 4.644599264445589681e-01 3.659775647415525190e-01 1.677071185430510092e-01 3.836565367860119147e-01 3.526415964518579971e-01 9.079630841785391385e+04 6.921001897759782150e+04 7.730180885170302645e+04 8.695600861391975195e+04 2.626435302135715077e-01
5.867305237347956171e-01 4.900809555399938122e-01 6.050911147304635085e-01 4.698708797796140035e-01 3.758284611504780770e-01 5.086234436411579685e-01 5.822224644260266535e-01 1.536271918895845592e+05 1.348930931017357216e+05 7.500787223168340279e+04 1.647313578128358931e+05 4.391481795029100743e-01
6.361532053670476694e-01 4.610832680437292330e-01 5.782850394448206810e-01 4.925590042813104419e-01 4.138834433484003261e-01 5.415621647592179233e-01 6.072496793462416331e-01 1.057551333278653183e+05 6.499863252955907956e+04 1.071564836319734313e+05 1.868959923772542679e+05 4.619368682330046716e-01
4.318598391356293087e-01 4.885820435127588013e-01 4.567208702148911059e-01 3.790542244721897269e-01 2.861065563976813442e-01 2.974726284640578089e-01 4.354889102173647442e-01 1.257368840389857651e+05 1.065997023309738724e+05 7.476420364551270904e+04 6.557948034412268316e+04 3.428899339066939222e-01
4.563424092894000084e-01 5.500333651805050517e-01 4.639474278436309107e-01 4.611952679405342814e-01 2.546845935521033777e-01 3.611808722577825592e-01 3.005854173557434006e-01 1.125936973704560514e+05 1.026189527159196878e+05 7.528051309499342460e+04 1.063924301806804724e+05 3.263158439252364373e-01
4.441009783401247413e-01 6.017502924070321502e-01 4.858291685536454962e-01 4.687462518934041866e-01 2.846720951428855506e-01 4.086218348327843586e-01 2.216526591826028514e-01 1.024577462908006419e+05 1.100239707546848804e+05 7.673545607517269673e+04 1.069383854762419360e+05 3.111394448056008510e-01
5.848947167384532797e-01 4.233079430273978816e-01 5.531745129488579993e-01 4.471461203310715948e-01 4.034865611703166710e-01 5.238195332258860359e-01 5.811372033522667069e-01 8.248384061022241076e+04 6.164614009520113177e+04 8.790848886980391399e+04 1.693407022028292995e+05 3.653119241711139664e-01
6.890667033407186226e-01 2.798853500135201622e-01 4.791767844096703755e-01 4.433316382472118344e-01 2.602393699409998318e-01 3.696862724315388427e-01 3.825172910794756853e-01 7.450694231244240655e+04 6.326925366744452913e+04 7.718730580915807514e+04 1.071536862207901722e+05 5.319716045068808574e-01
8.452187952799444792e-01 5.805980474422043347e-01 6.060508678939849903e-01 6.052693023999023980e-01 4.602805132945254618e-01 4.978616380511513562e-01 5.085815701315086201e-01 1.239877142922500207e+05 9.745736535250120505e+04 8.353357435828825692e+04 1.182291979303488915e+05 5.772715007275589505e-01
3.989792236355115262e-01 6.246803662361279930e-01 3.121134207204679378e-01 6.122014080490477683e-01 2.154358272248426964e-01 2.997913400805504724e-01 2.578953974261078419e-01 1.248781950396376633e+05 1.176866351380037086e+05 6.969941476758201316e+04 4.983578481427213410e+04 2.237488759028368190e-01
5.004159485729076096e-01 3.921815521770333213e-01 3.020522048442417229e-01 4.023957647335532628e-01 3.509261140781431698e-01 4.201593201109420916e-01 3.332663619693504997e-01 1.101631356979563716e+05 1.001260008215256967e+05 7.251659125846622919e+04 8.839746381244050281e+04 2.642279987776731121e-01
5.101932881811971354e-01 5.262634624487073642e-01 4.879939987668381329e-01 5.194691278137072432e-01 2.288668446669492318e-01 2.894283265028871899e-01 3.138764511626279119e-01 1.327337417592279671e+05 1.112979589332242904e+05 7.575415843170625158e+04 9.013916802574842586e+04 3.497765671424358791e-01
-2.667563464229822934e-01 9.612276297263033786e-01 9.280805682547105251e-01 7.116926535824409372e-01 8.835349971591927032e-01 9.362745827803593546e-01 4.916616482497789820e-01 2.165784144814401807e+05 1.756640129019842425e+05 8.486625390002231870e+04 1.370243879987717082e+05 5.058017322253745007e-01
4.338783991159506082e-01 4.852034412663563945e-01 3.558103672888778823e-01 5.018845773598201720e-01 1.809131293489227854e-01 1.795891355478746454e-01 2.202906577283427619e-02 9.047935399358480936e+04 8.403775037820353464e+04 7.081849047738868103e+04 6.519772850932951405e+04 6.482320658258700075e-01
4.403469035099799589e-01 4.682849261274557584e-01 4.277483655204325497e-01 4.780787178811773952e-01 2.862881372646315370e-01 3.566131623754153490e-01 3.621410827258801923e-01 1.188131812090744061e+05 1.085109131129183370e+05 7.621326429189271585e+04 8.882152364691912953e+04 3.706002132621831757e-01
4.347079405594056478e-01 5.120235325017683525e-01 4.945511898010853669e-01 4.348164722941570415e-01 2.153801031463588311e-01 3.245887988853384254e-01 4.288351710367848679e-01 9.634050625518024026e+04 1.109455524168092234e+05 6.580128042929276126e+04 8.644692395271228452e+04 2.728610353270045641e-01
5.254846638371680756e-01 2.302012963225128217e-01 4.339479388588505238e-01 1.487702999883667720e-01 2.667948345695849710e-01 9.643728721159398887e-02 2.354690974306682116e-01 1.926651037806893000e+05 1.749414840320878429e+05 7.291317444571835222e+04 6.328635800731978088e+04 4.172134669841910948e-01
4.275485179385509760e-01 3.064270464228260882e-01 1.753142133447217754e-01 2.984144025256493804e-01 2.566998406696932578e-01 3.124015142448534621e-01 2.649947961823705955e-01 1.227529338580900076e+05 1.154929585294495337e+05 6.977956461035751272e+04 5.000289237553058774e+04 2.195785784867226309e-01
4.875653737600348370e-01 3.438026100120143980e-01 6.016894276733474323e-01 2.725782274448421694e-01 2.975891700265274054e-01 4.224338006748468710e-01 5.168859898875152181e-01 1.598495853219976416e+05 1.605185009277164063e+05 6.318280900460437260e+04 1.793962147555564661e+04 3.988103365892365021e-04
6.132780785350895325e-01 2.956385630741387716e-01 5.256475227466778088e-01 4.374158314676013237e-01 2.701135629779901626e-01 3.501860475600259703e-01 3.461472083601047633e-01 9.627584178477240494e+04 7.523722352910053451e+04 8.418457211261361954e+04 1.359844379111503367e+05 5.513137020816537559e-01
3.373704891799191308e-01 6.164441148909507451e-01 6.706426962601723663e-01 3.421042884883460089e-01 2.721173517056378333e-01 3.484670912385686714e-01 2.567176134389124176e-01 1.089537194952943246e+05 1.007853389569787687e+05 7.099218981569432071e+04 4.702275696818107099e+04 2.028991834623861401e-01
4.176514593589764068e-01 4.107170807135870905e-01 6.642313460136328729e-01 3.554656146925007087e-01 2.392734948363191561e-01 4.028855134565912377e-01 4.076512944497255875e-01 1.317671137144023378e+05 9.712073220827578916e+04 7.912909975950254011e+04 7.716443950452824356e+04 2.812430514990376662e-01
5.949104884817701944e-01 5.069147143998649074e-01 5.061964839921172521e-01 4.664595197216698241e-01 2.086384614980970886e-01 3.387180042071175068e-01 1.689661331839801828e-01 1.359153119589011476e+05 8.490923001720449247e+04 6.943142077267789864e+04 1.275397447927565663e+05 3.061811874510793063e-01
4.225538950544320271e-01 4.371148680836645650e-01 5.816819112066700104e-01 5.002059424906296625e-01 2.816939159795481262e-01 3.378312219780941206e-01 3.438019757367241636e-01 1.009001532093495916e+05 9.040266234293425805e+04 7.358832194301742129e+04 1.030380324458997202e+05 2.869497696456494995e-01
6.831729094916721978e-01 2.934683730554331627e-01 4.780624642458515261e-01 4.477575163875230913e-01 2.705674727028080651e-01 3.761435702243383639e-01 3.953060810547326387e-01 1.082801176951870730e+05 9.848508898861282796e+04 7.207325482085185649e+04 1.132947521369475144e+05 5.469812724863615250e-01
4.553022517857860940e-01 4.884648334365618294e-01 5.968076773075082775e-01 3.935795519458007985e-01 2.048554124194590653e-01 3.256895092507068323e-01 4.000947115646127372e-01 1.185094078212836903e+05 1.056556809187149775e+05 7.413846057773243228e+04 6.642206691518348816e+04 3.185984143791030787e-01
4.638729633642384997e-01 5.302468945680992585e-01 4.945923712920872184e-01 4.168991001088086512e-01 2.604880062850443156e-01 3.456995624735141326e-01 3.467588639127265338e-01 1.017872696805690066e+05 9.983665589755112887e+04 7.207729947276013263e+04 8.118175812700272945e+04 2.308064662761396268e-01
4.489456638738860139e-01 4.678072222988953199e-01 5.999677406289469772e-01 4.367902527950945912e-01 3.369360960766383806e-01 4.176690296325781260e-01 3.826189477861566823e-01 1.386087579341667006e+05 1.260398180901874730e+05 7.253880127249770158e+04 1.305350025247049925e+05 3.340477727584598711e-01
6.680687271543191974e-01 5.374389582415588507e-01 6.454492796383273223e-01 5.191158804515663139e-01 4.007876244515186648e-01 5.009017655541389002e-01 6.067792321283497214e-01 2.620876328765023791e+05 2.556168042685647961e+05 6.719950781724211993e+04 2.209185895046804217e+05 4.516614150577333842e-01
4.409253401250573523e-01 5.788977845255003363e-01 4.426370479601404173e-01 4.528210473940390557e-01 3.034922042753655513e-01 3.291387390364212684e-01 3.444060781251704895e-01 1.044714931746301736e+05 1.099823545617496275e+05 7.236984576677127916e+04 6.894956817014154512e+04 3.200621440211570690e-01
3.635757539066754029e-01 5.823533445938570141e-01 3.371191919872362219e-01 4.459498689023469464e-01 2.617316849034823090e-01 3.464122867393389371e-01 2.877924662021922320e-01 1.311532796651939279e+05 9.670466264458413934e+04 7.499341262570671097e+04 7.030732455267560726e+04 4.327673921713053873e-01
4.255128516438946296e-01 4.169408097051646167e-01 5.929652684556145914e-01 4.159931016255132841e-01 2.487161799638102355e-01 3.107914620465728195e-01 2.000183038711554062e-01 9.719344441099616233e+04 9.775841506411772571e+04 7.523690303297399078e+04 4.846987676113382622e+04 2.825289277383182251e-01
5.572515342573027830e-01 4.405930054806497242e-01 6.635399075505391542e-01 1.690070796702364542e-01 3.431246265989443822e-01 4.489643386229162925e-01 5.967295162301087252e-01 1.243588605853435583e+05 1.123069913571363722e+05 7.306846119063667720e+04 1.446041018722808512e+05 3.332098703852529598e-01
6.386863449537708570e-01 3.416897533776366847e-01 4.891006084240969165e-01 4.283085661202221672e-01 2.565861463142287691e-01 3.975178880745970922e-01 4.151961848767440899e-01 1.142473262333424209e+05 1.016458045416099194e+05 7.412326878798368853e+04 1.133562159425899590e+05 3.584332431687221043e-01
5.525372996516321189e-01 5.196816373370869435e-01 5.054925421828331267e-01 3.376017505186679757e-01 3.034019464988700898e-01 3.004574906355122477e-01 3.605898971391194863e-01 1.138713987361020845e+05 1.071639914107867953e+05 7.215708074618074170e+04 1.100087204234943201e+05 3.103893705675933035e-01
4.775597883089213180e-01 5.629053497793468086e-01 3.349310969455299714e-01 4.963205433689745205e-01 1.647620186092725036e-01 3.461996630028403299e-01 3.721166818489328176e-01 1.181509213125886017e+05 9.372200358062236046e+04 7.502072019655905024e+04 6.165698834365750372e+04 3.601704135712139876e-01
4.018939099579972862e-01 5.556562159040163706e-01 5.327172608278000210e-01 3.987238336220727541e-01 2.207426992868594118e-01 3.330420405787824500e-01 3.441282338688409492e-01 1.211834735441241646e+05 1.126553341707832296e+05 7.505966227958588570e+04 8.627934209142840700e+04 3.154708007368158262e-01
3.427706653207603371e-01 6.115087788460998874e-01 6.736139667286099586e-01 1.851459560883587929e-01 2.769848000471097915e-01 3.628120492975213662e-01 2.601522647983407488e-01 9.212141775554171181e+04 8.209361774225514091e+04 7.403974853066531068e+04 4.748522890499637288e+04 1.999491206153015399e-01
4.419622206924633812e-01 5.930351845613122119e-01 4.921340781474048964e-01 4.665397137238941894e-01 2.909490601759042727e-01 3.831194673170118525e-01 3.351129077851389693e-01 1.038513553512447543e+05 1.065213595407068933e+05 7.100981272615170747e+04 6.381485857917371322e+04 3.135073266287237703e-01
6.424567282223088149e-01 4.623424175086426891e-01 5.782752263515567037e-01 4.954585368074699292e-01 4.312591485942232072e-01 5.325451748983557332e-01 5.992848735669058513e-01 1.852457992458865338e+05 1.491716348496251740e+05 8.206660014898696681e+04 2.078291676887918147e+05 4.361159234294942344e-01
4.634923200466081750e-01 5.430124144426721200e-01 4.605231052238838441e-01 5.258830241002234729e-01 2.854268014692717959e-01 3.594676470717103611e-01 3.221109572595313164e-01 9.537918065401932108e+04 1.195644923455295357e+05 7.238615022648913146e+04 7.743294056027560146e+04 2.178056565291909830e-01
3.536106217532724028e-01 3.660721354529038463e-01 1.937268729834622782e-01 3.802945564792366007e-01 2.590554542184465570e-01 3.253478403918211859e-01 2.852354019740313551e-01 9.066855365436470311e+04 7.838838935575789947e+04 7.596658072184938646e+04 5.707763977758651890e+04 2.352806730406414026e-01
5.497850862390030180e-01 4.060095500411193270e-01 4.375588253931120830e-01 4.648060069135294681e-01 1.539245593660821254e-01 2.788987321302001665e-01 3.397714655816067575e-01 1.305628129490603751e+05 9.863356174112198642e+04 7.536490199524848140e+04 5.321845331355043891e+04 3.156228189741286383e-01
4.522159900400516408e-01 4.474353762699949666e-01 5.100010672809854873e-01 4.578236966610307879e-01 2.075888965031904010e-01 2.467725638390300125e-01 2.714034405837775776e-01 1.162818512391465338e+05 1.055305696428322262e+05 6.932642379888039432e+04 7.566421426848279953e+04 2.414168555507442693e-01
5.303689752090746667e-01 4.550400700377046359e-01 3.837061344598214352e-01 4.844700124402106511e-01 2.408778330757974373e-01 3.588635820334190596e-01 2.774369639812330202e-01 1.438720928516710119e+05 9.637723799489742669e+04 6.888266781951521989e+04 3.428871136017197568e+04 3.160388713170245167e-01
3.725347918541288550e-01 6.030302297868161965e-01 7.333558038809091517e-01 3.206701754458838316e-01 1.892248195847135994e-01 1.947085142231793076e-01 2.202077921257699356e-01 1.266561710263119458e+05 1.221619002505494864e+05 6.809012133272609208e+04 8.005692083750560414e+04 5.097969641497975823e-01
5.629078385018347896e-01 4.483078721598953709e-01 3.002058851864388700e-01 4.684366250456808434e-01 2.789069588229444729e-01 3.087505481478600711e-01 3.539972998275395244e-01 1.236879122085225390e+05 1.403445033774443436e+05 7.678760798813473957e+04 6.486545188859501650e+04 2.323167958822328627e-01
4.371361828046947395e-01 4.895202572600886870e-01 4.185921639593956911e-01 4.225776045137203396e-01 3.070347024024048244e-01 2.922166763478245000e-01 3.541258958552683245e-01 1.084920814360926306e+05 1.056895689925749029e+05 7.220958878870413173e+04 8.278726764371604077e+04 3.110026269671895549e-01
4.596811365595629417e-01 4.333337684743520657e-01 4.464656821582783652e-01 3.703321823493045395e-01 3.125028941088602852e-01 3.495300558047322870e-01 2.390585593875665105e-01 1.237643868723999185e+05 1.026604739689239796e+05 7.256397012399033702e+04 8.159092165307914547e+04 3.538988406559938071e-01
3.446578752745168006e-01 6.050381370752044852e-01 7.010291954474425768e-01 3.398429770330618771e-01 1.932293930084667821e-01 2.327311229039823182e-01 2.481602521941206618e-01 1.511876875939296733e+05 1.440817613121704489e+05 6.881298137379618129e+04 4.173872331187319651e+04 2.189459034194250475e-01
4.778515919245740484e-01 5.535957981941345141e-01 4.299706739951661416e-01 3.480993692235448966e-01 2.587796980163480365e-01 3.195852145710365577e-01 3.129104354041489788e-01 1.303390395581568155e+05 1.005679218740136421e+05 6.901540103317983449e+04 9.819255481494775449e+04 3.668507108795221461e-01
7.388555672517970185e-01 5.125025125518584135e-01 5.903562215849836869e-01 -7.408673883570715546e-02 2.631053352564718950e-01 3.302534230620681188e-01 3.134681873137972752e-01 1.280973768138826272e+05 1.158282832438384357e+05 7.306688435935080633e+04 7.025208335803622322e+04 3.470643003970487750e-01
6.644532493023340702e-01 5.076306140772445241e-01 6.643561184896478178e-01 4.908233532130066301e-01 3.876939055713791160e-01 4.969865772534338699e-01 6.271718247955865300e-01 1.511916269112572772e+05 1.159434836261511664e+05 8.572594207087972609e+04 2.051096329277872283e+05 4.563015384339944025e-01
4.177525371028839585e-01 5.259152784506622158e-01 5.538037122567196491e-01 4.281367584937891269e-01 2.009712231629273982e-01 2.970585962871943875e-01 3.560257133251484296e-01 1.100439719867993117e+05 1.105021319350795966e+05 7.152425181997571781e+04 3.935299265126688988e+04 4.477305492675099363e-01
6.075223096884800889e-01 4.542808862806556602e-01 6.882962181555508652e-01 4.458005274635757909e-01 3.618925940819284204e-01 4.744728090909097196e-01 5.966948011059107770e-01 1.168245886619502999e+05 1.007044470422014274e+05 7.600336153442926297e+04 1.644356020682607195e+05 3.716396876692150131e-01
4.262512415252419640e-01 4.460774369004616990e-01 3.438975352550049380e-01 4.170961843751408993e-01 2.612482845839131929e-01 3.240345957794030785e-01 3.882381418067830658e-01 1.039023036446889892e+05 1.100706591241101414e+05 6.448890294485122286e+04 7.287237935252203897e+04 3.883044055062325750e-01
5.840156030698230305e-01 4.595009628133805979e-01 6.159331827763044886e-01 4.342789796048547313e-01 3.494146251732008768e-01 4.792710456361409244e-01 5.970602926480035322e-01 8.628230897103137977e+04 6.892837104902233114e+04 8.208291971019463381e+04 1.658376607258093718e+05 3.592411676107113427e-01
2.927706582378999389e-01 5.132164191091412864e-01 5.709860143642547792e-01 4.852171633806082740e-01 2.034581168024897913e-01 3.870088987472549702e-01 4.556017520186437242e-01 1.148507973693482199e+05 3.448865375836454768e+04 7.783820865458602202e+04 1.370908928590244323e+05 3.638599025268314247e-01
4.134987029242040424e-01 5.173511341927267138e-01 5.201464081730937661e-01 5.745938100356506872e-01 2.948551869950368776e-01 3.566994172143416186e-01 3.139712597909947722e-01 1.382197694081516529e+05 1.399858484601304517e+05 8.131797004477198061e+04 5.392565171349205775e+04 3.247024554294784537e-01
5.343097740092356274e-01 4.807081114704307989e-01 4.999493293060368604e-01 4.086475100846421182e-01 3.382698793097634327e-01 4.506748178093557544e-01 5.598811817820317227e-01 1.152479399004548468e+05 1.053079729546594754e+05 7.189107656445406610e+04 1.340818704602839134e+05 3.121393963026080631e-01
3.700506787401847131e-01 6.558708290055567103e-01 2.971409222922470894e-01 7.136178703908288012e-01 2.338191391483866732e-01 7.193555756538330126e-01 2.952849711763335105e-01 1.218787837595977035e+05 1.160895863170102384e+05 6.998795580321150192e+04 7.081366602648539993e+04 2.723768406325898783e-01
5.953317141309795169e-01 5.242092728337695018e-01 4.822980583686894973e-01 4.001878518030749787e-01 3.247541549683308770e-01 3.734806348493707739e-01 4.122823957586825294e-01 8.192425488581211539e+04 6.726073379676419427e+04 8.016917134223863832e+04 9.465400735699948564e+04 2.911159185576245312e-01
3.394010713364734588e-01 6.123859811797369712e-01 4.170292563336653324e-01 3.851281387930793887e-01 2.188731140680752751e-01 3.068117493352792158e-01 3.191154382966354675e-01 1.197555619882270112e+05 9.080046629546821350e+04 6.674495193199328787e+04 9.283456719879999582e+04 3.824366674360039076e-01
4.069288788146970259e-01 4.749270990518334457e-01 5.174120217626522189e-01 4.255777332468562157e-01 2.221572070550773270e-01 2.443993225564540239e-01 1.537110113324151039e-01 1.309279926347809960e+05 1.210148952498419530e+05 7.113979700015025446e+04 1.058200515014463454e+05 4.423857723791138064e-01
3.845123977106076341e-01 5.446757268641340133e-01 5.129928426787265794e-01 4.701020103828659757e-01 2.478434335569506541e-01 2.745247018668768302e-01 3.539457951576630013e-01 1.458627013768871548e+05 9.444017058805450506e+04 7.204473792528176273e+04 3.579974425273533416e+04 2.656710195919619322e-01
4.632070106665635012e-01 6.158835163633746834e-01 2.284664396636760797e-01 6.661507981895964381e-01 3.257714288991236384e-01 4.054016532061944234e-01 3.179305763912921856e-01 1.580810990295098163e+05 1.211785610756338137e+05 8.539694205088113085e+04 9.133001433647495287e+04 4.115004194052840902e-01
4.959793677110452270e-01 3.069488789849959542e-01 3.184271232578673727e-01 4.066763594205340948e-01 2.583671250972347511e-01 2.925895318385810517e-01 5.045841501034620258e-01 9.922976794825661636e+04 1.187984237285551062e+05 6.430898802572351997e+04 5.402018884586864442e+04 3.456883100825546284e-01
4.025847331532436679e-01 5.382610731655256275e-01 4.759307937081707074e-01 4.482656427028881563e-01 2.600967869976649194e-01 2.814269454993837405e-01 3.429630002047375781e-01 1.294980246455845772e+05 1.290004395299235475e+05 6.850236655941743811e+04 8.435704950087596080e+04 3.243318103163405075e-01
4.005383069392136064e-01 4.192075495207757130e-01 2.441109068679097327e-01 2.620450163507859198e-01 2.083501276321232387e-01 2.581865559931894594e-01 2.252538991280091940e-01 8.440810304517345503e+04 7.904160892474367574e+04 7.002590318890090566e+04 3.679155040034464037e+04 1.909362665608169696e-01
3.468887312284164026e-01 6.042442641049381447e-01 7.098715879466130918e-01 6.441991464536546419e-02 1.997338748467703817e-01 2.484065979612757602e-01 2.405257031458364059e-01 1.361555990285175794e+05 1.288979304978882137e+05 6.935666966222807241e+04 4.283049906143239059e+04 2.123933642852461057e-01
4.785378740361883598e-01 5.505653075587958467e-01 4.364145200724036111e-01 3.824269432620233111e-01 2.678676163823596190e-01 3.243911357476232382e-01 3.580103455832932546e-01 1.051800709633966326e+05 1.072838955232260923e+05 7.222640558583934035e+04 8.019934639836201677e+04 3.632202985162251152e-01
5.678382002432053044e-01 4.014101672464874260e-01 4.242382049310636227e-01 4.220450054410792018e-01 2.427164225773527084e-01 4.191645719045136720e-01 3.425606706565940685e-01 1.267515297349845059e+05 9.887836872222664533e+04 7.363937219546182314e+04 9.977019805640562845e+04 2.549605641463892347e-01
3.531428117515043597e-01 3.591416595735331674e-01 2.001124791707619699e-01 3.792080355281269299e-01 2.485027466088940706e-01 3.126499832071624740e-01 2.831094041551697194e-01 1.247797930679385900e+05 1.174644487996071985e+05 6.977783760062912188e+04 5.540143262293808948e+04 2.336548545024880463e-01
4.698421540934347718e-01 6.291372137302640999e-01 4.476661661751709653e-01 4.897158219112042743e-01 2.785700045778225498e-01 3.617603280229342855e-01 2.928500361873565550e-01 1.167231547595860757e+05 1.075359262065577350e+05 6.913498458940532873e+04 1.110283306300240802e+05 3.878895775854410144e-01
7.148504692581257869e-01 3.204253692835329903e-01 4.574694634667584858e-01 4.190068529066981462e-01 2.522989703883573576e-01 3.586558586622197176e-01 3.742455309631529392e-01 5.095324771137379139e+04 4.195792327008516440e+04 7.960661639730977186e+04 8.909835964472932392e+04 4.936647592077967883e-01
4.226846006309592507e-01 5.229050903540285455e-01 3.208861275623325904e-01 3.708602900269234448e-01 2.864188345942589309e-01 3.826070868362074218e-01 2.989976916682699493e-01 1.107427451871165686e+05 1.194190685109072510e+05 7.217479505485761911e+04 9.775646392877932522e+04 3.316216847579815385e-01
-1.836839709449213376e-01 9.799906385380807716e-01 8.271486388367936815e-01 6.587016389604255506e-01 7.854829997110648332e-01 9.249424733488337269e-01 3.290052361022935412e-01 7.905990312671021093e+04 6.549343582159662765e+04 7.821854924770093930e+04 3.764725588818763208e+04 1.869363817824979956e-01
4.936553418093733159e-01 5.605443570659304209e-01 4.396013285388766234e-01 3.928983242285483124e-01 2.143664354110962900e-01 3.487197811073222686e-01 3.918268208225997862e-01 1.004495179286761995e+05 1.102832893092986342e+05 7.374652344003807229e+04 9.454923291108546255e+04 3.392885883777976841e-01
5.456623294502190857e-01 2.963419185567650604e-01 4.088096503167524265e-01 4.291871587104199026e-01 2.412163838440058439e-01 3.118764460039165076e-01 3.022478351283127695e-01 1.509193478425489157e+05 1.412320604384613107e+05 7.022195638346209307e+04 1.201361511395521229e+05 5.649884044666436678e-01
4.067205549190406888e-01 5.869578730933192601e-01 7.039892287533179305e-01 3.494990272014076860e-01 1.838444985532715625e-01 2.099938436885772086e-01 1.954029341053545588e-01 5.582503640295685909e+04 5.018749683066863508e+04 7.292342824675029260e+04 5.232345531976827624e+04 4.871119727670056854e-01
4.837249699438442851e-01 3.944767663720175066e-01 5.508229519004936847e-01 3.387484271832222893e-01 2.897642278339274680e-01 2.875088951413764526e-01 3.903064596491832017e-01 1.129408249313362176e+05 1.271550020827140688e+05 7.263600941837408755e+04 7.109891764980270818e+04 2.924130216931592474e-01
3.912602853200055630e-01 5.862630363539813594e-01 2.295440846590190709e-01 5.031021306451550767e-01 1.794456219149400122e-01 2.544519457710162080e-01 2.087792353356944797e-01 7.302931373498613539e+04 6.116306479022787244e+04 7.854361962327345100e+04 9.137589615206379676e+04 5.315956941736228458e-01
7.186471252585036051e-01 6.137972907895686836e-01 2.395387168265964151e-01 6.828561564324645561e-01 5.586277743876268964e-01 3.999037107512751765e-01 4.029913795711935753e-01 1.173908760222708661e+05 1.094446865659417817e+05 7.076557890479784692e+04 5.107756901264516637e+04 2.182282080994798756e-01
5.128811404011908159e-01 4.471924029125837752e-01 5.279790596688193061e-01 3.488530116931585212e-01 3.039336460115849015e-01 3.173307567966542342e-01 3.669263641942003829e-01 1.287053976902468276e+05 8.959530423228078871e+04 7.631244225016544806e+04 9.729401156583188276e+04 3.659253871814398540e-01
5.286696095989763533e-01 4.728129946884269685e-01 3.708255459889462924e-01 4.390424130086596488e-01 2.710637180899052590e-01 2.666611122943541301e-01 3.723455304613406125e-01 7.957772531589861319e+04 1.156314694786917244e+05 7.252170372066918935e+04 6.641826172733545536e+04 3.254270483226221478e-01
6.786103676576754617e-01 2.557430143379050835e-01 4.886586326737029640e-01 4.812692574798315137e-01 2.735654433336470182e-01 4.086778329891663231e-01 4.300114734403458483e-01 1.459620701287112315e+05 1.260052447824222618e+05 7.669546250176784815e+04 1.316579659401931858e+05 5.717123930970390289e-01
4.222164412806531653e-01 5.320773348272150871e-01 5.784050894221689498e-01 4.401760621815523078e-01 2.434736875130703304e-01 3.920251157079497339e-01 3.421708927273852674e-01 8.572960787963731855e+04 1.289875244896236109e+05 7.313475598701556737e+04 6.973835199937313155e+04 3.717769504000437153e-01
3.832476977815792440e-01 5.910873540311055718e-01 7.122617261772034025e-01 3.852553154811325098e-01 1.825321278413567783e-01 1.990187745442976996e-01 2.000765141209841502e-01 9.080025253327199607e+04 8.328429187106306199e+04 7.160857528965183883e+04 8.400603667174832663e+04 5.297755745674781469e-01
5.789540692983071724e-01 5.227836880946113984e-01 5.662562300870849219e-01 3.536158009932090507e-01 2.168915102727443089e-01 3.047347598672670022e-01 4.014173160385321459e-01 1.318769169434028445e+05 1.090216851056171581e+05 7.140706841798260575e+04 7.812284099193828297e+04 3.314104397002885505e-01
4.959055465052978340e-01 5.393620461940995536e-01 5.439568431308327012e-01 5.083009468070140979e-01 2.889053173059936142e-01 3.185509084863975549e-01 3.503539557469563248e-01 8.926482927194156218e+04 1.157446248701319273e+05 7.268037897614392568e+04 9.053289390718829236e+04 3.010195279322913087e-01
5.678883037410724643e-01 6.023383514612916656e-01 2.089837039367850591e-01 6.665711720617695235e-01 2.013607712297741936e-01 2.876098233547844663e-01 2.516290522865572421e-01 1.302508419140483311e+05 1.244805212226510484e+05 6.872755180580441083e+04 3.940246282047637942e+04 2.093795495526509232e-01
6.797716696443185658e-01 4.882334979541158027e-01 5.036260598237768393e-01 5.708342564878354092e-02 3.158552352124563978e-01 6.991818675448577824e-01 3.708562242282988364e-01 6.698061125981478835e+04 5.207424470949077659e+04 7.824706530504894909e+04 1.082983446034638619e+05 4.571486196979327454e-01
4.931698357453733750e-01 5.316269361677116168e-01 6.771493245926052396e-01 3.753262120603420016e-01 2.297758482023928295e-01 3.874261032597483001e-01 2.561820017800309213e-01 1.183322105043322954e+05 1.128950919458720891e+05 7.303199984311735898e+04 7.375016161147334788e+04 3.994311661882043452e-01
3.412078930308397595e-01 1.899848528801429126e-01 1.972999636567116521e-01 2.678506136762142109e-01 2.054582610056030212e-01 4.626479553249974175e-01 2.163746824122422530e-01 6.472820401433679945e+04 5.515570382818057988e+04 7.631069119247053459e+04 1.633086800877217320e+05 3.562760510855225160e-01
6.324497164175848507e-01 6.314480060787464044e-01 7.324924744636116536e-01 4.553228254102448802e-01 2.907113839574602676e-01 3.661967234884253575e-01 3.646316795766358365e-01 1.736754107205590699e+05 1.294484546432825737e+05 8.819535507636195689e+04 1.293293695967007370e+05 5.130877955450483530e-01
4.171136127955715756e-01 6.570934399707958340e-01 2.808995799033774943e-01 7.051826161527777748e-01 3.071086496267133592e-01 3.970652818519753158e-01 3.400507126520600498e-01 2.369944089529103658e+05 1.384716433736172621e+05 1.140083217103143252e+05 9.464540303695142211e+04 2.842944342459454155e-01
2.936439781055175668e-01 5.122112100155511438e-01 4.289177384401795523e-01 3.401481945697377718e-01 2.549624482377667589e-01 3.213512095853811590e-01 2.882176648697075128e-01 1.295320686012139195e+05 1.293697494362517464e+05 7.083122893187133013e+04 8.110719216007879004e+04 3.194414907314855334e-01
6.191731821207276942e-01 5.641560025699711156e-01 2.319689037391473585e-01 3.982474008581579628e-01 2.560405368882234245e-01 3.887508745571108260e-01 4.134686591481739892e-01 1.141524345436350850e+05 7.774012045273985132e+04 7.249093582264626457e+04 6.869343847852425824e+04 3.000895363962427509e-01
4.183609434130803328e-01 5.125448291393231992e-01 4.490815926064656294e-01 5.155867519496331042e-01 2.466260914386283476e-01 3.559799699785008986e-01 3.959603165435406913e-01 1.168510721827498055e+05 9.056149369611630391e+04 7.281771291514404584e+04 1.041019001692150923e+05 3.217656146479345169e-01
3.433597306468240684e-01 6.201593225043763313e-01 1.994891341969946275e-01 6.597189134770671259e-01 2.403314956524525703e-01 3.524043083052988967e-01 2.520979563554936465e-01 8.401043592271326634e+04 7.363538991240093310e+04 7.487192073082076968e+04 5.223016366513569665e+04 2.089788890746345773e-01
7.795986591567940494e-01 5.855291626000161953e-01 6.475748275500804452e-01 7.110007133040743277e-01 5.948291722040885965e-01 7.701365189400553035e-01 6.319527320961333405e-01 2.614105814976938127e+05 2.551998511340023251e+05 6.702267020338568545e+04 2.605465689094738045e+05 7.114400287922184596e-01
3.787894626960519595e-01 3.915180487964013412e-01 2.375547037760434022e-01 3.629614251935499580e-01 2.200399971103753072e-01 3.007016807918241330e-01 2.856941829300412850e-01 1.351339877002765716e+05 1.285120735542671609e+05 6.912513336385630828e+04 9.561597956261692161e+04 3.664785429506147718e-01
-6.868054499484699434e-03 1.317901369509243414e-01 7.546043866230892072e-02 3.065605151402396311e-01 -4.104672778863893007e-02 8.683304361806586102e-02 1.177177787681989718e-01 1.029325786624900793e+05 5.227069950407536817e+04 1.274588224037273467e+05 8.986392948500583589e+04 1.171882623515002053e-01
9.195866094786683265e-01 1.611238854788142327e-01 3.441134817127388112e-01 6.900829634531020496e-01 1.765584629872239963e-01 3.080063582346822537e-01 3.410856151562844385e-01 1.291577002268401702e+05 1.248358299104313337e+05 7.043170432364073349e+04 6.733522145129852288e+04 2.673330137879373902e-01
4.258819896110693781e-01 4.522095915746836559e-01 3.316898108242171128e-01 4.473108491353590677e-01 2.423762969626663821e-01 2.692498485817603204e-01 3.307141918329828956e-01 1.070661190590088663e+05 9.468284879550822370e+04 7.167779799570651085e+04 6.522051688653792371e+04 2.884262441959616896e-01
4.740343708856011862e-01 5.717711251053753108e-01 5.206650588404809765e-01 4.048265433153726001e-01 2.493777372713035512e-01 4.029327620409371979e-01 3.137229018162520089e-01 1.314946146570791607e+05 1.203195430651476927e+05 7.080991436369669100e+04 6.900237046517146518e+04 4.865046050391241272e-01
4.119815847857433710e-01 5.295281647163531114e-01 3.810776880976064485e-01 3.968118555348958409e-01 3.177590546662108495e-01 3.276110563693291899e-01 3.639162532825174212e-01 9.121044818102820136e+04 8.550624899991779239e+04 7.104526343172375346e+04 8.674531439597357530e+04 3.437121391097175405e-01
4.302982240464230390e-01 4.764203903650024996e-01 5.092010466541018188e-01 4.482920984843921097e-01 2.401496791677286691e-01 3.702268514722910631e-01 3.875213824785862515e-01 1.151360179136484658e+05 7.221155731583676243e+04 6.752560288538879831e+04 7.690750504171542707e+04 3.003366873296927642e-01
5.752836375654559742e-01 4.109391955065261337e-01 5.525869766983358966e-01 4.541757676144360656e-01 4.063568243931149349e-01 4.990834650491601243e-01 5.778349815557347613e-01 1.565697494348718610e+05 1.435961534781193477e+05 7.149084441653707472e+04 1.564027142605055415e+05 3.622962811849113618e-01
4.329367132586988687e-01 3.070304048334409619e-01 3.327909128106399939e-01 4.379950462133961331e-01 5.100753680004197488e-01 4.592587499947280438e-01 2.818783834226156748e-01 1.480600370628853270e+05 1.131334327958433132e+05 1.011744065808023006e+05 2.163315606125482300e+05 2.087119051679291737e-01
5.677345597293267376e-01 5.719890967539877913e-01 3.833860464005099389e-01 4.778371932374044229e-01 2.711015876723217310e-01 3.265303042586509830e-01 3.288281651696884911e-01 1.031578903720066737e+05 1.058360350674680958e+05 7.894144688411006064e+04 2.738784208115535876e+04 3.552146099345950825e-01
3.788147910315411981e-01 2.651036421494487039e-01 3.663379481357621481e-01 5.642809700255567718e-01 3.574765385608486556e-01 2.944872132029516809e-01 3.294864994056381224e-01 9.420982316831953358e+04 5.617491761998709262e+04 8.336689199356274912e+04 3.441089846670766565e+04 3.915322132815873823e-01
4.920861837533649918e-01 6.338833938261300149e-01 5.285538198650084896e-01 4.710011312527377370e-01 2.271823364656572475e-01 3.353270568881385749e-01 3.358695285892264182e-01 1.126880322518019238e+05 9.684469248729923856e+04 7.477582622775768687e+04 5.344912956425031007e+04 4.217178921042046280e-01
3.378393483852427659e-01 5.845340094830908662e-01 2.167611474376756331e-01 5.975006940761190544e-01 1.901142556645221415e-01 2.886635882214118598e-01 2.106248928634217310e-01 1.025434805114181509e+05 9.771511212201474700e+04 6.905061177348009369e+04 4.940747125456405047e+04 5.015007276884694276e-01
4.449013956198036857e-01 5.247099486505260035e-01 4.200203105005717585e-01 3.886497629577482238e-01 2.903544422663622004e-01 3.409902761232029289e-01 3.470105481818323567e-01 1.449016044540544681e+05 1.441525189280982886e+05 7.507285128225648077e+04 6.306867636019166821e+04 2.848404720859606387e-01
4.709223660359114771e-01 5.919639533558611610e-01 7.191005622321735569e-01 2.575316907583124482e-01 1.993412479855129760e-01 2.325947964118923461e-01 2.152174840993759386e-01 7.524146173308236757e+04 6.356797296795214788e+04 7.863062333072567708e+04 7.724640689810736512e+04 5.128673522352460434e-01
5.089258279810577879e-01 4.582597820184577397e-01 4.837873797572575518e-01 4.323215390183072215e-01 2.120314985616413572e-01 2.964836593213335814e-01 2.268040936646930905e-01 9.895493595097240177e+04 9.508500005908716412e+04 7.505861806908334256e+04 6.127029670881524362e+04 2.687683470930205543e-01
4.569026711155210752e-01 4.896366711005823436e-01 4.192749842828994988e-01 4.930071357469589799e-01 3.334051238659897498e-01 3.421322552309626897e-01 3.506188418182067945e-01 1.024119262231070898e+05 1.239799475951424392e+05 7.742033601565269055e+04 5.136628151476396306e+04 4.122851319094866795e-01
4.265814919697233365e-01 3.089525691694592346e-01 3.270353992373625784e-01 4.477120030398068495e-01 3.237340585533648452e-01 2.736829112345045001e-01 4.550174624535685552e-01 1.404554738638458366e+05 1.324667253961770912e+05 7.202547651716951805e+04 6.638846102577380952e+04 2.811354058304149639e-01
4.016245747742763217e-01 3.100459079321400968e-01 1.941289868344749925e-01 3.788960965271964687e-01 2.116786673294460686e-01 2.676035921723659006e-01 2.332376493779177995e-01 1.126856417002939852e+05 1.058191918278612575e+05 6.994894063247003942e+04 9.394003921466847532e+04 5.369095288436958047e-01
3.098142510105094671e-01 5.871067126741578157e-01 2.114028939694144460e-01 6.058462870968794878e-01 1.997511629055353233e-01 3.088480319186053813e-01 2.186780334666928449e-01 6.565051675508815970e+04 6.052609896534618747e+04 7.147503808677761117e+04 3.463205362383159809e+04 3.012216112448991012e-01
7.748513650164940980e-01 5.806405594811876458e-01 6.393905184969339572e-01 4.709721031377226419e-01 3.967187968344356164e-01 4.505652838792232884e-01 5.692794051494211027e-01 1.668723689961877535e+05 1.476371763159464172e+05 7.444727568589843577e+04 1.114896281357499392e+05 3.437947093976583268e-01
6.361307762836919677e-01 3.798997815026705083e-01 4.244248056670247848e-01 3.018031931285802272e-01 2.581571289806210423e-01 3.540485867169247403e-01 3.534176383772369423e-01 5.833228155209134275e+04 4.888724161674945935e+04 7.823054854017717298e+04 7.907839153318793979e+04 3.378969112263790486e-01
5.262354083456611820e-01 5.193945970255413602e-01 4.301878104030658623e-01 4.591529111848016709e-01 2.799191490417400896e-01 3.543550998935320884e-01 4.091355901061609068e-01 1.229602257418973313e+05 1.062658065594982472e+05 7.575443986408143246e+04 5.820549315690519143e+04 3.990516035369704451e-01
7.658001750403429231e-01 4.141958206915694052e-01 5.472637371574952114e-01 3.606547303941166627e-01 3.897847522493564365e-01 5.041165761786008392e-01 5.592628337569672814e-01 9.600685521876518033e+04 7.964326025843847310e+04 8.117218952615637681e+04 1.445066177854570851e+05 3.447700424435762856e-01
4.079623494319188914e-01 5.205718890609010163e-01 4.950655333226376409e-01 4.198207822740070427e-01 3.140193599929377299e-01 3.155607075771030834e-01 4.330656055986565334e-01 9.649578871031625022e+04 1.195291455872354127e+05 7.392078028417887981e+04 7.998151769465094549e+04 3.634369784172926665e-01
3.881133417641247085e-01 5.613948288558527899e-01 3.756858123849944331e-01 5.091340987331304246e-01 2.770988503987986684e-01 3.146616674553469051e-01 3.868414301499100705e-01 1.181292065388025367e+05 1.028079413476078917e+05 7.682306958501099143e+04 1.046462209290922183e+05 2.825093941926757890e-01
5.895132020053934774e-01 4.822067659176919041e-01 4.608970641568145288e-01 3.717044983854282392e-01 2.866930597201402531e-01 3.749225682217383060e-01 3.787483295023021945e-01 1.114791482731172291e+05 1.031399438188587810e+05 7.103790811865469732e+04 8.596959697602748929e+04 2.687722221130540712e-01
4.313837168313222614e-01 4.993949114550687574e-01 5.734158108807595466e-01 4.468515320707608374e-01 2.023337768469560816e-01 4.007177230902801979e-01 2.887554128917658725e-01 1.217857415253620566e+05 1.059083954263014311e+05 7.224482288683921797e+04 6.937810161946697917e+04 3.031789451862126339e-01
3.787104304669733912e-01 5.915735525575314124e-01 2.511785111226053635e-01 5.005361427090307957e-01 1.851963603155378779e-01 2.771850397257569765e-01 2.476848541072557142e-01 1.190574829352551460e+05 1.114483459977211314e+05 7.051512850153105683e+04 1.053328515730929939e+05 5.015410732646192749e-01
4.171797460305369798e-01 5.614516990712993261e-01 4.738665814014062505e-01 4.859072070719296921e-01 2.326354092046097333e-01 3.101715855848682923e-01 3.198374837930776926e-01 1.036295455735047290e+05 1.346305926297728438e+05 7.246835776686300233e+04 8.314516691746088327e+04 3.616053534816488502e-01
5.160379119373417200e-01 3.855857579519686440e-01 5.342722520084720594e-01 4.310906273472003836e-01 2.647614407574330753e-01 3.351158120926076567e-01 3.376852129719963291e-01 1.156160015340437385e+05 1.080056124840862321e+05 7.065132396578369662e+04 8.096034371316338365e+04 5.651320548481040262e-01
4.357379904893120548e-01 3.073771806829222464e-01 2.015262499585771805e-01 3.780094161300881495e-01 2.202544376163188822e-01 2.814739413063372941e-01 2.331680203228223280e-01 7.306170073911470536e+04 6.254195666332047404e+04 7.664131421184446663e+04 9.058377288271495490e+04 5.302678629069150773e-01
5.707380740369454308e-01 4.554186200742250112e-01 4.275652626018227043e-01 4.066180578787775279e-01 1.655421700495127990e-01 3.276998692927691192e-01 2.783700237783258147e-01 1.239498363677032467e+05 1.221130614105440909e+05 7.727558433900546515e+04 9.499752606431927416e+04 3.467808567334333403e-01
4.183211711658439969e-01 5.586614242606400271e-01 4.407686586552980179e-01 4.136909535146784944e-01 2.243765674760640760e-01 3.568100294786602511e-01 2.260873515841209935e-01 1.227044544000198512e+05 1.051555238140368892e+05 7.727141209032575716e+04 3.521412639729617513e+04 3.265719487146258038e-01
4.331421054732282339e-01 5.517610678826974091e-01 5.060928800259939520e-01 4.257355290551154137e-01 2.464120267944591713e-01 3.757991337665065323e-01 3.195946858753527797e-01 1.202087979936288320e+05 9.796564009094219364e+04 7.019169847583241062e+04 1.128850467599452968e+05 3.406835383298840170e-01
3.866930213180422848e-01 4.490531248398426656e-01 3.919735812770899219e-01 3.979718904584786388e-01 1.846682958075410441e-01 3.077127948503154409e-01 4.118887602512243395e-01 1.145257706799529988e+05 1.199155955472728383e+05 7.341736693513648061e+04 1.031420940744841064e+05 3.089632947354336578e-01
6.997394942289641984e-01 5.599197643184227191e-01 5.519424935712227143e-01 4.214696635965619054e-01 3.529311620449953057e-01 4.233032347201284851e-01 4.279444992295255434e-01 1.490863583404235251e+05 1.359277311274254753e+05 7.204458713517649448e+04 1.082677685191181372e+05 2.927919834118379305e-01
5.277201027841885717e-01 2.928308014341700627e-01 2.895766604453351989e-01 3.370386382153610083e-01 2.104022412444863099e-01 2.769082020157405122e-01 2.558625088093648414e-01 6.615840208857620019e+04 6.134558080801447068e+04 7.073124854160338873e+04 6.009338026913352223e+04 4.878132910010924417e-01
5.162821740319947228e-01 6.669364902189682809e-01 4.497281859605240517e-01 6.218911261202699770e-01 2.386032437775005011e-01 2.868746784234202929e-01 5.999138390376230756e-01 1.334570611952177715e+05 8.437616144850854471e+04 7.546198629784700461e+04 1.244744376538724609e+05 2.843583707170433961e-01
4.792891050979284362e-01 4.319087621739149951e-01 5.258150169783112338e-01 4.040049403271376849e-01 2.281701314172786543e-01 3.987309342881172891e-01 3.572266267254801675e-01 9.916884670974571782e+04 1.021337350416303088e+05 7.018181930583977373e+04 9.033266298922142596e+04 2.628626454627237541e-01
5.866684172695182387e-01 5.032824366403856331e-01 3.790390590308305163e-01 4.618092273804134118e-01 2.143147305550326120e-01 3.366723083401302330e-01 3.461693555060191829e-01 1.324666869920643512e+05 9.479581705598368717e+04 6.946515519864724774e+04 1.000786463053531770e+05 2.937274496487377040e-01
5.353950298098054672e-01 4.936108413301957265e-01 4.843830179378248446e-01 4.331084307844053627e-01 3.047254916704379979e-01 3.452983286022319742e-01 2.889123281950447542e-01 1.120048778758151602e+05 1.053543046355233673e+05 7.276940577799448511e+04 9.922913977663066180e+04 3.614334318012223934e-01
7.687002818033121798e-01 4.881029922719458125e-01 5.759856119042450207e-01 3.433396795769703136e-01 2.743478489188222458e-01 4.093261705076645107e-01 4.001691630544577105e-01 1.689280875035710342e+05 1.427647979252450168e+05 7.860616861414954474e+04 1.181556162445539958e+05 2.909312182721498496e-01
2.889788747814083236e-01 5.940078018589917130e-01 1.038825488418513299e+00 7.311851440962071624e-01 2.877789044570194243e-01 4.107691022278192050e-01 -1.844693735023035519e-02 1.633993971737880202e+05 7.558618585414503468e+04 6.074263348802665132e+04 1.382585696438588493e+05 4.870792303822346070e-01
6.414316471464208691e-01 4.298189354547124474e-01 1.489839891599471500e-01 4.940537930368249508e-01 3.259811102118378434e-01 4.195836566935908230e-01 5.026604382916817215e-01 1.266089875321241416e+05 8.128202059156155156e+04 6.982482470158366777e+04 1.259481235550478887e+05 2.055978372559750245e-01
5.478418268997160556e-01 4.403967046832016896e-01 1.824561173800696157e-01 3.368717264182475302e-01 2.746750412047578305e-01 4.155476916164918544e-01 2.803764468573963775e-01 1.551008912576540606e+05 7.424716723871714203e+04 6.605718623484369891e+04 1.017408863607240492e+05 4.318513813003515001e-01
5.823776553182478111e-01 4.141211109217829978e-01 5.601738385272421183e-01 4.559651040039527370e-01 4.062099855211181998e-01 5.157993604296189361e-01 5.761942197481760841e-01 1.150147002375034936e+05 9.909914697647937282e+04 7.610782068129880645e+04 1.662937702016676776e+05 3.671368885803501514e-01
5.517013862379296363e-01 5.283018265469194841e-01 3.699974256267256623e-01 4.103839335691087387e-01 2.282168637348938878e-01 3.080924091211616478e-01 3.559547995290930356e-01 1.392221883323306101e+05 1.063949445195904409e+05 7.137129957136121811e+04 5.276526402414869517e+04 3.792479416133328618e-01
5.204298708031630527e-01 5.180205714104982873e-01 4.729218642742384349e-01 4.315346698198556652e-01 2.594852298639380161e-01 3.537466860723245121e-01 3.293692771965794353e-01 1.271729835842730681e+05 8.442082778201719339e+04 7.570816178071587638e+04 8.438049116175105155e+04 3.524630366679880056e-01
5.787919151199016898e-01 4.440349304164064592e-01 5.631492951262930813e-01 4.473204803690239983e-01 3.421426431609308483e-01 5.316404754963518497e-01 6.037287186136786055e-01 6.517677169686573325e+04 5.188026245574658969e+04 8.303657833587120695e+04 1.189999109191516909e+05 5.312032243654801755e-01
4.234886666291406976e-01 6.569908180790440255e-01 5.288236154889928153e-01 5.788377037231977607e-01 2.844911019575107614e-01 3.610747017234541278e-01 3.369969892453756888e-01 2.609627655118653493e+05 2.230825080625109258e+05 7.791869444704124180e+04 8.993148994185467018e+04 2.903483707529604940e-01
3.894321503582877098e-01 4.215630874301995457e-01 3.991128696099605078e-01 4.320758538222886913e-01 2.861459426858657396e-01 3.153595754280553165e-01 3.758773196005250061e-01 1.326954595332551980e+05 1.056196583737852779e+05 7.541014441537913808e+04 9.788868402740574675e+04 3.734596988264649031e-01
3.493468471330867242e-01 5.052151421851066582e-01 3.162141687312731708e-01 3.865339616155940572e-01 3.178559095598483264e-01 3.719501624407587359e-01 2.994149509498207351e-01 1.139177601612979925e+05 1.078991900417215074e+05 6.941313440844975412e+04 4.536085030139650917e+04 2.479551415738576459e-01
4.227377792316699412e-01 4.797599071665066273e-01 3.861109202543696051e-01 4.723696098215050543e-01 2.829468763657985719e-01 3.609061380374409267e-01 2.490877770228101806e-01 1.001637652893649356e+05 1.087056314780538087e+05 7.652028634224548296e+04 9.393592096766838222e+04 3.380175045686559798e-01
5.905357704590352697e-01 4.818884695751523006e-01 6.662814766260276578e-01 4.362699160909185858e-01 3.235160976578724257e-01 4.380970817779039628e-01 6.389679967502349678e-01 7.037528084723191569e+04 5.739101237043077708e+04 8.098764066275373625e+04 1.141412335598563950e+05 5.333300667491376323e-01
5.184768916062834077e-01 5.499303518012066405e-01 4.956389223899509977e-01 4.459605314155656863e-01 2.217346057242847446e-01 3.437327163910708361e-01 4.020285406627017721e-01 1.192142268745674955e+05 1.080906433686570381e+05 7.368610098955448484e+04 6.776160000306623988e+04 3.654381433797662115e-01
7.045100674218091052e-01 -1.792190006617014608e-01 3.198240213825111894e-02 5.569915917856981258e-01 8.103369064176608738e-01 7.192904291917524562e-01 5.649784030285964764e-01 -1.513610372637364781e+06 2.547484407612661307e+05 3.195256626161594340e+03 2.556661506817468908e+05 -2.178046371640355028e-01
8.320299878327992449e-01 4.430764239831088691e-01 6.347019011107495334e-01 -2.184471953609926631e-01 4.128438257323271965e-01 5.387089351053999664e-01 6.202526440511050287e-01 2.110970729665855179e+05 1.889120488124830590e+05 7.364171020180665073e+04 1.885851648898609274e+05 4.247932276845211574e-01
6.159255383940582806e-01 3.958605453929561202e-01 2.779874532125536923e-01 3.972800470447913068e-01 2.621440021346940763e-01 4.163006588255667717e-01 3.166123714488871532e-01 1.084386691963147896e+05 1.017775693936230819e+05 6.981520453380761319e+04 9.766249817752401577e+04 2.583549761383349130e-01
6.849609940644958428e-01 5.845462261313009167e-01 6.599567193451620906e-01 5.495489932572088509e-01 4.011764841467194698e-01 4.964181829464251461e-01 5.706666570467174848e-01 2.613999353504277533e+05 2.053889662994891114e+05 8.448664630593740731e+04 2.204283585296347446e+05 4.912458589566039424e-01
4.118264856445384980e-01 5.722202875354537310e-01 2.168745237960289229e-01 4.907367851907020739e-01 1.882042991505494534e-01 2.572246667910020879e-01 2.087569689734643796e-01 9.639915729467671190e+04 9.019785097661534382e+04 7.017084135929556214e+04 7.042494385347336356e+04 5.239200463405213615e-01
3.181078698021581608e-01 5.720572656558275959e-01 6.399622813615883921e-01 3.006201861464799507e-01 2.466278391729164188e-01 2.463118869741516559e-01 2.575676477910622819e-01 1.587888563361771230e+05 1.511253779559224495e+05 6.894878866670579009e+04 4.178127125268869713e+04 2.100218775410933325e-01
3.330916421873874600e-01 6.374601534782791123e-01 2.513090374587075848e-01 3.845545051679279958e-01 1.583577376851197094e-01 2.398251545399192330e-01 2.499654060381721332e-01 1.684904988175336039e+05 1.613610506780436262e+05 6.850265958678658353e+04 4.066250801898662030e+04 2.138772671262677838e-01
5.744836960650496760e-01 5.294349108741975840e-01 4.070609027301101968e-01 3.768200605346326282e-01 2.473359201253331197e-01 2.693037199008840865e-01 3.389547677462203534e-01 1.142767363433334976e+05 1.247495420989628765e+05 7.495304391673707869e+04 4.810424378993677965e+04 3.050654117097186258e-01
5.240232135671554214e-01 4.706921796738102182e-01 5.567767410246025062e-01 4.066670442839641630e-01 1.882823939701346316e-01 3.264866373243031639e-01 3.703416274977285316e-01 1.062725266139149899e+05 1.259229501373939711e+05 7.209379194768687012e+04 9.373127727926557418e+04 3.456531520238615429e-01
4.850206415945785832e-01 5.254467615236518840e-01 5.942022740345113130e-01 3.266079641227613295e-01 2.758133330682915330e-01 3.603054141918377029e-01 3.421031825041254693e-01 9.835798833394178655e+04 8.035908936506390455e+04 7.581975630316301249e+04 8.200172856319579296e+04 4.502071488946527977e-01
4.990557059239957294e-01 5.976065521951233750e-01 5.793495744792841462e-01 5.193480221525704765e-01 2.638675566341726064e-01 3.049582402084172750e-01 3.752455907798668555e-01 1.432031828245908837e+05 1.126444127442058962e+05 7.495502785408748605e+04 1.021283608444440033e+05 3.542805110433706051e-01
6.134175057030036848e-01 4.505215226202428647e-01 4.834035476659482855e-01 3.843622145136256218e-01 2.518192242012105564e-01 3.274949540243291546e-01 4.037586633250732082e-01 1.264566008648122224e+05 1.198237831015015399e+05 7.292664682493337023e+04 6.040396895470474556e+04 2.601027851568728511e-01
3.532789053330734896e-01 6.296249899021786334e-01 7.236132182046256522e-01 3.464088645353102236e-01 1.986807790964019160e-01 2.942609552604659173e-01 2.432780117498317130e-01 1.072768498848585295e+05 9.938960228282999014e+04 7.080218427628137579e+04 4.832003523859287816e+04 2.149551015140025723e-01
5.102023583012724739e-01 5.643156810372302878e-01 5.096827632032926436e-01 4.874416138695953360e-01 2.575038807726955370e-01 3.282434889789024868e-01 3.950098487803513359e-01 1.157193785320346942e+05 9.453685094441899855e+04 7.302417071856884286e+04 7.498281380899893702e+04 2.322804052688136611e-01
5.181456471690994992e-01 5.613715869020698968e-01 4.073065650589384190e-01 3.827053845430793966e-01 2.370743659943437831e-01 2.623524316867631434e-01 3.453582395575489072e-01 1.121663730976375227e+05 9.907647533377737273e+04 7.619316168729068886e+04 7.906412373180473514e+04 3.330446643705069487e-01
6.189974922860481676e-01 4.901430893737094285e-01 6.321912846036391587e-01 4.840154042981080762e-01 3.938355272726152267e-01 5.204329454043049585e-01 6.115167791273157238e-01 2.256318859157412080e+05 1.776416881530445826e+05 8.417291956036462216e+04 2.576126823834423267e+05 4.114193843770709846e-01
3.544815502090696846e-01 6.298876686873243758e-01 7.316995703685518215e-01 2.431432143521602418e-01 2.087052049588940528e-01 3.188300511668668014e-01 2.451843532398633452e-01 8.799185162457995466e+04 7.790501676359855628e+04 7.421500485783166368e+04 5.064396543831341842e+04 2.125436158492537975e-01
4.018024829949200516e-01 4.559010744120318148e-01 5.022507303264837075e-01 4.494395789379666550e-01 2.480680563684902473e-01 3.474614191325031132e-01 3.263177989211577534e-01 1.160075128933057131e+05 1.113408394119507575e+05 7.220963428011191718e+04 9.546115847514221969e+04 3.345741493213256756e-01
4.357557323968209162e-01 5.205344403908683804e-01 5.936280474704263010e-01 5.304819817391155379e-01 2.101370427393242091e-01 3.401217777440445622e-01 2.990281619103440924e-01 9.721467448328901082e+04 1.047051200465639558e+05 7.107707872656229301e+04 4.266809941448157770e+04 3.020873956035661223e-01
7.536670487926520057e-01 5.357155828799352593e-01 6.352569174188315015e-01 4.615390857344261466e-01 3.682608351328036655e-01 4.572334212087970640e-01 5.347813300652456414e-01 8.875056210058211582e+04 6.038208220784317382e+04 9.659031108191917883e+04 1.289541622644368326e+05 3.509263048172301946e-01
5.815747508971420565e-01 2.246145510230714015e-01 4.617678543998898766e-01 5.901088790156476804e-01 3.702869504525780342e-01 4.542594042652131625e-01 4.576128879123425586e-01 5.091447819089063705e+04 4.573929566821817571e+04 7.466455829817090125e+04 1.904854683029944135e+05 4.592204395976902109e-01
4.913819429409281847e-01 5.135251181804769693e-01 3.969784153332596155e-01 4.531801340615559393e-01 2.582475342692747144e-01 3.730480804636476244e-01 2.738071253691783946e-01 1.192292896821530157e+05 1.065573462346354063e+05 7.035461664713569917e+04 1.067204653615030111e+05 2.755577204801544777e-01
4.546858039536910701e-01 4.660463806110364260e-01 5.289199179213455171e-01 4.531685404822250463e-01 2.598716319997789181e-01 2.907268176286540440e-01 3.130954840194432043e-01 1.338339837833921192e+05 1.200792905536881881e+05 7.647689360323961591e+04 4.347365861314397625e+04 3.324335859343781618e-01
5.310251853928406041e-01 6.121266948803043562e-01 6.603539782109209000e-01 4.067884787171653915e-01 3.033718505745420790e-01 3.685777882458446397e-01 3.117243332514807452e-01 1.493192259328271612e+05 1.249028664373860811e+05 7.923177579832168703e+04 7.117629386414343026e+04 3.752407672389452276e-01
3.171223318087038612e-01 2.309228446809626079e-01 1.631876213596079317e-01 3.210164693104307077e-01 2.278576162529660221e-01 2.437339344307037636e-01 2.650039882300908034e-01 1.665518476573522494e+05 1.602537215014688845e+05 6.815729380417062202e+04 4.802507980806054547e+04 2.237508720016815611e-01
3.904076756468829457e-01 4.719348063320347175e-01 6.079468446659681558e-01 4.610762400813155359e-01 2.501775515145767681e-01 3.960672034170855116e-01 3.078038114309666895e-01 1.103401923129714414e+05 1.222817012696446473e+05 7.499922863767162198e+04 1.033332673364067887e+05 3.278242226339432297e-01
-4.906634897317729838e-02 1.074891506623756182e-01 5.947057536671276901e-02 6.133618060245320421e-03 9.073121623241250933e-02 -1.167500056134354314e-01 3.121976551172431225e-02 9.803436329680829658e+04 8.669187584320260794e+04 7.417684276503804722e+04 -1.949589313414654498e+03 -1.687398130060709794e-02
4.175040680957537997e-01 5.351092764727080064e-01 4.567230738586687266e-01 4.923599329859393303e-01 1.968536316358646954e-01 3.781914792670988401e-01 3.437582327324332221e-01 1.115016409460332652e+05 9.340382089285334223e+04 7.367448962399348966e+04 6.114841537605963822e+04 3.119801714010943527e-01
4.087871387889518981e-01 2.666372297462085150e-01 2.359436481169789324e-01 2.317689827440686245e-01 1.673772096118412156e-01 2.111563982689507735e-01 1.962495558823119102e-01 4.242921946925882366e+04 4.191108792199799791e+04 6.635451753601789824e+04 1.907591222465299506e+04 3.171740675698633272e-01
4.926777606366983253e-01 3.296416937268156211e-01 3.901623665659632589e-01 4.271168980605554721e-01 3.246978694383178543e-01 6.519030532689902291e-01 3.499266639787940170e-01 1.892846983748899365e+05 1.279956358917522448e+05 1.047032556593923800e+05 2.612578943388467014e+05 4.638506235299298952e-01
5.082499887909359693e-01 5.253119205538335779e-01 9.268809784527795026e-01 3.475687549332004411e-01 9.060288376252544074e-02 4.068534996887517852e-01 2.292014917021190368e-01 1.031443064536338643e+05 1.247227310562336206e+05 8.151494131795842259e+04 1.229878937432841049e+05 1.823646980083158953e-01
6.625638069011086095e-01 6.407264090752983199e-01 3.431583213956059808e-01 6.559347783060435200e-01 7.151559333810163510e-01 7.533405436052190707e-01 9.063541382568880422e-01 4.842980669034565653e+04 4.442387577099187183e+04 7.047623141529320856e+04 9.153911379282431153e+04 5.404585043518030929e-01
5.798738376492910129e-01 6.063672234890900015e-01 6.342633483984543297e-01 4.569019776486155093e-01 8.638990526126653080e-01 4.912089828357658061e-01 7.225841209439286539e-01 1.182964909624173306e+05 1.097441362143012375e+05 7.097866648934599652e+04 5.285203437867449247e+04 2.176867398633492712e-01
3.912784661118640095e-01 3.891459407593881314e-01 5.197853131331803267e-01 4.156212919271641271e-01 2.617497342206716593e-01 3.600675101950217560e-01 3.105188553001053120e-01 1.423983862138742115e+05 1.139840868863480864e+05 8.159580526183893380e+04 1.247445510643678863e+05 2.583424512849789578e-01
4.311309479400018962e-01 6.707758431667119048e-01 7.243524311122352399e-01 5.145534976233494540e-01 2.897852035724030051e-01 3.736344971782177282e-01 3.324671663424287882e-01 2.360493565788538253e+05 1.412242814007850830e+05 1.111349170220674714e+05 9.383039587975811446e+04 2.887717544000849568e-01
5.740277163738457533e-01 4.536063914983901046e-01 5.325113477042248133e-01 4.281458540677190450e-01 2.427574385882065033e-01 3.378066436265884098e-01 3.271950909819508202e-01 1.255430616699054663e+05 1.156643242434875283e+05 7.409705748656338255e+04 8.683167967231637158e+04 3.812694402162989382e-01
4.571028636481830887e-01 4.661017310909565947e-01 4.156949082291890862e-01 4.446065064218197582e-01 2.814936218011771518e-01 4.124573577842772232e-01 3.512392138019847510e-01 1.288975608848379779e+05 8.906225867801751883e+04 7.660446262648444099e+04 7.691830418224155437e+04 4.368886662567345036e-01
4.962465010608002047e-01 5.457406043252839289e-01 3.217926536406996441e-01 5.500384074717000749e-01 2.372695928802979193e-01 3.792005076191709567e-01 4.001406483838079731e-01 1.070037238611280482e+05 8.480190791184254340e+04 7.885541439893860661e+04 7.894398844230013492e+04 3.364348664029497282e-01
3.879012371659051328e-01 4.474629446152674217e-01 3.420617933677549960e-01 3.974500621549015844e-01 2.677227632687157466e-01 3.435736132879159133e-01 3.678495406602355078e-01 1.149343076534660504e+05 1.092767355781996594e+05 7.262257912815612508e+04 5.308912928414974158e+04 3.276150913701039169e-01
4.423185809954683911e-01 6.579117127235361018e-01 2.925070312609605039e-01 3.604035358297981162e-01 2.166251512318067562e-01 3.591678814348204241e-01 4.981061874740989603e-01 1.243376914747315022e+05 1.037448679347116558e+05 8.259023035090409394e+04 8.935203459980477055e+04 2.723792037142386824e-01
5.408160185439119250e-01 5.381380225937885120e-01 4.867549556967605273e-01 5.009122118875065643e-01 2.185527876813416204e-01 4.478807800659091454e-01 2.806209552177559297e-01 1.055540967533192597e+05 1.018609963794997166e+05 7.423161256810749182e+04 8.235732105577166658e+04 4.609669271893190312e-01
4.620194533239922463e-01 5.228465341352063200e-01 5.052924794503682593e-01 4.372965717375956740e-01 2.339654656125729482e-01 2.767604536538557092e-01 2.504532169284068299e-01 1.238533229182724317e+05 1.011957113958478731e+05 7.451322602996803471e+04 6.170738637751244096e+04 2.940269270834884874e-01
4.130346554073081045e-01 6.810813100077765803e-02 1.320272076353197210e-01 3.699561474910476599e-01 5.282516810204044289e-01 2.968725991108971951e-01 3.542048158698524740e-01 1.647767624552331399e+05 1.031631519314586039e+05 1.089987083262510278e+05 2.611409200700075598e+05 6.289865522264115327e-02
4.458358866221343586e-01 3.019480895681366794e-01 2.853129346554147960e-01 4.337929435627679298e-01 1.710720100770490026e-01 5.309274645952659633e-01 3.844145682936492281e-01 8.267636919352729456e+04 7.629827946933105704e+04 7.195152213390445104e+04 7.087289257754741811e+03 4.567027056193436740e-01
3.726151472461879388e-01 5.200767389891142178e-01 4.587217320709079393e-01 4.542528735523188033e-01 2.511107962578478792e-01 3.151214650402477946e-01 3.335167119371462152e-01 1.138544749830536020e+05 1.126898562380904768e+05 7.416090273044692003e+04 8.125556652429794485e+04 2.946642695341759599e-01
3.907092169067160614e-01 6.101601401743123043e-01 7.374597696393080382e-01 3.779215428790218545e-01 1.805738961639601903e-01 1.901314687349425769e-01 2.020049476182364245e-01 1.048689386753134022e+05 1.002001515297559818e+05 6.876980785472621210e+04 5.068958314115870598e+04 5.126966812213167302e-01
6.124260097508594791e-01 5.754992747098482964e-01 5.479013830970773657e-01 4.131418775055111237e-01 3.698998803418344083e-01 4.292000799887747409e-01 4.961855471096799364e-01 8.490161520684845163e+04 6.894459654319047695e+04 8.103612028291496972e+04 1.000513039437089174e+05 2.844430433133960379e-01
3.325383297782729120e-01 6.687494746498618969e-01 2.844681252673427752e-01 4.112993019397097605e-01 1.933531062786327803e-01 3.580250807266179280e-01 2.182821800012661462e-01 7.346519488599889155e+04 6.761407322328569717e+04 7.195335541742196074e+04 4.291284006311267876e+04 4.708822993619812269e-01
3.407063437623206181e-01 6.170672810525413832e-01 1.904100173599031498e-01 6.783604774678828608e-01 2.270436281100884635e-01 3.296127775888607059e-01 2.497390151256294044e-01 1.102608593708552798e+05 1.024976456025695079e+05 7.057020950450470264e+04 4.957742888276103622e+04 2.084128231216328397e-01
4.557733987310640944e-01 7.209316110424289770e-01 7.624667137596711219e-01 4.481904779965261709e-01 2.891920609079141613e-01 3.838539591499070536e-01 3.279131502602617432e-01 2.382817899478954205e+05 1.543059888102027471e+05 1.044758392864786438e+05 9.893887906648199714e+04 3.112378978012268482e-01
4.330848289830512288e-01 5.064974695731365717e-01 3.994666144095699867e-01 4.802652574372044958e-01 2.734946478742588116e-01 3.528759492288985333e-01 3.328565160298195824e-01 1.310370190619565110e+05 1.177191930022510933e+05 7.634221954622090561e+04 7.113456976808240870e+04 3.542821699450274253e-01
4.230041137031378962e-01 5.652987570121442706e-01 2.070453360107913920e-01 5.075717231095068227e-01 1.916876119158907321e-01 2.675110281517988353e-01 2.046685896826689333e-01 5.745395573643031821e+04 5.168481831076860544e+04 7.286326856661254715e+04 5.279484796573594940e+04 4.916074939560524104e-01
1.162197303930347037e+00 7.409959613387355759e-01 -7.494601250879351362e-01 -3.206763583999833189e-01 -4.968973022652728444e-02 1.597418623472114385e-01 1.146464012592857351e+00 9.273043031085163238e+04 4.697079512593941035e+04 8.978099331053058268e+04 -2.039273450866673957e+05 9.662750214524699066e-01
5.825253107853687329e-01 4.497204633903623128e-01 6.793556365320486679e-01 4.339744748605907088e-01 3.526677965984246210e-01 4.567083031872758991e-01 5.812190103305145961e-01 1.463589697398831195e+05 1.346628841145455663e+05 7.125018297103272926e+04 1.514273056383952498e+05 3.580969486586454975e-01
7.205744470351725939e-01 5.068385450291843508e-01 5.436374560177320570e-01 4.173165777996161729e-01 3.190019859503542277e-01 4.148198832744312559e-01 4.214745434721220985e-01 9.718632309006675496e+04 7.651313857733616896e+04 8.350767552395022358e+04 1.142867335212085745e+05 3.081514398270599475e-01
3.789707563912713684e-01 5.840473963990010509e-01 6.881679082300745653e-01 3.721984836704651523e-01 2.079463582644835162e-01 3.023364314873094871e-01 2.213067820831184085e-01 1.023320727945009858e+05 9.712954368783485552e+04 6.927845599988404138e+04 5.563930477996705304e+04 5.227930889440105533e-01
6.288511026647267688e-01 5.812532982932668846e-01 5.258128898669223172e-01 5.566884480455909223e-01 3.767144855584760310e-01 4.678701835610516446e-01 4.730330977641368229e-01 2.297905601975493191e+05 1.302444823799630249e+05 1.170153968478083989e+05 1.690232794972919801e+05 3.553371579839664229e-01
6.303955133692020762e-01 6.991204041336820385e-01 4.342542202997062839e-01 6.693437161286156512e-01 8.921538353231329710e-01 5.765390517689208405e-01 5.937625570798281682e-01 9.901103547902686114e+04 9.082932105467878864e+04 7.255743045213450387e+04 4.745412965020713455e+04 2.606625329751702802e-01
