3.497913900389869601e-01 6.700797675284901889e-01 2.909808458461372038e-01 4.032687317981793473e-01 1.949372947140415868e-01 3.348398402373192195e-01 2.617516511393391254e-01 1.065583881333194731e+05 9.893916977362560283e+04 7.079698847902526904e+04 5.377010233535577572e+04 2.214944195304618946e-01
3.151409833465535493e-01 5.903302952171514129e-01 2.055822130931569680e-01 4.305438164265849021e-01 2.254220380702506854e-01 2.872929621605184169e-01 2.513818521456189226e-01 1.392318687427071563e+05 1.321213515391496767e+05 6.921340041513506731e+04 4.405010497892455169e+04 2.147304917571180027e-01
4.901618862455183745e-01 6.494364082409258554e-01 4.492668472279796044e-01 4.723297822366723242e-01 2.781612479366061819e-01 3.675430172063215428e-01 3.920496257249277416e-01 1.105693624980939785e+05 1.101169701061058004e+05 6.964524625301046763e+04 5.813008773642656161e+04 2.195622840828744538e-01
4.638096528363627180e-01 6.204428435885283033e-01 6.553338742536705119e-01 3.854601005004748560e-01 7.640489186972410085e-01 4.083315159992125243e-01 4.957180820531547627e-01 1.350531132874395407e+05 1.282878088636641041e+05 6.899884412545958185e+04 4.790943371303413005e+04 2.107515905913739940e-01
3.285387067464152766e-01 5.926979046404290408e-01 1.815210919440110870e-01 6.641613565236029748e-01 2.077092613933697596e-01 2.577938826011526019e-01 2.476116459385142854e-01 1.577780048228844535e+05 1.511134457381030661e+05 6.847104918052392895e+04 4.155642883011766389e+04 2.113121612263462734e-01
3.989792236355115262e-01 6.246803662361279930e-01 3.121134207204679378e-01 6.122014080490477683e-01 2.154358272248426964e-01 2.997913400805504724e-01 2.578953974261078419e-01 1.248781950396376633e+05 1.176866351380037086e+05 6.969941476758201316e+04 4.983578481427213410e+04 2.237488759028368190e-01
3.373704891799191308e-01 6.164441148909507451e-01 6.706426962601723663e-01 3.421042884883460089e-01 2.721173517056378333e-01 3.484670912385686714e-01 2.567176134389124176e-01 1.089537194952943246e+05 1.007853389569787687e+05 7.099218981569432071e+04 4.702275696818107099e+04 2.028991834623861401e-01
3.427706653207603371e-01 6.115087788460998874e-01 6.736139667286099586e-01 1.851459560883587929e-01 2.769848000471097915e-01 3.628120492975213662e-01 2.601522647983407488e-01 9.212141775554171181e+04 8.209361774225514091e+04 7.403974853066531068e+04 4.748522890499637288e+04 1.999491206153015399e-01
3.446578752745168006e-01 6.050381370752044852e-01 7.010291954474425768e-01 3.398429770330618771e-01 1.932293930084667821e-01 2.327311229039823182e-01 2.481602521941206618e-01 1.511876875939296733e+05 1.440817613121704489e+05 6.881298137379618129e+04 4.173872331187319651e+04 2.189459034194250475e-01
3.845123977106076341e-01 5.446757268641340133e-01 5.129928426787265794e-01 4.701020103828659757e-01 2.478434335569506541e-01 2.745247018668768302e-01 3.539457951576630013e-01 1.458627013768871548e+05 9.444017058805450506e+04 7.204473792528176273e+04 3.579974425273533416e+04 2.656710195919619322e-01
3.468887312284164026e-01 6.042442641049381447e-01 7.098715879466130918e-01 6.441991464536546419e-02 1.997338748467703817e-01 2.484065979612757602e-01 2.405257031458364059e-01 1.361555990285175794e+05 1.288979304978882137e+05 6.935666966222807241e+04 4.283049906143239059e+04 2.123933642852461057e-01
7.186471252585036051e-01 6.137972907895686836e-01 2.395387168265964151e-01 6.828561564324645561e-01 5.586277743876268964e-01 3.999037107512751765e-01 4.029913795711935753e-01 1.173908760222708661e+05 1.094446865659417817e+05 7.076557890479784692e+04 5.107756901264516637e+04 2.182282080994798756e-01
5.678883037410724643e-01 6.023383514612916656e-01 2.089837039367850591e-01 6.665711720617695235e-01 2.013607712297741936e-01 2.876098233547844663e-01 2.516290522865572421e-01 1.302508419140483311e+05 1.244805212226510484e+05 6.872755180580441083e+04 3.940246282047637942e+04 2.093795495526509232e-01
3.181078698021581608e-01 5.720572656558275959e-01 6.399622813615883921e-01 3.006201861464799507e-01 2.466278391729164188e-01 2.463118869741516559e-01 2.575676477910622819e-01 1.587888563361771230e+05 1.511253779559224495e+05 6.894878866670579009e+04 4.178127125268869713e+04 2.100218775410933325e-01
3.330916421873874600e-01 6.374601534782791123e-01 2.513090374587075848e-01 3.845545051679279958e-01 1.583577376851197094e-01 2.398251545399192330e-01 2.499654060381721332e-01 1.684904988175336039e+05 1.613610506780436262e+05 6.850265958678658353e+04 4.066250801898662030e+04 2.138772671262677838e-01
3.532789053330734896e-01 6.296249899021786334e-01 7.236132182046256522e-01 3.464088645353102236e-01 1.986807790964019160e-01 2.942609552604659173e-01 2.432780117498317130e-01 1.072768498848585295e+05 9.938960228282999014e+04 7.080218427628137579e+04 4.832003523859287816e+04 2.149551015140025723e-01
3.544815502090696846e-01 6.298876686873243758e-01 7.316995703685518215e-01 2.431432143521602418e-01 2.087052049588940528e-01 3.188300511668668014e-01 2.451843532398633452e-01 8.799185162457995466e+04 7.790501676359855628e+04 7.421500485783166368e+04 5.064396543831341842e+04 2.125436158492537975e-01
5.798738376492910129e-01 6.063672234890900015e-01 6.342633483984543297e-01 4.569019776486155093e-01 8.638990526126653080e-01 4.912089828357658061e-01 7.225841209439286539e-01 1.182964909624173306e+05 1.097441362143012375e+05 7.097866648934599652e+04 5.285203437867449247e+04 2.176867398633492712e-01
3.407063437623206181e-01 6.170672810525413832e-01 1.904100173599031498e-01 6.783604774678828608e-01 2.270436281100884635e-01 3.296127775888607059e-01 2.497390151256294044e-01 1.102608593708552798e+05 1.024976456025695079e+05 7.057020950450470264e+04 4.957742888276103622e+04 2.084128231216328397e-01
6.303955133692020762e-01 6.991204041336820385e-01 4.342542202997062839e-01 6.693437161286156512e-01 8.921538353231329710e-01 5.765390517689208405e-01 5.937625570798281682e-01 9.901103547902686114e+04 9.082932105467878864e+04 7.255743045213450387e+04 4.745412965020713455e+04 2.606625329751702802e-01
