1.000000000000000000e+00
1.800000000000000000e+01
2.500000000000000000e+01
2.600000000000000000e+01
3.300000000000000000e+01
5.000000000000000000e+01
5.800000000000000000e+01
6.100000000000000000e+01
7.200000000000000000e+01
7.800000000000000000e+01
8.200000000000000000e+01
9.000000000000000000e+01
1.050000000000000000e+02
1.090000000000000000e+02
1.100000000000000000e+02
1.130000000000000000e+02
1.230000000000000000e+02
1.310000000000000000e+02
1.570000000000000000e+02
1.940000000000000000e+02
2.030000000000000000e+02
2.040000000000000000e+02
2.090000000000000000e+02
2.100000000000000000e+02
2.140000000000000000e+02
2.160000000000000000e+02
2.220000000000000000e+02
2.300000000000000000e+02
2.460000000000000000e+02
2.550000000000000000e+02
